--------------------------------------------------------------------------------
S H A P E   v2.1         Continuous Shape Measures calculation
(c) 2013  Electronic Structure Group, Universitat de Barcelona
                   Contact:  llunell@ub.edu                   
--------------------------------------------------------------------------------

coordination ZF2 

SP-4            1 D4h   Square                                             
T-4             2 Td    Tetrahedron                                        
SS-4            3 C2v   Seesaw                                             
vTBPY-4         4 C3v   Vacant trigonal bipyramid                          

Structure [ML4 ]         SP-4          T-4         SS-4      vTBPY-4
 0              ,      30.990,       0.700,       8.189,       1.964
 500            ,      31.692,       0.683,       8.323,       2.527
 1000           ,      31.777,       0.576,       8.625,       2.493
 1500           ,      30.277,       0.742,       8.634,       2.521
 2000           ,      30.597,       0.370,       7.787,       3.227
 2500           ,      31.403,       1.050,       7.435,       1.630
 3000           ,      28.943,       0.807,       7.083,       2.694
 3500           ,      31.540,       0.756,       7.212,       2.025
 4000           ,      32.359,       0.430,       8.375,       3.000
 4500           ,      30.957,       0.887,       6.761,       1.858
 5000           ,      29.952,       1.623,       5.849,       1.423
 5500           ,      30.862,       0.595,       8.309,       2.530
 6000           ,      32.467,       0.592,       8.485,       1.841
 6500           ,      32.486,       0.801,       7.886,       1.696
 7000           ,      30.606,       1.072,       6.311,       1.751
 7500           ,      29.982,       1.104,       7.022,       1.518
 8000           ,      32.267,       0.433,       9.097,       2.719
 8500           ,      29.973,       1.267,       7.604,       1.790
 9000           ,      30.491,       0.945,       7.116,       1.596
 9500           ,      29.535,       0.789,       7.391,       2.229
 10000          ,      29.514,       0.989,       6.344,       2.009
 10500          ,      28.636,       1.171,       5.785,       1.910
 11000          ,      31.989,       0.526,       8.824,       2.700
 11500          ,      32.098,       0.373,       9.036,       3.231
 12000          ,      32.577,       0.495,       8.961,       2.475
 12500          ,      32.561,       0.640,       8.096,       2.277
 13000          ,      30.345,       0.630,       7.238,       2.642
 13500          ,      32.487,       0.519,       8.598,       2.373
 14000          ,      33.337,       0.622,       8.916,       1.895
 14500          ,      32.145,       0.228,       8.957,       2.683
 15000          ,      29.919,       0.561,       6.965,       2.643
 15500          ,      31.205,       0.929,       8.857,       2.503
 16000          ,      28.217,       1.263,       6.119,       1.688
 16500          ,      30.941,       0.429,       8.358,       2.472
 17000          ,      31.469,       0.642,       8.814,       2.289
 17500          ,      29.408,       0.865,       6.753,       2.107
 18000          ,      30.583,       0.674,       7.324,       1.926
 18500          ,      32.752,       0.567,       7.968,       2.392
 19000          ,      30.780,       0.604,       7.522,       2.691
 19500          ,      31.358,       0.880,       7.936,       2.052
 20000          ,      31.100,       0.623,       7.882,       2.069
 20500          ,      31.594,       0.593,       9.078,       2.907
 21000          ,      32.053,       0.629,       7.733,       2.507
 21500          ,      30.887,       0.794,       8.504,       3.075
 22000          ,      31.928,       0.521,       8.640,       2.408
 22500          ,      31.125,       0.678,       7.540,       2.555
 23000          ,      33.149,       0.767,       8.121,       1.870
 23500          ,      30.824,       1.138,       8.472,       2.332
 24000          ,      31.857,       0.593,       8.139,       1.855
 24500          ,      33.345,       0.479,       9.196,       2.841
 25000          ,      32.495,       0.642,       8.841,       2.098
 25500          ,      30.760,       0.617,       8.864,       2.771
 26000          ,      32.259,       0.640,       7.705,       2.247
 26500          ,      31.977,       0.767,       8.742,       1.738
 27000          ,      33.192,       0.320,       8.830,       2.369
 27500          ,      30.404,       0.851,       7.037,       2.262
 28000          ,      31.315,       0.625,       8.274,       1.944
 28500          ,      33.029,       0.432,       8.140,       2.521
 29000          ,      32.506,       0.552,       9.044,       2.526
 29500          ,      32.651,       0.676,       8.040,       1.896
 30000          ,      31.169,       0.675,       7.591,       2.173
 30500          ,      31.409,       0.337,       8.222,       3.054
 31000          ,      31.652,       0.814,       7.260,       2.057
 31500          ,      32.203,       0.721,       7.293,       2.274
 32000          ,      31.733,       0.460,       8.677,       2.446
 32500          ,      31.376,       1.028,       7.970,       1.702
 33000          ,      29.049,       0.849,       7.060,       2.676
 33500          ,      32.083,       0.707,       8.569,       2.256
 34000          ,      31.068,       0.596,       8.545,       2.405
 34500          ,      29.814,       0.559,       7.858,       3.163
 35000          ,      29.990,       0.804,       6.426,       2.072
 35500          ,      28.322,       0.636,       7.597,       3.410
 36000          ,      32.720,       0.772,       8.368,       1.877
 36500          ,      29.406,       0.619,       8.100,       2.857
 37000          ,      30.691,       0.429,       8.546,       3.375
 37500          ,      30.576,       0.617,       7.220,       2.672
 38000          ,      30.021,       0.587,       8.539,       3.125
 38500          ,      30.962,       0.680,       9.145,       2.446
 39000          ,      30.490,       0.719,       8.032,       2.614
 39500          ,      29.757,       0.486,       8.031,       3.308
 40000          ,      33.081,       0.398,       8.759,       3.163
 40500          ,      30.128,       0.721,       8.458,       2.380
 41000          ,      29.479,       0.773,       7.599,       1.970
 41500          ,      32.056,       0.969,       8.166,       1.251
 42000          ,      31.309,       0.498,       8.261,       2.071
 42500          ,      30.625,       0.597,       8.062,       2.892
 43000          ,      30.089,       0.562,       8.107,       2.760
 43500          ,      32.501,       0.733,       8.131,       1.736
 44000          ,      32.818,       0.413,       8.517,       2.201
 44500          ,      29.501,       1.035,       6.962,       2.476
 45000          ,      30.450,       0.831,       8.996,       2.491
 45500          ,      32.496,       0.478,       8.771,       2.088
 46000          ,      31.116,       0.755,       7.462,       1.864
 46500          ,      32.240,       0.462,       8.632,       3.196
 47000          ,      32.143,       0.430,       8.340,       2.893
 47500          ,      31.393,       1.002,       8.427,       1.675
 48000          ,      30.720,       0.823,       7.034,       2.200
 48500          ,      31.185,       0.575,       9.191,       3.046
 49000          ,      31.021,       0.443,       8.959,       3.447
 49500          ,      30.610,       0.693,       8.262,       2.768
 50000          ,      31.613,       0.852,       7.436,       1.682
 50500          ,      32.680,       0.885,       7.953,       1.892
 51000          ,      30.900,       0.975,       6.631,       2.250
 51500          ,      32.519,       0.777,       8.404,       2.209
 52000          ,      31.813,       0.581,       8.845,       2.366
 52500          ,      31.893,       0.653,       9.262,       3.176
 53000          ,      33.065,       0.719,       8.684,       1.889
 53500          ,      28.858,       0.854,       6.910,       2.270
 54000          ,      33.214,       0.551,       8.228,       2.391
 54500          ,      31.773,       0.595,       8.150,       2.405
 55000          ,      29.157,       1.041,       7.415,       3.175
 55500          ,      33.239,       0.684,       8.408,       2.687
 56000          ,      32.629,       0.515,       8.399,       2.320
 56500          ,      33.004,       0.356,       8.749,       2.460
 57000          ,      27.933,       1.563,       4.826,       1.860
 57500          ,      31.074,       0.510,       7.690,       2.413
 58000          ,      31.059,       0.587,       8.474,       2.519
 58500          ,      32.019,       0.718,       8.459,       2.019
 59000          ,      31.104,       1.421,       6.932,       1.372
 59500          ,      28.202,       0.691,       7.339,       2.835
 60000          ,      30.513,       0.821,       7.382,       1.908
 60500          ,      32.677,       0.712,       7.957,       1.803
 61000          ,      30.610,       0.748,       7.461,       2.147
 61500          ,      32.190,       1.135,       7.854,       1.651
 62000          ,      31.503,       0.813,       7.635,       1.745
 62500          ,      31.519,       1.200,       7.683,       1.248
 63000          ,      29.216,       0.616,       7.989,       2.173
 63500          ,      28.216,       1.106,       6.850,       2.284
 64000          ,      31.559,       0.988,       8.535,       1.985
 64500          ,      31.422,       0.678,       8.055,       2.629
 65000          ,      29.692,       1.358,       6.345,       1.685
 65500          ,      30.001,       0.985,       7.267,       1.691
 66000          ,      28.998,       0.991,       6.031,       2.191
 66500          ,      30.262,       1.681,       6.280,       1.357
 67000          ,      27.741,       1.361,       6.387,       1.632
 67500          ,      32.588,       0.857,       8.572,       1.826
 68000          ,      26.355,       1.198,       6.359,       2.760
 68500          ,      30.772,       0.754,       7.724,       2.237
 69000          ,      32.714,       0.734,       8.217,       1.370
 69500          ,      27.657,       1.009,       6.283,       2.304
 70000          ,      30.239,       0.736,       7.509,       2.504
 70500          ,      32.147,       0.698,       8.524,       2.162
 71000          ,      28.495,       1.245,       8.326,       2.286
 71500          ,      30.427,       1.230,       6.660,       2.009
 72000          ,      32.351,       0.814,       8.431,       1.770
 72500          ,      31.275,       0.871,       7.526,       2.003
 73000          ,      29.421,       1.223,       7.397,       1.870
 73500          ,      32.115,       0.770,       7.677,       1.707
 74000          ,      30.402,       1.201,       7.931,       2.801
 74500          ,      30.985,       0.896,       8.575,       1.928
 75000          ,      31.155,       1.003,       6.798,       1.834
 75500          ,      30.072,       1.063,       7.284,       2.314
 76000          ,      30.306,       0.928,       8.220,       2.131
 76500          ,      29.767,       1.106,       7.659,       2.776
 77000          ,      30.740,       0.664,       8.676,       3.126
 77500          ,      31.124,       1.063,       7.969,       1.683
 78000          ,      31.816,       0.617,       8.207,       2.193
 78500          ,      28.697,       1.105,       6.457,       2.293
 79000          ,      29.113,       1.130,       8.710,       2.152
 79500          ,      32.191,       0.621,       8.515,       1.930
 80000          ,      31.307,       0.329,       8.647,       2.823
 80500          ,      32.585,       0.857,       8.311,       1.925
 81000          ,      31.483,       0.608,       7.434,       2.707
 81500          ,      32.889,       0.515,       8.544,       2.948
 82000          ,      29.663,       1.493,       5.929,       1.701
 82500          ,      31.753,       0.408,       9.377,       3.151
 83000          ,      29.556,       0.707,       7.523,       2.345
 83500          ,      32.498,       0.604,       8.476,       2.479
 84000          ,      33.191,       0.364,       8.572,       2.303
 84500          ,      32.061,       0.658,       8.593,       1.755
 85000          ,      29.734,       0.443,       8.406,       2.799
 85500          ,      31.297,       0.627,       7.979,       2.182
 86000          ,      31.987,       0.761,       7.566,       1.672
 86500          ,      31.550,       0.516,       9.141,       2.628
 87000          ,      32.281,       0.610,       7.712,       2.140
 87500          ,      31.461,       0.697,       8.984,       2.141
 88000          ,      31.622,       0.672,       8.728,       1.836
 88500          ,      30.543,       0.546,       8.231,       2.471
 89000          ,      30.505,       0.745,       8.317,       3.117
 89500          ,      29.595,       0.483,       7.634,       3.225
 90000          ,      27.884,       1.141,       7.855,       2.383
 90500          ,      32.682,       0.594,       8.224,       2.723
 91000          ,      33.184,       0.318,       8.758,       2.469
 91500          ,      32.626,       0.522,       7.898,       2.758
 92000          ,      32.366,       0.466,       8.393,       2.522
 92500          ,      32.663,       0.450,       8.799,       2.551
 93000          ,      30.301,       0.601,       8.269,       2.215
 93500          ,      28.574,       1.058,       5.889,       2.330
 94000          ,      30.719,       0.646,       7.473,       2.186
 94500          ,      27.921,       0.999,       7.243,       2.425
 95000          ,      31.178,       0.668,       7.021,       2.121
 95500          ,      29.472,       0.851,       7.763,       2.612
 96000          ,      31.975,       0.581,       8.037,       2.261
 96500          ,      30.810,       0.819,       7.839,       2.684
 97000          ,      31.693,       0.332,       8.223,       2.686
 97500          ,      29.688,       0.517,       7.983,       2.636
 98000          ,      30.355,       0.612,       8.213,       3.207
 98500          ,      32.023,       0.616,       8.036,       2.620
 99000          ,      31.303,       0.748,       8.068,       2.330
 99500          ,      32.180,       0.559,       8.565,       2.674
 100000         ,      30.781,       1.034,       6.681,       2.375
 100500         ,      32.575,       0.562,       8.767,       2.152
 101000         ,      30.443,       0.475,       8.143,       2.899
 101500         ,      32.201,       0.617,       8.772,       2.151
 102000         ,      32.558,       0.486,       9.279,       2.614
 102500         ,      31.570,       0.762,       7.951,       1.585
 103000         ,      28.056,       1.106,       7.446,       3.164
 103500         ,      33.179,       0.365,       8.741,       2.545
 104000         ,      32.667,       0.320,       9.689,       3.257
 104500         ,      30.797,       0.824,       9.062,       2.416
 105000         ,      32.620,       1.088,       8.097,       1.230
 105500         ,      31.647,       0.674,       8.055,       3.250
 106000         ,      30.972,       0.620,       8.682,       2.320
 106500         ,      28.055,       0.840,       7.578,       2.628
 107000         ,      30.989,       0.451,       8.736,       3.159
 107500         ,      27.827,       0.914,       6.902,       2.424
 108000         ,      30.253,       0.445,       8.361,       3.186
 108500         ,      30.960,       0.605,       9.133,       2.534
 109000         ,      28.184,       0.794,       6.967,       3.068
 109500         ,      29.121,       0.773,       7.760,       2.178
 110000         ,      32.033,       1.040,       8.105,       1.736
 110500         ,      31.373,       0.404,       8.943,       3.194
 111000         ,      29.966,       1.050,       7.700,       2.352
 111500         ,      29.815,       0.622,       7.335,       2.457
 112000         ,      31.713,       0.524,       8.910,       2.969
 112500         ,      31.924,       0.648,       7.954,       2.072
 113000         ,      32.142,       0.539,       8.891,       2.665
 113500         ,      29.125,       0.868,       7.122,       2.568
 114000         ,      31.720,       0.600,       7.689,       2.406
 114500         ,      28.382,       1.026,       8.129,       2.954
 115000         ,      32.205,       0.725,       6.921,       2.645
 115500         ,      31.434,       0.538,       7.804,       2.727
 116000         ,      33.097,       0.729,       8.396,       1.775
 116500         ,      32.174,       0.823,       7.924,       1.777
 117000         ,      27.884,       0.656,       7.443,       3.933
 117500         ,      30.355,       0.619,       7.561,       2.217
 118000         ,      29.389,       0.863,       8.018,       2.067
 118500         ,      31.012,       0.671,       7.618,       2.799
 119000         ,      32.055,       0.694,       8.036,       1.893
 119500         ,      32.697,       0.604,       8.419,       2.322
 120000         ,      32.754,       0.719,       8.311,       1.968
 120500         ,      27.154,       1.195,       7.624,       2.598
 121000         ,      31.961,       0.655,       8.924,       2.274
 121500         ,      31.907,       0.313,       9.008,       3.152
 122000         ,      32.597,       1.174,       7.695,       1.175
 122500         ,      32.153,       0.358,       8.465,       2.845
 123000         ,      30.370,       1.146,       7.287,       1.656
 123500         ,      28.035,       0.890,       6.848,       2.928
 124000         ,      30.719,       0.751,       8.481,       2.305
 124500         ,      27.129,       1.277,       7.182,       2.967
 125000         ,      29.579,       0.927,       7.300,       2.295
 125500         ,      30.467,       0.585,       7.796,       2.597
 126000         ,      31.190,       0.716,       7.709,       2.176
 126500         ,      31.153,       0.648,       8.779,       2.768
 127000         ,      29.115,       0.960,       7.162,       1.879
 127500         ,      29.467,       0.779,       7.424,       2.448
 128000         ,      31.575,       0.692,       8.502,       2.997
 128500         ,      32.653,       0.472,       8.765,       2.377
 129000         ,      30.501,       0.533,       7.998,       2.621
 129500         ,      29.888,       0.563,       7.471,       2.234
 130000         ,      30.835,       0.952,       8.340,       1.788
 130500         ,      30.114,       1.047,       7.704,       1.624
 131000         ,      31.922,       0.434,       9.013,       2.811
 131500         ,      28.216,       0.837,       7.662,       2.692
 132000         ,      29.988,       0.945,       7.131,       2.933
 132500         ,      30.467,       0.385,       8.030,       2.565
 133000         ,      31.570,       1.506,       6.971,       1.373
 133500         ,      32.395,       0.616,       8.313,       1.953
 134000         ,      32.010,       0.290,       9.026,       3.305
 134500         ,      32.433,       0.267,       9.045,       2.586
 135000         ,      32.214,       0.562,       8.942,       2.417
 135500         ,      31.226,       0.568,       8.637,       2.331
 136000         ,      32.202,       0.875,       7.252,       1.444
 136500         ,      30.476,       0.809,       7.266,       2.699
 137000         ,      32.125,       0.364,       8.760,       2.578
 137500         ,      29.148,       0.704,       7.080,       2.278
 138000         ,      36.801,      23.302,      21.598,      22.130
 138500         ,      32.813,      11.332,      15.533,      13.494
 139000         ,      35.257,      13.786,      18.056,      14.553
 139500         ,      35.394,      12.885,      18.418,      14.213
 140000         ,      37.148,      16.254,      20.580,      17.776
 140500         ,      39.502,      17.408,      22.591,      17.965
 141000         ,      40.014,      16.274,      21.602,      16.787
 141500         ,      40.856,      16.235,      22.023,      17.278
 142000         ,      34.226,      10.512,      15.457,      13.446
 142500         ,      27.888,      12.565,      14.996,      14.481
 143000         ,      32.452,      13.854,      16.950,      15.223
 143500         ,      34.903,      13.499,      17.840,      14.805
 144000         ,      37.264,      17.997,      19.687,      18.483
 144500         ,      31.747,      12.206,      16.560,      14.411
 145000         ,      35.972,      12.022,      18.341,      13.065
 145500         ,      32.199,      14.582,      17.850,      16.441
 146000         ,      35.563,      13.964,      17.585,      14.814
 146500         ,      27.419,      15.059,      15.956,      16.200
 147000         ,      28.776,      13.565,      15.933,      14.387
 147500         ,      36.061,      12.726,      17.280,      14.014
 148000         ,      36.716,      16.617,      20.360,      17.497
 148500         ,      35.517,      19.291,      21.456,      20.211
 149000         ,      38.088,      20.158,      22.432,      19.473
 149500         ,      32.042,      19.941,      18.836,      18.771
 150000         ,      33.500,      15.287,      17.959,      15.002
 150500         ,      34.515,      19.722,      20.280,      19.000
 151000         ,      35.160,      19.100,      20.546,      18.859
 151500         ,      32.499,      21.372,      19.141,      19.400
 152000         ,      37.981,      18.626,      21.734,      18.125
 152500         ,      35.231,      17.327,      19.406,      17.972
 153000         ,      34.474,      20.780,      19.841,      20.733
 153500         ,      28.035,      19.798,      17.475,      20.338
 154000         ,      36.053,      17.921,      20.621,      19.060
 154500         ,      32.728,      21.628,      19.746,      20.406
 155000         ,      33.768,      17.144,      19.290,      17.557
 155500         ,      32.306,      19.919,      18.879,      19.904
 156000         ,      24.511,      22.712,      17.445,      22.721
 156500         ,      35.599,      14.400,      18.946,      16.240
 157000         ,      39.342,      16.704,      21.625,      17.310
 157500         ,      35.676,      12.826,      18.231,      13.322
 158000         ,      35.834,      11.993,      17.715,      13.322
 158500         ,      35.710,      17.217,      20.641,      17.174
 159000         ,      42.212,      21.329,      26.317,      21.809
 159500         ,      31.163,      18.899,      18.358,      18.410
 160000         ,      37.868,      14.792,      20.045,      15.720
 160500         ,      37.545,      12.618,      19.167,      14.695
 161000         ,      39.346,      14.341,      20.434,      15.313
 161500         ,      37.918,      22.092,      22.708,      20.689
 162000         ,      30.766,      18.052,      18.902,      19.216
 162500         ,      24.838,      19.806,      15.882,      18.942
 163000         ,      22.560,      18.391,      14.999,      19.207
 163500         ,      29.845,      30.482,      23.014,      28.478
 164000         ,      35.004,      26.228,      23.222,      25.191
 164500         ,      31.193,      32.733,      25.865,      28.433
 165000         ,      33.583,      15.432,      18.855,      15.381
 165500         ,      26.063,      33.071,      22.846,      29.196
 166000         ,      34.312,      32.532,      26.532,      27.527
 166500         ,      26.424,      30.372,      22.625,      26.698
 167000         ,      33.213,      38.672,      29.312,      34.196
 167500         ,      38.314,      24.783,      24.917,      22.340
 168000         ,      35.869,      27.104,      24.794,      24.394
 168500         ,      26.063,      33.246,      23.795,      29.540
 169000         ,      35.026,      35.189,      27.688,      30.406
 169500         ,      25.216,      31.534,      21.859,      28.140
 170000         ,      31.557,      12.970,      15.682,      14.251
 170500         ,      38.797,      27.181,      26.085,      23.897
 171000         ,      33.361,      31.191,      24.644,      27.169
 171500         ,      24.639,      33.875,      23.494,      31.060
 172000         ,      20.289,      31.593,      20.238,      29.953
 172500         ,      37.965,      14.630,      20.773,      16.130
 173000         ,      38.970,      16.078,      22.086,      17.584
 173500         ,      25.952,      18.117,      17.074,      19.362
 174000         ,      30.894,      11.365,      14.743,      12.682
 174500         ,      39.336,      41.128,      33.362,      36.136
 175000         ,      39.402,      50.055,      35.750,      43.325
 175500         ,      51.294,      53.018,      43.528,      45.281
 176000         ,      41.573,      52.553,      38.558,      45.209
 176500         ,      49.475,      55.751,      44.376,      48.165
 177000         ,      38.760,      52.469,      36.620,      48.801
 177500         ,      48.654,      45.664,      39.086,      41.260
 178000         ,      39.427,      45.422,      35.044,      40.785
 178500         ,      42.666,      52.335,      41.084,      46.309
 179000         ,      46.804,      51.797,      39.917,      45.255
 179500         ,      47.885,      53.044,      43.910,      46.331
 180000         ,      42.883,      50.012,      37.914,      41.256
 180500         ,      51.090,      54.673,      45.064,      46.444
 181000         ,      48.361,      53.801,      43.417,      45.711
 181500         ,      38.245,      41.999,      29.784,      35.285
 182000         ,      18.524,      30.863,      13.233,      27.510
 182500         ,      21.688,      10.743,       5.252,       9.251
 183000         ,      18.704,      11.142,       5.003,      10.619
 183500         ,      37.898,      38.094,      27.556,      34.967
 184000         ,      41.599,      29.947,      25.558,      27.521
 184500         ,      48.713,      35.259,      32.529,      33.304
 185000         ,      49.220,      43.141,      36.751,      38.639
 185500         ,      53.329,      50.068,      42.398,      45.091
 186000         ,      54.019,      49.992,      43.126,      44.672
 186500         ,      46.545,      44.935,      36.420,      41.219
 187000         ,      48.032,      41.691,      35.706,      38.628
 187500         ,      48.606,      42.882,      36.125,      39.814
 188000         ,      50.989,      38.992,      35.759,      36.680
 188500         ,      48.920,      36.861,      33.978,      34.013
 189000         ,      49.896,      45.137,      38.184,      41.094
 189500         ,      45.290,      40.869,      32.825,      37.142
 190000         ,      52.083,      42.167,      38.468,      39.713
 190500         ,      50.719,      44.123,      38.234,      40.475
 191000         ,      49.629,      41.932,      36.437,      38.884
 191500         ,      49.043,      37.436,      33.657,      35.173
 192000         ,      52.967,      46.036,      40.711,      42.456
 192500         ,      53.337,      48.153,      41.900,      43.839
 193000         ,      52.215,      51.837,      43.052,      45.273
 193500         ,      54.408,      53.650,      46.544,      48.446
 194000         ,      53.367,      52.768,      45.880,      46.883
 194500         ,      53.433,      53.400,      45.694,      48.344
 195000         ,      51.033,      57.241,      47.176,      52.491
 195500         ,      53.874,      58.512,      49.312,      53.021
 196000         ,      51.438,      56.001,      46.550,      50.985
 196500         ,      53.884,      55.320,      47.479,      49.469
 197000         ,      54.914,      56.794,      48.274,      49.087
 197500         ,      47.931,      52.071,      40.607,      46.475
 198000         ,      52.690,      54.381,      45.219,      46.796
 198500         ,      54.319,      55.114,      47.885,      48.892
 199000         ,      50.955,      56.784,      46.378,      49.489
 199500         ,      50.146,      52.316,      43.755,      46.599
 200000         ,      53.931,      50.405,      42.921,      43.669
 200500         ,      39.740,      47.069,      33.682,      39.900
 201000         ,      32.988,      43.805,      28.851,      35.273
 201500         ,      42.872,      51.220,      39.465,      42.794
 202000         ,      16.960,      33.594,      15.024,      30.358
 202500         ,      48.599,      52.253,      43.358,      45.476
 203000         ,      55.548,      53.296,      46.680,      47.510
 203500         ,      46.378,      50.791,      41.441,      44.806
 204000         ,      45.989,      50.827,      41.407,      44.110
 204500         ,      52.141,      50.677,      43.515,      44.150
 205000         ,      30.095,      36.422,      25.642,      33.360
 205500         ,      37.634,      44.026,      34.332,      37.037
 206000         ,      48.047,      50.568,      41.777,      44.940
 206500         ,      50.491,      49.672,      42.663,      44.215
 207000         ,      53.971,      56.892,      47.613,      49.200
 207500         ,      55.602,      56.133,      48.851,      49.847
 208000         ,      51.075,      51.835,      44.016,      45.336
 208500         ,      44.691,      54.590,      42.641,      49.239
 209000         ,      48.524,      45.130,      38.725,      39.560
 209500         ,      54.254,      51.091,      44.782,      46.509
 210000         ,      49.252,      52.069,      43.100,      46.157
 210500         ,      47.457,      51.786,      40.253,      43.754
 211000         ,      45.694,      47.531,      39.305,      41.583
 211500         ,      44.531,      44.186,      36.437,      38.515
 212000         ,      42.555,      45.295,      36.634,      39.021
 212500         ,      37.994,      31.333,      26.741,      27.454
 213000         ,      34.971,      25.468,      23.346,      22.596
 213500         ,      31.536,      25.450,      21.235,      23.261
 214000         ,      28.672,      25.993,      20.105,      24.295
 214500         ,      34.044,      28.601,      23.015,      25.624
 215000         ,      41.380,      32.871,      29.379,      28.675
 215500         ,      37.311,      25.566,      25.012,      23.245
 216000         ,      36.805,      29.830,      26.041,      27.519
 216500         ,      37.181,      43.028,      34.865,      36.003
 217000         ,      37.408,      39.291,      32.063,      32.485
 217500         ,      43.553,      52.263,      40.156,      43.897
 218000         ,      47.488,      45.559,      39.229,      38.804
 218500         ,      42.966,      39.656,      34.558,      33.586
 219000         ,      28.763,      42.067,      20.964,      29.607
 219500         ,      38.278,      49.454,      27.769,      38.257
 220000         ,      34.517,      54.493,      31.060,      47.982
 220500         ,      34.062,      47.479,      23.731,      36.281
 221000         ,      35.296,      47.831,      37.575,      45.738
 221500         ,      35.385,      46.323,      34.728,      44.017
 222000         ,      37.585,      45.049,      27.431,      28.778
 222500         ,      37.755,      48.387,      31.672,      35.294
 223000         ,      35.825,      46.916,      27.982,      33.972
 223500         ,      51.967,      57.232,      41.153,      42.850
 224000         ,      38.314,      50.404,      36.873,      48.240
 224500         ,      39.121,      52.150,      32.665,      42.004
 225000         ,      37.014,      52.506,      35.197,      50.881
 225500         ,      47.519,      60.210,      39.297,      46.330
 226000         ,      52.640,      61.094,      49.913,      56.837
 226500         ,      52.382,      61.374,      48.939,      55.355
 227000         ,      50.378,      59.031,      50.648,      55.245
 227500         ,      48.406,      56.253,      37.147,      42.585
 228000         ,      43.064,      58.127,      37.638,      48.342
 228500         ,      67.248,      76.250,      56.023,      66.077
 229000         ,      73.063,      78.669,      64.923,      68.261
 229500         ,      52.551,      63.185,      45.209,      51.823
 230000         ,      56.910,      62.567,      50.577,      56.768
 230500         ,      55.511,      59.996,      45.809,      55.955
 231000         ,      69.582,      72.331,      63.363,      67.994
 231500         ,      50.686,      58.693,      44.715,      55.187
 232000         ,      40.497,      47.378,      36.482,      44.328
 232500         ,      59.441,      67.718,      51.839,      61.662
 233000         ,      42.001,      57.300,      45.089,      55.913
 233500         ,      59.693,      69.820,      54.035,      64.410
 234000         ,      49.656,      64.054,      47.941,      60.120
 234500         ,      39.317,      58.762,      43.336,      54.186
 235000         ,      39.614,      57.961,      45.315,      55.151
 235500         ,      33.032,      54.049,      35.199,      48.652
 236000         ,      30.580,      50.954,      35.202,      47.326
 236500         ,      34.688,      51.851,      37.076,      47.819
 237000         ,      40.437,      50.652,      41.036,      43.522
 237500         ,      35.389,      54.428,      35.820,      48.117
 238000         ,      39.807,      54.598,      42.969,      48.568
 238500         ,      45.902,      58.963,      42.797,      52.497
 239000         ,      42.132,      58.067,      39.533,      50.180
 239500         ,      44.864,      58.949,      43.587,      53.219
 240000         ,      36.894,      55.698,      37.565,      49.419
 240500         ,      33.587,      53.240,      38.759,      47.718
 241000         ,      35.050,      53.396,      41.993,      48.498
 241500         ,      35.268,      52.926,      37.455,      45.431
 242000         ,      34.297,      50.862,      39.527,      46.301
 242500         ,      34.575,      49.173,      38.764,      44.500
 243000         ,      25.022,      37.276,      26.342,      33.968
 243500         ,      34.052,      28.884,      24.131,      23.138
 244000         ,      32.945,      36.731,      27.968,      33.524
 244500         ,      25.605,      30.750,      21.738,      26.044
 245000         ,      24.862,      32.213,      22.751,      27.338
 245500         ,      26.515,      35.406,      26.042,      29.083
 246000         ,      34.980,      32.890,      25.427,      25.527
 246500         ,      36.354,      38.275,      28.960,      31.342
 247000         ,      33.508,      38.637,      32.044,      31.719
 247500         ,      32.687,      36.122,      31.848,      33.254
 248000         ,      35.422,      38.085,      30.739,      35.414
 248500         ,      37.027,      41.239,      33.489,      38.323
 249000         ,      31.261,      34.847,      29.849,      31.397
 249500         ,      36.510,      41.310,      32.751,      37.366
 250000         ,      37.806,      42.565,      32.050,      35.925
 250500         ,      50.039,      55.372,      45.422,      50.893
 251000         ,      47.450,      52.647,      42.539,      47.451
 251500         ,      41.155,      46.246,      36.240,      42.115
 252000         ,      42.028,      50.295,      41.564,      46.200
 252500         ,      33.303,      42.393,      32.382,      37.184
 253000         ,      35.530,      45.122,      27.460,      40.949
 253500         ,      40.428,      51.897,      36.483,      46.694
 254000         ,      47.521,      50.909,      31.824,      45.126
 254500         ,      40.649,      45.661,      29.440,      39.515
 255000         ,      40.826,      47.774,      30.603,      42.842
 255500         ,      40.076,      52.020,      33.985,      46.405
 256000         ,      34.742,      41.920,      27.384,      37.348
 256500         ,      38.664,      48.059,      37.059,      45.230
 257000         ,      41.408,      48.318,      32.155,      42.451
 257500         ,      36.471,      40.816,      27.326,      36.854
 258000         ,      30.850,      43.480,      25.635,      36.338
 258500         ,      32.042,      45.995,      30.442,      41.927
 259000         ,      42.172,      54.646,      39.143,      47.694
 259500         ,      47.926,      57.403,      39.789,      50.482
 260000         ,      37.353,      52.273,      35.421,      48.288
 260500         ,      43.377,      51.236,      39.827,      46.481
 261000         ,      38.514,      51.264,      42.322,      47.317
 261500         ,      50.534,      62.060,      51.227,      57.033
 262000         ,      55.235,      60.625,      47.857,      51.291
 262500         ,      59.313,      67.441,      57.269,      61.259
 263000         ,      56.830,      65.393,      58.760,      60.479
 263500         ,      49.773,      58.746,      49.835,      55.018
 264000         ,      44.325,      59.451,      50.898,      55.049
 264500         ,      45.393,      57.789,      48.154,      52.044
 265000         ,      48.021,      52.124,      45.955,      47.633
 265500         ,      38.690,      48.629,      40.031,      43.964
 266000         ,      48.202,      61.975,      48.976,      55.166
 266500         ,      53.869,      62.325,      49.210,      56.616
 267000         ,      39.876,      58.089,      47.888,      54.189
 267500         ,      48.767,      57.449,      48.151,      51.581
 268000         ,      47.860,      51.197,      38.114,      47.643
 268500         ,      64.087,      67.735,      56.980,      63.235
 269000         ,      83.856,      87.382,      74.239,      81.606
 269500         ,      79.573,      80.798,      68.684,      72.356
 270000         ,      71.350,      76.699,      67.569,      70.026
 270500         ,      37.969,      44.714,      36.822,      41.546
 271000         ,      35.352,      43.605,      32.451,      38.694
 271500         ,      49.450,      56.804,      44.646,      52.458
 272000         ,      52.955,      64.097,      50.481,      57.079
 272500         ,      74.047,      76.692,      63.153,      68.105
 273000         ,      81.394,      84.730,      71.341,      77.538
 273500         ,      92.294,      92.924,      81.127,      86.713
 274000         ,      94.255,      95.757,      85.589,      90.360
 274500         ,      94.475,      95.298,      85.790,      89.500
 275000         ,      94.258,      94.931,      84.765,      88.854
 275500         ,      96.069,      96.521,      86.976,      91.860
 276000         ,      86.311,      87.605,      81.299,      81.990
 276500         ,      93.960,      95.799,      88.550,      90.755
 277000         ,      92.600,      94.632,      86.287,      90.224
 277500         ,      92.522,      94.504,      86.475,      89.254
 278000         ,      89.335,      92.575,      83.269,      87.510
 278500         ,      95.196,      96.211,      86.516,      90.409
 279000         ,      95.573,      96.572,      87.078,      91.068
 279500         ,      85.397,      89.519,      80.505,      84.177
 280000         ,      91.267,      93.424,      84.931,      88.932
 280500         ,      90.492,      92.811,      84.176,      86.503
 281000         ,      84.099,      88.641,      77.256,      81.857
 281500         ,      92.402,      92.902,      85.966,      87.125
 282000         ,      87.591,      88.302,      78.253,      81.765
 282500         ,      90.318,      92.184,      84.214,      86.979
 283000         ,      93.589,      94.595,      86.284,      88.719
 283500         ,      90.146,      90.624,      79.579,      83.545
 284000         ,      90.560,      91.499,      79.895,      84.929
 284500         ,      91.316,      92.129,      80.441,      86.417
 285000         ,      93.083,      94.834,      85.418,      89.757
 285500         ,      91.271,      93.461,      83.511,      88.395
 286000         ,      91.667,      93.832,      84.760,      89.420
 286500         ,      93.987,      94.512,      88.116,      90.012
 287000         ,      90.481,      90.195,      78.380,      83.703
 287500         ,      85.715,      85.868,      73.666,      79.647
 288000         ,      78.001,      80.342,      68.128,      74.061
 288500         ,      77.531,      77.725,      62.851,      70.753
 289000         ,      77.220,      77.516,      63.326,      68.719
 289500         ,      79.680,      79.703,      63.982,      70.946
 290000         ,      82.441,      81.621,      68.421,      73.458
 290500         ,      83.798,      85.469,      72.868,      79.898
 291000         ,      86.432,      88.378,      75.360,      81.484
 291500         ,      77.185,      80.448,      65.050,      73.966
 292000         ,      81.275,      86.992,      71.611,      80.189
 292500         ,      87.535,      90.963,      78.727,      84.198
 293000         ,      87.443,      90.133,      78.278,      82.988
 293500         ,      87.881,      89.508,      80.073,      85.039
 294000         ,      80.202,      83.544,      72.370,      76.701
 294500         ,      82.177,      85.668,      73.099,      79.505
 295000         ,      83.007,      87.804,      76.932,      82.202
 295500         ,      84.086,      88.851,      75.803,      82.689
 296000         ,      87.611,      90.740,      80.576,      85.834
 296500         ,      82.759,      85.861,      74.240,      79.248
 297000         ,      83.681,      86.913,      76.027,      80.354
 297500         ,      84.817,      86.933,      76.387,      81.200
 298000         ,      85.884,      89.349,      78.773,      83.056
 298500         ,      84.253,      86.880,      75.818,      80.676
 299000         ,      82.666,      86.346,      73.119,      80.665
 299500         ,      96.008,      97.017,      89.209,      93.208
 300000         ,      88.314,      91.065,      78.567,      84.030
 300500         ,      88.248,      91.077,      78.538,      85.933
 301000         ,      88.304,      91.032,      78.645,      85.126
 301500         ,      92.320,      93.222,      84.661,      87.770
 302000         ,      94.217,      95.175,      86.066,      90.280
 302500         ,      87.004,      90.205,      76.654,      84.380
 303000         ,      87.156,      86.911,      74.103,      79.003
 303500         ,      90.510,      89.512,      78.763,      81.904
 304000         ,      89.070,      89.676,      78.072,      83.596
 304500         ,      89.627,      89.780,      77.702,      83.128
 305000         ,      85.219,      86.903,      72.753,      78.612
 305500         ,      84.435,      82.774,      72.887,      73.821
 306000         ,      86.998,      85.934,      77.467,      78.106
 306500         ,      83.022,      82.388,      69.804,      74.044
 307000         ,      87.630,      89.044,      75.190,      81.332
 307500         ,      89.039,      91.834,      78.015,      85.030
 308000         ,      91.196,      93.082,      81.503,      87.355
 308500         ,      91.747,      93.111,      81.400,      87.267
 309000         ,      80.741,      84.387,      68.147,      78.155
 309500         ,      88.832,      90.855,      79.858,      83.550
 310000         ,      85.079,      88.251,      76.022,      80.378
 310500         ,      80.471,      86.188,      71.056,      79.737
 311000         ,      81.303,      83.995,      70.163,      74.917
 311500         ,      75.078,      78.738,      62.068,      68.932
 312000         ,      78.271,      76.171,      60.097,      66.096
 312500         ,      76.174,      75.026,      56.370,      67.254
 313000         ,      82.786,      84.061,      68.920,      74.603
 313500         ,      88.455,      91.041,      77.855,      82.867
 314000         ,      87.295,      87.042,      72.788,      77.957
 314500         ,      87.126,      87.500,      76.367,      79.101
 315000         ,      86.421,      86.001,      75.060,      78.638
 315500         ,      91.162,      90.498,      81.239,      82.595
 316000         ,      87.948,      88.422,      78.541,      82.268
 316500         ,      90.500,      90.419,      80.968,      83.895
 317000         ,      90.933,      90.880,      82.447,      83.196
 317500         ,      90.092,      90.320,      79.260,      82.185
 318000         ,      92.339,      93.211,      83.001,      85.643
 318500         ,      92.462,      93.981,      84.391,      87.984
 319000         ,      94.870,      95.439,      86.810,      90.536
 319500         ,      94.902,      94.752,      85.799,      88.358
 320000         ,      93.155,      93.962,      84.880,      87.931
 320500         ,      94.823,      94.039,      84.831,      88.327
 321000         ,      93.599,      94.947,      83.717,      88.727
 321500         ,      95.677,      96.889,      87.222,      91.412
 322000         ,      95.300,      94.550,      85.821,      89.170
 322500         ,      92.869,      91.911,      82.628,      86.007
 323000         ,      93.514,      92.770,      83.143,      87.437
 323500         ,      91.556,      91.221,      81.283,      85.160
 324000         ,      94.205,      94.532,      84.451,      89.192
 324500         ,      94.248,      94.096,      83.416,      88.372
 325000         ,      94.500,      94.559,      84.633,      89.506
 325500         ,      95.195,      94.517,      85.169,      89.159
 326000         ,      93.911,      93.808,      83.341,      86.725
 326500         ,      92.581,      93.657,      82.229,      88.145
 327000         ,      90.315,      91.134,      78.846,      83.959
 327500         ,      93.839,      94.901,      85.510,      89.963
 328000         ,      93.567,      94.350,      84.612,      89.847
 328500         ,      93.914,      95.078,      83.557,      89.419
 329000         ,      89.702,      91.537,      78.196,      84.550
 329500         ,      91.560,      92.500,      81.232,      86.723
 330000         ,      92.787,      94.302,      83.690,      89.450
 330500         ,      91.380,      93.048,      83.216,      87.611
 331000         ,      91.394,      90.192,      79.858,      83.838
 331500         ,      90.954,      92.793,      79.986,      87.073
 332000         ,      90.567,      89.755,      77.207,      82.382
 332500         ,      87.226,      87.785,      74.793,      78.860
 333000         ,      92.084,      91.162,      80.383,      82.225
 333500         ,      91.500,      90.899,      79.380,      82.954
 334000         ,      86.783,      88.134,      73.609,      78.593
 334500         ,      91.336,      91.802,      79.444,      83.633
 335000         ,      92.429,      92.917,      82.708,      86.736
 335500         ,      86.810,      90.441,      77.333,      82.141
 336000         ,      82.987,      83.255,      72.668,      72.603
 336500         ,      84.962,      89.073,      75.552,      82.971
 337000         ,      92.139,      92.474,      80.706,      85.618
 337500         ,      89.856,      92.614,      78.450,      86.371
 338000         ,      89.919,      91.630,      76.930,      84.470
 338500         ,      89.643,      91.670,      78.929,      86.122
 339000         ,      90.274,      90.303,      76.263,      83.015
 339500         ,      90.347,      92.484,      80.202,      87.349
 340000         ,      93.048,      95.142,      82.471,      89.102
 340500         ,      95.134,      96.235,      86.055,      91.291
 341000         ,      90.938,      92.854,      79.390,      85.471
 341500         ,      88.074,      90.981,      77.834,      85.545
 342000         ,      92.740,      93.493,      81.680,      86.528
 342500         ,      98.061,      98.343,      92.606,      95.335
 343000         ,      98.097,      98.506,      92.681,      95.162
 343500         ,      87.192,      90.205,      75.900,      82.519
 344000         ,      97.387,      97.940,      90.784,      93.818
 344500         ,      97.404,      97.918,      90.840,      93.599
 345000         ,      94.570,      95.831,      87.612,      91.140
 345500         ,      95.988,      96.141,      88.177,      92.084
 346000         ,      83.787,      82.780,      69.686,      73.682
 346500         ,      97.059,      97.201,      89.703,      92.431
 347000         ,      98.086,      98.241,      91.769,      95.067
 347500         ,      97.639,      97.873,      90.924,      93.394
 348000         ,      97.983,      98.360,      92.201,      94.792
 348500         ,      97.976,      98.269,      91.753,      94.706
 349000         ,      95.865,      96.592,      88.420,      92.324
 349500         ,      97.470,      97.942,      90.232,      93.455
 350000         ,      97.909,      98.098,      90.867,      94.275
 350500         ,      97.332,      97.164,      89.275,      93.080
 351000         ,      95.879,      96.505,      88.783,      91.552
 351500         ,      93.785,      92.951,      83.618,      87.290
 352000         ,      95.341,      96.218,      86.463,      91.365
 352500         ,      88.824,      90.441,      79.564,      84.576
 353000         ,      96.761,      96.186,      89.591,      92.050
 353500         ,      92.494,      91.397,      83.098,      87.613
 354000         ,      97.213,      97.737,      91.450,      94.500
 354500         ,      96.064,      96.288,      88.023,      92.001
 355000         ,      96.692,      96.689,      87.458,      90.608
 355500         ,      93.559,      94.988,      83.615,      89.490
 356000         ,      93.938,      95.471,      84.059,      89.067
 356500         ,      95.887,      97.099,      88.414,      92.090
 357000         ,      97.174,      97.222,      90.418,      92.232
 357500         ,      91.553,      93.761,      82.884,      88.922
 358000         ,      89.122,      92.304,      80.564,      85.864
 358500         ,      86.005,      89.396,      74.171,      82.698
 359000         ,      98.021,      97.840,      91.647,      93.499
 359500         ,      92.083,      93.315,      84.448,      87.397
 360000         ,      62.768,      63.022,      56.343,      53.179
 360500         ,      80.830,      83.456,      73.973,      76.859
 361000         ,      70.430,      73.051,      60.593,      62.173
 361500         ,      67.417,      77.273,      60.366,      67.686
 362000         ,      75.851,      80.331,      64.524,      70.917
 362500         ,      92.108,      91.661,      80.424,      84.608
 363000         ,      83.694,      85.145,      70.691,      77.048
 363500         ,      85.526,      87.142,      73.748,      79.456
 364000         ,      90.923,      91.544,      78.573,      83.683
 364500         ,      90.734,      93.081,      83.506,      87.087
 365000         ,      85.043,      87.638,      76.496,      80.946
 365500         ,      87.974,      91.214,      79.986,      84.490
 366000         ,      85.943,      85.414,      73.576,      78.811
 366500         ,      87.511,      91.048,      77.107,      85.162
 367000         ,      85.195,      86.491,      74.986,      80.350
 367500         ,      88.686,      89.996,      78.786,      84.982
 368000         ,      88.170,      89.959,      78.462,      85.225
 368500         ,      85.019,      87.574,      73.393,      81.302
 369000         ,      86.192,      86.467,      75.741,      80.846
 369500         ,      86.504,      85.773,      75.216,      77.749
 370000         ,      87.606,      86.231,      73.359,      79.565
 370500         ,      84.654,      84.109,      71.975,      75.552
 371000         ,      87.813,      85.479,      72.592,      78.374
 371500         ,      85.976,      84.908,      72.972,      78.859
 372000         ,      89.764,      88.805,      78.691,      83.272
 372500         ,      85.177,      84.233,      70.295,      77.231
 373000         ,      84.032,      88.500,      77.679,      82.707
 373500         ,      80.386,      83.177,      71.841,      75.210
 374000         ,      82.930,      87.700,      78.385,      82.393
 374500         ,      87.369,      87.842,      78.112,      80.765
 375000         ,      81.977,      85.910,      73.372,      78.142
 375500         ,      81.961,      85.854,      75.920,      79.124
 376000         ,      76.328,      83.019,      71.520,      75.303
 376500         ,      79.270,      84.740,      73.138,      76.748
 377000         ,      77.953,      84.892,      72.995,      78.366
 377500         ,      79.871,      84.863,      71.678,      76.728
 378000         ,      82.087,      87.347,      73.767,      80.789
 378500         ,      82.888,      81.109,      68.928,      74.854
 379000         ,      83.283,      87.556,      73.438,      81.157
 379500         ,      85.627,      85.375,      71.543,      78.769
 380000         ,      89.492,      87.572,      75.817,      81.589
 380500         ,      86.997,      85.560,      73.750,      79.875
 381000         ,      90.326,      89.631,      76.809,      82.458
 381500         ,      87.063,      87.473,      73.732,      79.926
 382000         ,      88.911,      89.335,      77.665,      81.834
 382500         ,      84.521,      86.220,      72.517,      78.657
 383000         ,      92.467,      93.726,      83.983,      87.504
 383500         ,      90.095,      92.884,      82.195,      87.265
 384000         ,      96.735,      96.660,      88.952,      92.857
 384500         ,      94.194,      94.935,      85.608,      90.407
 385000         ,      93.187,      94.231,      84.162,      89.619
 385500         ,      85.333,      86.464,      76.246,      79.724
 386000         ,      89.634,      90.332,      80.802,      85.451
 386500         ,      71.964,      80.881,      63.518,      73.777
 387000         ,      84.899,      87.681,      76.608,      83.195
 387500         ,      82.501,      86.212,      72.480,      80.330
 388000         ,      84.059,      88.390,      74.155,      81.717
 388500         ,      81.371,      85.765,      71.826,      79.941
 389000         ,      81.609,      82.808,      70.478,      77.995
 389500         ,      83.035,      83.488,      70.968,      78.722
 390000         ,      76.214,      76.077,      66.718,      70.795
 390500         ,      72.832,      78.069,      64.278,      73.275
 391000         ,      72.366,      74.986,      60.677,      69.354
 391500         ,      78.808,      77.045,      66.776,      72.939
 392000         ,      85.078,      84.661,      76.350,      77.914
 392500         ,      88.218,      89.335,      80.541,      83.480
 393000         ,      88.344,      89.476,      76.906,      81.374
 393500         ,      97.172,      97.305,      90.293,      93.349
 394000         ,      85.040,      88.336,      76.055,      79.344
 394500         ,      85.294,      88.922,      81.352,      82.584
 395000         ,      86.826,      85.204,      75.854,      77.849
 395500         ,      89.131,      88.154,      79.226,      81.210
 396000         ,      87.562,      89.264,      78.209,      80.590
 396500         ,      91.205,      90.650,      79.960,      84.411
 397000         ,      87.493,      88.296,      77.634,      81.767
 397500         ,      90.317,      88.923,      79.545,      82.866
 398000         ,      89.933,      90.687,      81.404,      84.807
 398500         ,      86.509,      86.590,      76.452,      80.039
 399000         ,      91.587,      91.466,      82.817,      84.692
 399500         ,      93.387,      92.805,      83.141,      87.114
 400000         ,      91.763,      90.881,      81.416,      84.571
 400500         ,      91.830,      92.548,      82.498,      87.453
 401000         ,      92.781,      93.227,      83.588,      88.318
 401500         ,      90.618,      89.406,      78.372,      84.082
 402000         ,      92.012,      92.205,      81.844,      86.719
 402500         ,      91.260,      91.944,      82.012,      85.925
 403000         ,      91.889,      91.942,      81.413,      87.070
 403500         ,      91.226,      91.794,      81.103,      86.344
 404000         ,      90.064,      89.768,      78.889,      85.247
 404500         ,      87.425,      88.977,      78.048,      83.759
 405000         ,      89.273,      90.386,      79.360,      85.633
 405500         ,      88.259,      90.525,      77.953,      84.602
 406000         ,      87.168,      90.272,      77.756,      85.197
 406500         ,      87.985,      91.307,      79.357,      85.812
 407000         ,      89.618,      90.871,      79.877,      84.980
 407500         ,      87.872,      90.120,      78.746,      83.723
 408000         ,      87.343,      89.226,      77.964,      82.993
 408500         ,      86.373,      88.449,      76.180,      82.346
 409000         ,      85.061,      87.605,      75.046,      81.252
 409500         ,      85.957,      88.618,      76.086,      82.616
 410000         ,      77.918,      84.422,      67.730,      78.028
 410500         ,      81.192,      83.245,      70.075,      77.167
 411000         ,      79.682,      84.813,      70.137,      78.412
 411500         ,      84.538,      87.994,      75.298,      81.755
 412000         ,      81.167,      85.831,      72.028,      79.811
 412500         ,      81.548,      85.441,      72.182,      79.945
 413000         ,      88.316,      90.706,      79.461,      84.765
 413500         ,      82.933,      86.206,      74.807,      79.953
 414000         ,      76.338,      82.079,      68.842,      77.447
 414500         ,      30.501,      44.389,      34.624,      43.386
 415000         ,      44.520,      56.182,      47.823,      53.429
 415500         ,      76.184,      80.339,      73.575,      74.949
 416000         ,      73.595,      81.719,      70.322,      74.970
 416500         ,      78.868,      83.887,      72.900,      77.770
 417000         ,      70.857,      79.712,      65.075,      71.231
 417500         ,      94.334,      95.720,      88.361,      90.786
 418000         ,      90.145,      93.358,      82.529,      87.576
 418500         ,      86.364,      88.502,      79.758,      83.475
 419000         ,      79.771,      83.826,      69.964,      77.395
 419500         ,      76.089,      83.910,      64.215,      75.484
 420000         ,      72.989,      79.422,      63.725,      72.772
 420500         ,      78.212,      80.343,      69.319,      74.431
 421000         ,      74.251,      76.889,      64.460,      70.742
 421500         ,      59.643,      68.075,      54.803,      60.901
 422000         ,      65.547,      73.320,      60.758,      66.583
 422500         ,      70.268,      77.597,      68.903,      71.583
 423000         ,      80.939,      82.584,      72.657,      76.534
 423500         ,      82.724,      82.534,      74.085,      76.558
 424000         ,      82.135,      82.351,      74.002,      75.782
 424500         ,      72.789,      78.525,      65.651,      71.315
 425000         ,      67.111,      72.389,      56.950,      65.777
 425500         ,      59.709,      67.324,      52.312,      60.459
 426000         ,      45.494,      51.231,      30.220,      36.672
 426500         ,      53.261,      61.088,      50.429,      55.086
 427000         ,      36.552,      47.416,      30.855,      38.388
 427500         ,      44.798,      56.665,      33.719,      44.899
 428000         ,      60.594,      66.552,      51.640,      60.442
 428500         ,      47.350,      54.729,      40.068,      50.226
 429000         ,      53.140,      66.215,      53.719,      57.811
 429500         ,      25.285,      37.266,      25.071,      36.025
 430000         ,      65.457,      74.381,      60.846,      70.736
 430500         ,      69.498,      78.159,      67.147,      70.774
 431000         ,      96.497,      97.470,      89.564,      93.176
 431500         ,      89.854,      91.691,      84.476,      87.339
 432000         ,      80.921,      84.945,      74.926,      76.421
 432500         ,      87.130,      88.167,      80.677,      82.420
 433000         ,      74.951,      80.664,      69.861,      73.302
 433500         ,      92.631,      94.153,      86.767,      89.174
 434000         ,      87.458,      88.739,      80.636,      82.638
 434500         ,      88.246,      90.876,      81.312,      85.538
 435000         ,      84.220,      85.084,      75.492,      76.518
 435500         ,      90.989,      92.225,      85.183,      85.988
 436000         ,      92.614,      93.169,      85.630,      88.073
 436500         ,      95.901,      96.814,      89.303,      92.773
 437000         ,      96.007,      96.869,      88.017,      92.146
 437500         ,      95.782,      96.883,      88.243,      91.590
 438000         ,      96.726,      96.997,      89.792,      91.973
 438500         ,      96.093,      95.680,      87.934,      90.553
 439000         ,      95.927,      95.240,      87.948,      91.188
 439500         ,      89.913,      92.556,      80.306,      86.538
 440000         ,      91.213,      93.499,      81.485,      87.301
 440500         ,      95.174,      95.787,      86.531,      91.249
 441000         ,      95.074,      94.420,      86.067,      89.478
 441500         ,      90.185,      92.784,      82.157,      85.956
 442000         ,      88.474,      90.428,      81.668,      83.450
 442500         ,      90.739,      91.138,      81.008,      84.248
 443000         ,      86.392,      88.435,      78.029,      80.355
 443500         ,      81.656,      84.305,      72.269,      75.642
 444000         ,      84.912,      83.592,      71.254,      77.908
 444500         ,      90.115,      88.874,      79.933,      84.726
 445000         ,      84.367,      83.512,      73.443,      79.509
 445500         ,      82.085,      82.655,      72.865,      78.260
 446000         ,      89.145,      89.059,      80.159,      84.062
 446500         ,      97.327,      97.292,      90.224,      93.774
 447000         ,      93.058,      93.133,      85.011,      88.790
 447500         ,      92.269,      92.707,      85.220,      88.444
 448000         ,      87.859,      88.364,      79.607,      83.684
 448500         ,      88.633,      88.580,      78.119,      83.073
 449000         ,      85.852,      86.522,      75.813,      80.363
 449500         ,      87.329,      90.311,      79.785,      84.477
 450000         ,      87.888,      89.399,      79.653,      84.165
 450500         ,      86.042,      88.572,      79.373,      82.566
 451000         ,      85.228,      87.447,      77.079,      81.239
 451500         ,      85.121,      88.178,      79.041,      83.559
 452000         ,      82.067,      86.004,      74.392,      78.792
 452500         ,      78.635,      81.694,      68.317,      75.967
 453000         ,      52.398,      57.505,      40.856,      50.210
 453500         ,      58.766,      62.580,      47.255,      56.916
 454000         ,      45.107,      54.909,      41.532,      50.519
 454500         ,      42.593,      50.562,      38.994,      46.451
 455000         ,      34.382,      48.000,      29.741,      35.457
 455500         ,      38.194,      49.305,      32.665,      38.237
 456000         ,      27.502,      36.505,      30.597,      33.143
 456500         ,      19.826,      42.406,      24.959,      35.711
 457000         ,      26.011,      38.543,      25.748,      32.306
 457500         ,      30.561,      33.867,      23.948,      29.966
 458000         ,      15.306,      28.336,      11.290,      25.274
 458500         ,      28.018,      30.573,      26.662,      28.177
 459000         ,      34.731,      42.790,      33.340,      38.604
 459500         ,      43.919,      53.427,      34.023,      40.309
 460000         ,      67.276,      69.501,      57.855,      65.235
 460500         ,      96.861,      97.184,      90.465,      93.039
 461000         ,      95.393,      95.848,      88.327,      91.124
 461500         ,      95.432,      95.826,      87.733,      91.927
 462000         ,      95.849,      96.411,      88.981,      92.735
 462500         ,      94.974,      95.266,      86.248,      90.907
 463000         ,      92.275,      93.712,      83.065,      88.050
 463500         ,      92.703,      92.499,      83.248,      87.750
 464000         ,      91.914,      92.992,      84.575,      88.087
 464500         ,      89.517,      91.422,      81.697,      85.593
 465000         ,      89.362,      90.744,      81.032,      83.737
 465500         ,      89.615,      92.048,      80.716,      84.185
 466000         ,      92.610,      94.174,      85.559,      87.664
 466500         ,      89.589,      92.246,      82.164,      86.359
 467000         ,      85.398,      88.360,      80.204,      80.997
 467500         ,      92.642,      93.899,      84.140,      86.941
 468000         ,      92.811,      93.961,      83.767,      87.427
 468500         ,      92.647,      93.206,      82.160,      86.116
 469000         ,      97.868,      98.188,      90.944,      94.207
 469500         ,      95.939,      95.995,      88.423,      90.415
 470000         ,      90.103,      89.435,      81.027,      82.411
 470500         ,      75.571,      76.064,      70.530,      70.952
 471000         ,      92.713,      92.291,      84.778,      87.741
 471500         ,      87.008,      84.786,      75.865,      77.976
 472000         ,      82.600,      85.321,      78.438,      79.701
 472500         ,      91.222,      92.215,      84.444,      86.413
 473000         ,      90.268,      92.422,      84.061,      86.852
 473500         ,      87.614,      89.381,      82.186,      83.679
 474000         ,      87.221,      88.142,      78.473,      80.828
 474500         ,      75.742,      78.170,      70.459,      71.650
 475000         ,      95.336,      95.704,      88.041,      91.073
 475500         ,      92.899,      93.066,      82.703,      86.714
 476000         ,      92.230,      93.482,      85.795,      87.577
 476500         ,      88.378,      90.086,      82.141,      84.686
 477000         ,      86.098,      85.695,      78.062,      79.016
 477500         ,      88.606,      89.351,      80.949,      84.227
 478000         ,      85.023,      86.248,      73.881,      80.042
 478500         ,      83.746,      85.298,      70.165,      78.361
 479000         ,      82.611,      83.497,      69.380,      75.827
 479500         ,      84.842,      87.655,      74.040,      80.767
 480000         ,      86.184,      89.169,      75.950,      81.636
 480500         ,      76.995,      82.600,      68.972,      74.691
 481000         ,      79.805,      85.051,      71.798,      79.143
 481500         ,      73.875,      79.632,      65.947,      73.835
 482000         ,      73.708,      79.077,      62.658,      71.254
 482500         ,      80.359,      85.975,      72.277,      79.448
 483000         ,      79.709,      85.988,      69.718,      79.088
 483500         ,      88.300,      91.597,      77.781,      85.118
 484000         ,      86.711,      90.084,      76.392,      82.184
 484500         ,      83.618,      87.024,      72.474,      81.089
 485000         ,      91.222,      93.595,      81.508,      88.458
 485500         ,      90.038,      91.635,      78.334,      84.578
 486000         ,      94.083,      94.855,      85.397,      89.410
 486500         ,      96.597,      97.315,      90.507,      92.679
 487000         ,      94.969,      96.048,      88.119,      91.149
 487500         ,      92.360,      92.597,      84.224,      86.593
 488000         ,      86.181,      87.536,      78.904,      83.141
 488500         ,      94.638,      95.251,      87.014,      90.228
 489000         ,      95.409,      96.324,      86.353,      90.850
 489500         ,      71.549,      77.620,      56.282,      68.104
 490000         ,      66.083,      69.179,      52.032,      59.859
 490500         ,      39.963,      47.122,      25.829,      38.251
 491000         ,      55.976,      68.733,      52.328,      57.916
 491500         ,      50.590,      59.616,      44.368,      51.085
 492000         ,      71.761,      77.988,      67.315,      71.784
 492500         ,      74.920,      81.003,      69.228,      73.594
 493000         ,      76.470,      81.348,      69.493,      74.929
 493500         ,      79.602,      84.101,      71.745,      78.099
 494000         ,      70.318,      70.595,      65.740,      66.558
 494500         ,      59.884,      66.269,      55.193,      60.687
 495000         ,      68.001,      70.846,      61.095,      65.243
 495500         ,      55.598,      57.921,      50.078,      55.472
 496000         ,      25.895,      40.640,      24.935,      36.356
 496500         ,      29.712,      45.004,      26.040,      36.260
 497000         ,      18.252,      33.653,      15.762,      25.353
 497500         ,      21.698,      44.462,      28.138,      42.466
 498000         ,      33.070,      48.689,      29.868,      42.647
 498500         ,      33.763,      49.149,      34.506,      43.461
 499000         ,      63.560,      67.662,      57.257,      62.551
 499500         ,      65.983,      67.290,      57.208,      56.078
 500000         ,      63.418,      64.342,      57.104,      54.896
