--------------------------------------------------------------------------------
S H A P E   v2.1         Continuous Shape Measures calculation
(c) 2013  Electronic Structure Group, Universitat de Barcelona
                   Contact:  llunell@ub.edu                   
--------------------------------------------------------------------------------

coordination ZF1 

SP-4            1 D4h   Square                                             
T-4             2 Td    Tetrahedron                                        
SS-4            3 C2v   Seesaw                                             
vTBPY-4         4 C3v   Vacant trigonal bipyramid                          

Structure [ML4 ]         SP-4          T-4         SS-4      vTBPY-4
 0              ,      31.132,       0.848,       9.358,       2.358
 500            ,      30.694,       0.366,       8.760,       3.284
 1000           ,      31.472,       0.494,       9.105,       2.351
 1500           ,      31.933,       0.574,       8.775,       2.431
 2000           ,      32.578,       0.415,       8.685,       2.271
 2500           ,      30.736,       0.427,       8.225,       3.339
 3000           ,      27.741,       1.129,       7.027,       2.467
 3500           ,      33.224,       0.419,       9.310,       2.538
 4000           ,      27.021,       1.141,       7.218,       2.558
 4500           ,      29.663,       0.721,       8.242,       2.727
 5000           ,      30.778,       0.682,       8.514,       3.061
 5500           ,      31.743,       0.736,       8.116,       1.803
 6000           ,      30.530,       0.493,       7.952,       2.589
 6500           ,      32.032,       0.479,       8.161,       2.706
 7000           ,      33.244,       0.486,       8.802,       2.081
 7500           ,      29.723,       0.701,       8.413,       2.599
 8000           ,      32.475,       0.718,       8.632,       2.180
 8500           ,      32.608,       0.790,       8.782,       1.945
 9000           ,      31.894,       0.601,       8.837,       2.967
 9500           ,      31.128,       0.579,       8.036,       2.424
 10000          ,      32.150,       0.596,       7.285,       2.202
 10500          ,      31.452,       0.490,       9.047,       3.148
 11000          ,      32.280,       0.424,       8.572,       2.218
 11500          ,      30.965,       0.767,       7.744,       2.096
 12000          ,      31.079,       0.610,       8.809,       3.262
 12500          ,      29.612,       0.821,       7.705,       2.407
 13000          ,      30.930,       0.596,       8.523,       1.955
 13500          ,      28.561,       1.004,       6.554,       2.086
 14000          ,      29.076,       0.768,       8.157,       2.782
 14500          ,      32.698,       0.686,       8.993,       2.552
 15000          ,      30.906,       0.694,       8.011,       2.493
 15500          ,      32.237,       0.860,       7.696,       2.172
 16000          ,      31.340,       1.444,       7.432,       1.440
 16500          ,      31.731,       0.920,       8.342,       2.010
 17000          ,      32.162,       0.566,       8.199,       2.291
 17500          ,      31.461,       0.590,       8.454,       2.030
 18000          ,      32.426,       0.859,       8.074,       2.118
 18500          ,      28.176,       0.622,       7.569,       3.772
 19000          ,      29.754,       0.462,       7.572,       2.630
 19500          ,      32.080,       0.666,       7.705,       1.991
 20000          ,      32.684,       1.046,       8.201,       1.366
 20500          ,      31.029,       0.473,       8.325,       2.791
 21000          ,      33.324,       0.530,       8.591,       2.003
 21500          ,      30.958,       1.104,       7.196,       1.779
 22000          ,      30.978,       0.952,       7.728,       1.385
 22500          ,      31.848,       0.835,       8.248,       1.961
 23000          ,      28.606,       0.878,       6.304,       2.666
 23500          ,      29.617,       1.024,       7.730,       1.948
 24000          ,      33.217,       0.972,       7.657,       2.445
 24500          ,      31.376,       0.575,       8.339,       2.220
 25000          ,      29.822,       0.852,       8.062,       2.430
 25500          ,      31.728,       0.757,       7.964,       1.889
 26000          ,      30.484,       0.572,       8.900,       2.768
 26500          ,      31.522,       0.369,       8.266,       2.791
 27000          ,      33.182,       0.657,       8.645,       1.980
 27500          ,      30.605,       0.675,       7.667,       1.885
 28000          ,      30.347,       0.858,       7.021,       2.120
 28500          ,      32.804,       0.625,       8.252,       2.488
 29000          ,      31.899,       0.685,       9.174,       2.414
 29500          ,      30.206,       1.075,       7.906,       2.287
 30000          ,      31.593,       0.607,       8.864,       3.156
 30500          ,      32.944,       0.402,       8.587,       2.469
 31000          ,      33.119,       0.879,       8.435,       2.124
 31500          ,      32.254,       0.438,       8.307,       2.214
 32000          ,      30.686,       0.366,       7.825,       2.576
 32500          ,      29.943,       0.985,       7.524,       1.859
 33000          ,      32.193,       1.048,       8.088,       1.562
 33500          ,      31.940,       1.092,       8.425,       1.396
 34000          ,      31.634,       0.564,       9.088,       2.638
 34500          ,      32.848,       0.581,       8.311,       2.500
 35000          ,      30.440,       0.601,       8.202,       2.189
 35500          ,      31.972,       0.553,       8.534,       2.259
 36000          ,      30.604,       0.731,       9.034,       2.272
 36500          ,      30.729,       0.786,       7.843,       1.832
 37000          ,      28.877,       0.950,       8.001,       2.053
 37500          ,      28.543,       1.016,       6.768,       1.977
 38000          ,      32.289,       0.352,       8.662,       2.653
 38500          ,      31.566,       0.555,       9.140,       2.615
 39000          ,      32.720,       0.714,       8.677,       1.773
 39500          ,      31.539,       0.648,       7.260,       2.243
 40000          ,      31.419,       0.550,       8.757,       2.660
 40500          ,      31.669,       0.615,       9.057,       2.597
 41000          ,      32.209,       0.832,       8.798,       1.989
 41500          ,      24.279,       1.376,       6.239,       4.626
 42000          ,      31.672,       0.492,       8.239,       2.484
 42500          ,      29.935,       0.902,       6.933,       1.775
 43000          ,      32.033,       0.926,       8.854,       2.109
 43500          ,      31.804,       0.959,       7.916,       1.946
 44000          ,      32.965,       0.402,       8.481,       2.432
 44500          ,      31.584,       0.902,       7.847,       1.802
 45000          ,      32.117,       0.529,       8.773,       2.255
 45500          ,      31.626,       1.091,       7.843,       1.606
 46000          ,      29.407,       0.560,       8.416,       3.299
 46500          ,      28.857,       1.039,       7.811,       2.522
 47000          ,      32.238,       0.749,       8.568,       1.684
 47500          ,      29.559,       0.565,       8.510,       2.809
 48000          ,      30.417,       1.036,       7.252,       1.705
 48500          ,      33.001,       0.268,       8.708,       2.819
 49000          ,      32.489,       0.902,       7.728,       1.737
 49500          ,      32.831,       0.608,       8.855,       2.083
 50000          ,      31.823,       0.618,       8.793,       2.960
 50500          ,      30.514,       0.634,       8.589,       3.170
 51000          ,      30.707,       0.887,       8.850,       2.062
 51500          ,      30.629,       0.540,       7.950,       2.498
 52000          ,      31.972,       1.004,       8.460,       2.548
 52500          ,      31.748,       0.675,       8.626,       2.118
 53000          ,      31.718,       0.878,       8.104,       1.671
 53500          ,      30.917,       0.604,       8.567,       2.995
 54000          ,      32.545,       0.414,       8.732,       2.671
 54500          ,      31.964,       0.695,       7.789,       1.879
 55000          ,      31.830,       0.778,       8.071,       2.371
 55500          ,      30.946,       1.144,       7.794,       1.438
 56000          ,      29.263,       0.553,       7.776,       3.156
 56500          ,      32.009,       0.683,       8.047,       2.522
 57000          ,      30.326,       0.719,       6.597,       2.334
 57500          ,      32.325,       0.432,       8.863,       2.404
 58000          ,      31.532,       0.867,       7.536,       1.959
 58500          ,      30.021,       0.925,       7.043,       1.771
 59000          ,      31.889,       0.776,       8.183,       1.723
 59500          ,      31.233,       0.979,       6.967,       1.474
 60000          ,      32.387,       0.922,       8.696,       1.728
 60500          ,      32.627,       0.618,       8.662,       2.206
 61000          ,      31.272,       0.360,       8.665,       2.755
 61500          ,      32.005,       1.319,       7.949,       0.879
 62000          ,      29.891,       0.635,       8.724,       2.775
 62500          ,      31.870,       0.704,       8.114,       2.023
 63000          ,      31.654,       0.447,       7.440,       2.506
 63500          ,      30.797,       0.585,       8.433,       2.592
 64000          ,      29.163,       1.170,       8.158,       2.095
 64500          ,      27.621,       1.165,       6.888,       2.550
 65000          ,      31.420,       0.557,       8.523,       2.294
 65500          ,      31.150,       0.908,       6.786,       1.921
 66000          ,      32.248,       0.852,       7.956,       2.093
 66500          ,      31.413,       0.678,       7.730,       2.109
 67000          ,      32.189,       0.912,       7.936,       2.224
 67500          ,      30.267,       0.806,       7.592,       2.040
 68000          ,      30.607,       1.028,       7.978,       1.447
 68500          ,      31.147,       0.460,       7.659,       2.231
 69000          ,      29.457,       0.700,       7.989,       2.985
 69500          ,      29.785,       0.944,       7.631,       2.282
 70000          ,      29.275,       0.729,       7.758,       2.581
 70500          ,      30.338,       1.039,       7.815,       2.342
 71000          ,      31.436,       0.654,       8.822,       2.335
 71500          ,      30.834,       0.544,       7.576,       2.440
 72000          ,      30.826,       0.617,       8.703,       2.723
 72500          ,      31.336,       1.193,       7.760,       1.818
 73000          ,      32.470,       0.616,       8.818,       2.182
 73500          ,      31.246,       0.801,       8.418,       2.182
 74000          ,      31.593,       0.609,       8.493,       2.128
 74500          ,      27.434,       0.999,       6.418,       2.548
 75000          ,      31.960,       0.794,       7.836,       1.537
 75500          ,      32.382,       0.326,       9.375,       2.777
 76000          ,      30.688,       0.947,       7.851,       2.348
 76500          ,      32.724,       0.753,       8.617,       2.058
 77000          ,      30.955,       1.322,       7.194,       1.654
 77500          ,      31.943,       0.365,       8.775,       3.072
 78000          ,      32.130,       0.361,       8.907,       2.280
 78500          ,      31.763,       0.465,       8.564,       3.059
 79000          ,      28.827,       0.918,       6.499,       2.330
 79500          ,      28.454,       0.797,       7.064,       2.974
 80000          ,      28.305,       0.563,       7.504,       3.353
 80500          ,      31.370,       0.825,       8.414,       1.983
 81000          ,      32.637,       0.313,       9.438,       3.089
 81500          ,      32.208,       0.554,       8.387,       2.018
 82000          ,      29.282,       0.609,       7.665,       3.015
 82500          ,      29.144,       0.908,       7.063,       2.641
 83000          ,      32.425,       0.638,       8.261,       2.291
 83500          ,      30.411,       0.459,       8.394,       2.862
 84000          ,      29.816,       0.672,       7.451,       2.709
 84500          ,      30.952,       0.417,       8.539,       3.211
 85000          ,      31.223,       0.409,       8.928,       3.191
 85500          ,      29.595,       0.658,       7.623,       2.645
 86000          ,      31.856,       0.503,       8.697,       2.628
 86500          ,      30.964,       0.565,       8.282,       2.516
 87000          ,      32.676,       0.551,       8.734,       2.153
 87500          ,      32.385,       0.646,       8.454,       2.716
 88000          ,      32.651,       0.694,       8.909,       2.149
 88500          ,      31.651,       0.360,       9.296,       2.979
 89000          ,      32.783,       0.583,       8.434,       2.126
 89500          ,      33.369,       0.722,       8.631,       2.022
 90000          ,      31.321,       1.035,       7.863,       1.756
 90500          ,      30.386,       0.862,       7.377,       2.218
 91000          ,      31.536,       0.652,       8.389,       2.091
 91500          ,      31.184,       0.973,       8.186,       2.123
 92000          ,      26.051,       1.263,       6.641,       3.589
 92500          ,      29.755,       0.478,       8.254,       2.925
 93000          ,      29.320,       0.528,       8.172,       2.647
 93500          ,      28.855,       0.653,       7.050,       2.620
 94000          ,      31.124,       0.492,       8.538,       2.959
 94500          ,      29.436,       0.974,       8.344,       2.292
 95000          ,      31.529,       0.773,       8.914,       2.212
 95500          ,      32.897,       0.462,       9.283,       2.573
 96000          ,      30.298,       1.125,       6.596,       1.447
 96500          ,      31.653,       0.535,       8.085,       2.946
 97000          ,      31.888,       0.688,       7.911,       2.807
 97500          ,      32.262,       0.709,       8.456,       1.895
 98000          ,      31.809,       0.908,       8.461,       1.883
 98500          ,      32.369,       0.399,       8.644,       3.241
 99000          ,      31.435,       0.400,       8.371,       2.495
 99500          ,      31.862,       0.272,       8.731,       2.731
 100000         ,      31.298,       0.446,       8.974,       2.725
 100500         ,      33.139,       0.495,       8.891,       2.647
 101000         ,      27.352,       0.803,       7.735,       3.556
 101500         ,      32.664,       0.375,       9.004,       2.696
 102000         ,      32.126,       0.471,       8.590,       2.803
 102500         ,      31.074,       0.492,       8.625,       3.298
 103000         ,      29.089,       0.721,       6.851,       2.724
 103500         ,      30.838,       0.496,       8.292,       3.126
 104000         ,      32.864,       0.370,       8.610,       2.349
 104500         ,      30.256,       0.788,       7.918,       2.168
 105000         ,      29.977,       1.286,       8.187,       1.706
 105500         ,      31.997,       0.667,       8.177,       2.231
 106000         ,      30.623,       0.846,       7.157,       1.894
 106500         ,      32.738,       0.399,       8.930,       2.485
 107000         ,      32.317,       0.448,       8.340,       2.107
 107500         ,      31.402,       0.442,       7.763,       2.960
 108000         ,      32.652,       0.644,       8.316,       1.896
 108500         ,      28.271,       0.663,       6.333,       2.594
 109000         ,      31.169,       0.435,       8.841,       2.400
 109500         ,      28.333,       0.973,       6.679,       2.207
 110000         ,      32.368,       0.519,       8.666,       2.315
 110500         ,      30.487,       0.714,       8.080,       2.616
 111000         ,      29.865,       0.594,       7.499,       2.794
 111500         ,      31.994,       0.565,       8.182,       2.060
 112000         ,      31.937,       0.314,       8.717,       3.010
 112500         ,      32.660,       0.351,       8.844,       2.405
 113000         ,      29.905,       0.627,       8.526,       2.508
 113500         ,      32.652,       0.480,       8.937,       1.977
 114000         ,      25.458,       1.084,       6.866,       3.808
 114500         ,      23.915,       1.560,       5.708,       3.284
 115000         ,      32.458,       0.578,       7.904,       2.468
 115500         ,      26.820,       1.043,       7.337,       3.420
 116000         ,      30.440,       0.546,       8.375,       2.795
 116500         ,      33.477,       0.579,       8.259,       2.551
 117000         ,      28.347,       1.151,       6.593,       2.458
 117500         ,      28.866,       0.593,       7.686,       2.567
 118000         ,      32.227,       0.574,       8.543,       2.288
 118500         ,      32.972,       0.704,       8.096,       2.066
 119000         ,      31.778,       0.738,       8.009,       1.904
 119500         ,      31.116,       0.436,       8.315,       2.773
 120000         ,      31.561,       0.518,       9.028,       2.356
 120500         ,      33.237,       0.717,       7.918,       2.110
 121000         ,      29.928,       0.864,       7.987,       1.762
 121500         ,      32.255,       0.431,       8.239,       2.054
 122000         ,      29.709,       0.912,       8.184,       2.152
 122500         ,      28.410,       1.006,       8.287,       2.514
 123000         ,      32.818,       0.518,       8.689,       2.272
 123500         ,      32.460,       0.823,       8.157,       1.516
 124000         ,      29.889,       0.816,       6.511,       2.447
 124500         ,      30.006,       1.001,       7.863,       1.628
 125000         ,      30.471,       0.581,       8.498,       2.617
 125500         ,      30.907,       0.512,       8.688,       2.444
 126000         ,      30.998,       0.524,       8.882,       2.649
 126500         ,      32.748,       0.919,       8.359,       1.672
 127000         ,      31.247,       0.462,       8.682,       2.729
 127500         ,      30.928,       0.280,       8.060,       2.715
 128000         ,      30.586,       0.685,       7.281,       3.071
 128500         ,      29.087,       1.093,       7.678,       2.101
 129000         ,      30.502,       0.533,       8.902,       2.653
 129500         ,      31.060,       0.534,       8.081,       2.403
 130000         ,      29.829,       0.766,       8.680,       2.811
 130500         ,      30.386,       0.604,       8.343,       2.335
 131000         ,      31.054,       0.696,       7.919,       2.895
 131500         ,      26.856,       0.925,       6.595,       2.816
 132000         ,      31.143,       0.925,       7.901,       2.248
 132500         ,      28.748,       0.596,       8.224,       2.785
 133000         ,      31.492,       0.711,       8.862,       1.868
 133500         ,      32.663,       0.758,       8.900,       1.967
 134000         ,      30.464,       0.492,       7.987,       2.529
 134500         ,      32.604,       1.144,       7.835,       1.093
 135000         ,      32.312,       0.789,       7.970,       1.646
 135500         ,      32.302,       0.393,       9.145,       3.400
 136000         ,      30.431,       0.637,       7.420,       2.192
 136500         ,      31.416,       0.576,       8.291,       2.423
 137000         ,      33.632,       2.356,       7.844,       0.478
 137500         ,      31.769,       0.629,       8.061,       2.254
 138000         ,      32.855,       0.685,       8.146,       2.856
 138500         ,      30.233,       0.633,       8.344,       3.090
 139000         ,      32.677,       0.439,       9.024,       2.750
 139500         ,      31.635,       0.839,       7.268,       2.590
 140000         ,      31.962,       0.274,       8.508,       2.483
 140500         ,      32.464,       0.782,       8.234,       1.577
 141000         ,      33.050,       0.445,       9.026,       2.368
 141500         ,      31.198,       0.839,       6.740,       2.522
 142000         ,      32.715,       0.672,       9.019,       2.147
 142500         ,      31.656,       0.996,       7.930,       1.827
 143000         ,      29.702,       0.981,       8.491,       2.201
 143500         ,      28.197,       0.872,       7.117,       2.623
 144000         ,      32.209,       0.798,       7.076,       2.563
 144500         ,      32.679,       0.245,       8.796,       3.185
 145000         ,      31.246,       0.637,       7.817,       3.011
 145500         ,      33.092,       0.426,       9.111,       2.613
 146000         ,      28.705,       0.973,       6.001,       2.438
 146500         ,      31.084,       0.639,       8.655,       2.212
 147000         ,      30.565,       0.585,       8.291,       2.784
 147500         ,      30.700,       0.750,       8.128,       1.789
 148000         ,      30.678,       0.574,       6.774,       2.955
 148500         ,      31.287,       0.524,       7.772,       2.766
 149000         ,      31.764,       0.674,       8.460,       2.298
 149500         ,      31.256,       0.276,       8.537,       3.456
 150000         ,      32.079,       0.284,       9.165,       2.954
 150500         ,      33.382,       0.508,       8.490,       2.154
 151000         ,      29.571,       0.707,       7.587,       2.492
 151500         ,      30.170,       0.782,       7.432,       1.976
 152000         ,      32.975,       0.587,       8.997,       2.220
 152500         ,      32.008,       0.470,       8.574,       2.461
 153000         ,      32.377,       0.562,       8.736,       2.590
 153500         ,      29.305,       0.469,       7.950,       3.264
 154000         ,      32.731,       0.557,       8.846,       2.016
 154500         ,      30.833,       0.551,       8.379,       2.745
 155000         ,      31.611,       0.431,       9.147,       2.821
 155500         ,      32.638,       0.660,       8.550,       1.816
 156000         ,      29.356,       0.919,       8.274,       2.525
 156500         ,      28.024,       0.835,       6.760,       2.571
 157000         ,      33.325,       0.681,       7.993,       2.052
 157500         ,      32.422,       0.772,       7.378,       1.749
 158000         ,      33.137,       0.430,       8.611,       2.363
 158500         ,      31.202,       0.566,       8.660,       2.438
 159000         ,      28.440,       1.000,       7.129,       2.782
 159500         ,      33.145,       0.812,       8.223,       1.974
 160000         ,      30.445,       0.438,       8.094,       3.364
 160500         ,      33.239,       0.655,       8.334,       2.286
 161000         ,      30.674,       0.525,       7.511,       2.666
 161500         ,      32.942,       0.792,       8.048,       2.442
 162000         ,      31.477,       0.323,       8.370,       2.540
 162500         ,      25.948,       0.981,       6.879,       3.533
 163000         ,      31.111,       1.259,       7.236,       1.646
 163500         ,      27.959,       0.816,       7.070,       2.989
 164000         ,      29.977,       0.724,       7.476,       3.082
 164500         ,      32.432,       0.604,       8.233,       1.934
 165000         ,      29.643,       0.618,       7.767,       3.061
 165500         ,      31.660,       0.568,       9.216,       2.860
 166000         ,      31.987,       0.830,       7.717,       1.555
 166500         ,      31.688,       0.554,       7.938,       2.528
 167000         ,      31.634,       0.429,       8.096,       2.492
 167500         ,      31.864,       0.297,       9.112,       2.835
 168000         ,      30.776,       0.354,       8.323,       3.397
 168500         ,      30.871,       0.377,       8.911,       2.803
 169000         ,      31.528,       0.779,       7.404,       2.458
 169500         ,      31.756,       0.372,       8.245,       2.501
 170000         ,      29.129,       0.781,       8.259,       2.955
 170500         ,      30.027,       0.387,       8.459,       3.504
 171000         ,      31.498,       0.316,       8.365,       2.811
 171500         ,      31.883,       0.445,       8.232,       2.190
 172000         ,      30.710,       0.523,       8.094,       2.449
 172500         ,      31.167,       0.743,       8.379,       1.951
 173000         ,      30.624,       0.751,       8.079,       1.765
 173500         ,      32.511,       0.492,       8.217,       2.088
 174000         ,      29.743,       0.951,       7.929,       2.211
 174500         ,      29.592,       0.652,       7.298,       2.757
 175000         ,      29.623,       0.673,       8.328,       3.318
 175500         ,      32.960,       0.850,       7.934,       1.604
 176000         ,      30.975,       0.356,       8.581,       2.915
 176500         ,      29.840,       0.815,       7.181,       2.261
 177000         ,      32.309,       0.646,       8.374,       1.868
 177500         ,      32.367,       0.595,       8.331,       2.524
 178000         ,      30.490,       0.388,       8.575,       2.687
 178500         ,      30.019,       0.521,       8.673,       3.475
 179000         ,      31.423,       0.383,       9.184,       3.117
 179500         ,      30.656,       0.878,       8.551,       3.316
 180000         ,      30.982,       0.710,       8.008,       2.138
 180500         ,      31.012,       0.572,       8.564,       2.738
 181000         ,      32.073,       0.698,       8.879,       2.257
 181500         ,      32.229,       0.828,       8.601,       2.483
 182000         ,      32.494,       0.425,       9.080,       2.870
 182500         ,      31.575,       0.772,       8.431,       2.379
 183000         ,      32.583,       0.652,       8.441,       2.612
 183500         ,      31.072,       0.530,       8.777,       2.723
 184000         ,      30.021,       0.697,       8.220,       2.441
 184500         ,      30.510,       0.652,       8.616,       2.470
 185000         ,      31.233,       0.709,       8.697,       2.039
 185500         ,      30.695,       0.578,       7.728,       2.658
 186000         ,      31.694,       0.681,       7.874,       2.384
 186500         ,      31.647,       0.502,       8.527,       2.572
 187000         ,      31.954,       0.565,       7.466,       2.375
 187500         ,      33.123,       0.380,       8.711,       2.304
 188000         ,      32.089,       0.545,       9.281,       2.582
 188500         ,      32.969,       0.402,       9.372,       2.646
 189000         ,      32.539,       0.482,       8.500,       1.900
 189500         ,      32.772,       1.111,       8.130,       1.763
 190000         ,      30.435,       0.583,       7.095,       2.622
 190500         ,      32.209,       0.514,       7.704,       2.641
 191000         ,      32.409,       0.446,       8.783,       2.461
 191500         ,      26.474,       1.031,       5.899,       2.821
 192000         ,      32.483,       0.359,       8.322,       2.505
 192500         ,      26.637,       1.044,       7.348,       2.753
 193000         ,      29.194,       0.914,       6.979,       2.081
 193500         ,      29.866,       0.762,       8.269,       2.299
 194000         ,      29.720,       0.714,       8.351,       2.525
 194500         ,      31.843,       0.445,       8.632,       2.577
 195000         ,      30.780,       0.654,       8.167,       2.321
 195500         ,      31.453,       0.610,       8.170,       2.365
 196000         ,      30.479,       1.054,       7.273,       1.415
 196500         ,      33.268,       0.391,       8.842,       2.811
 197000         ,      30.587,       0.445,       7.752,       2.484
 197500         ,      32.660,       0.485,       8.345,       2.286
 198000         ,      30.565,       0.848,       7.210,       3.035
 198500         ,      31.504,       0.574,       8.759,       2.383
 199000         ,      29.000,       0.760,       7.715,       3.161
 199500         ,      30.801,       0.783,       8.816,       2.409
 200000         ,      30.994,       0.667,       8.433,       3.037
 200500         ,      31.720,       0.361,       8.857,       3.284
 201000         ,      28.302,       0.902,       7.216,       2.548
 201500         ,      28.879,       0.465,       7.687,       3.734
 202000         ,      28.520,       0.868,       7.583,       3.009
 202500         ,      31.565,       0.453,       8.827,       3.405
 203000         ,      31.373,       0.455,       8.722,       2.279
 203500         ,      28.987,       0.737,       7.779,       2.259
 204000         ,      32.570,       0.747,       8.048,       2.630
 204500         ,      33.219,       0.510,       8.269,       2.288
 205000         ,      31.402,       0.350,       8.993,       3.075
 205500         ,      31.630,       0.741,       9.039,       1.983
 206000         ,      31.047,       0.712,       8.096,       2.436
 206500         ,      31.421,       0.924,       7.911,       1.977
 207000         ,      33.070,       0.306,       9.012,       3.116
 207500         ,      31.276,       0.679,       7.792,       2.056
 208000         ,      28.985,       0.828,       7.211,       2.422
 208500         ,      31.125,       0.810,       8.022,       2.261
 209000         ,      31.983,       0.794,       8.544,       1.828
 209500         ,      31.375,       0.573,       7.872,       2.558
 210000         ,      32.416,       0.434,       8.761,       2.448
 210500         ,      32.420,       0.518,       8.753,       2.655
 211000         ,      29.411,       0.502,       7.869,       3.395
 211500         ,      32.718,       0.293,       9.267,       2.848
 212000         ,      28.154,       0.679,       7.643,       3.635
 212500         ,      32.860,       0.462,       9.068,       2.639
 213000         ,      33.057,       0.442,       9.031,       2.701
 213500         ,      32.686,       0.439,       8.277,       2.256
 214000         ,      30.000,       1.230,       6.568,       1.750
 214500         ,      31.397,       0.583,       8.454,       2.511
 215000         ,      28.519,       0.922,       7.839,       2.837
 215500         ,      31.869,       0.599,       8.889,       2.366
 216000         ,      31.151,       0.772,       8.048,       1.911
 216500         ,      32.983,       0.770,       7.999,       1.845
 217000         ,      30.685,       0.588,       8.154,       3.319
 217500         ,      31.942,       0.450,       8.477,       3.237
 218000         ,      31.732,       0.806,       8.301,       1.762
 218500         ,      29.869,       0.921,       7.654,       2.359
 219000         ,      32.214,       0.375,       8.314,       2.410
 219500         ,      32.343,       0.334,       9.430,       3.118
 220000         ,      30.389,       0.352,       8.135,       3.087
 220500         ,      30.909,       0.644,       7.963,       2.299
 221000         ,      29.550,       0.876,       8.179,       2.705
 221500         ,      32.392,       0.483,       8.843,       2.903
 222000         ,      31.921,       0.567,       8.097,       2.127
 222500         ,      32.126,       0.469,       9.065,       2.560
 223000         ,      30.836,       0.698,       8.499,       2.706
 223500         ,      33.398,       0.622,       7.864,       2.036
 224000         ,      29.232,       0.716,       7.131,       2.734
 224500         ,      30.289,       0.504,       7.828,       3.210
 225000         ,      33.017,       0.626,       7.937,       2.233
 225500         ,      31.963,       0.833,       8.426,       1.678
 226000         ,      29.968,       0.729,       8.367,       2.752
 226500         ,      31.755,       0.385,       8.339,       2.133
 227000         ,      27.126,       1.563,       5.477,       2.150
 227500         ,      29.385,       0.575,       8.408,       3.093
 228000         ,      32.172,       0.380,       9.039,       2.633
 228500         ,      31.486,       0.341,       8.925,       2.896
 229000         ,      28.081,       1.234,       7.205,       1.905
 229500         ,      29.924,       0.845,       7.655,       2.476
 230000         ,      28.844,       0.631,       7.975,       2.479
 230500         ,      31.300,       0.422,       7.934,       2.221
 231000         ,      31.324,       0.768,       7.206,       2.117
 231500         ,      31.337,       0.798,       7.555,       2.792
 232000         ,      29.813,       0.927,       6.980,       1.928
 232500         ,      29.198,       0.590,       7.912,       3.204
 233000         ,      32.354,       0.327,       8.416,       2.464
 233500         ,      31.587,       0.350,       9.041,       2.629
 234000         ,      32.342,       0.352,       9.077,       2.665
 234500         ,      33.061,       0.567,       8.607,       2.133
 235000         ,      31.662,       0.714,       8.473,       2.540
 235500         ,      31.894,       0.500,       8.957,       2.888
 236000         ,      32.413,       0.235,       8.784,       3.164
 236500         ,      31.841,       0.516,       8.942,       2.394
 237000         ,      31.997,       0.260,       8.559,       2.520
 237500         ,      32.734,       0.775,       8.047,       1.590
 238000         ,      30.067,       0.675,       7.644,       2.322
 238500         ,      31.187,       0.587,       7.959,       1.905
 239000         ,      29.924,       0.572,       7.407,       2.736
 239500         ,      31.991,       0.595,       8.053,       2.456
 240000         ,      32.839,       0.338,       9.101,       2.821
 240500         ,      30.377,       0.719,       7.667,       1.790
 241000         ,      31.879,       0.450,       9.132,       2.665
 241500         ,      30.619,       0.793,       8.144,       2.600
 242000         ,      31.472,       0.303,       9.127,       2.642
 242500         ,      30.592,       0.610,       8.153,       2.304
 243000         ,      32.547,       0.420,       9.166,       3.007
 243500         ,      33.008,       0.833,       8.165,       1.451
 244000         ,      29.935,       0.602,       7.375,       2.182
 244500         ,      30.574,       0.372,       8.026,       2.438
 245000         ,      29.743,       0.763,       8.355,       2.437
 245500         ,      28.594,       0.754,       7.677,       2.300
 246000         ,      29.635,       0.679,       7.434,       3.144
 246500         ,      30.673,       0.434,       8.234,       2.519
 247000         ,      30.834,       0.918,       7.259,       2.352
 247500         ,      30.189,       0.835,       7.631,       1.828
 248000         ,      32.264,       0.665,       8.041,       1.924
 248500         ,      32.563,       0.771,       7.687,       1.948
 249000         ,      32.435,       0.123,       9.163,       3.282
 249500         ,      30.718,       0.687,       7.685,       2.728
 250000         ,      30.237,       0.508,       8.205,       3.013
 250500         ,      31.946,       0.471,       9.131,       2.654
 251000         ,      30.003,       1.054,       5.997,       2.305
 251500         ,      31.228,       0.969,       7.637,       1.540
 252000         ,      30.196,       1.125,       6.623,       1.954
 252500         ,      29.532,       0.827,       7.641,       3.034
 253000         ,      29.611,       0.591,       7.244,       2.686
 253500         ,      28.182,       1.016,       5.992,       2.824
 254000         ,      28.389,       0.788,       7.224,       2.522
 254500         ,      30.834,       0.610,       8.209,       2.405
 255000         ,      29.855,       0.609,       7.883,       2.453
 255500         ,      31.739,       0.703,       7.875,       2.046
 256000         ,      31.096,       0.758,       8.368,       2.358
 256500         ,      32.817,       0.892,       8.291,       1.605
 257000         ,      31.801,       0.343,       8.397,       2.988
 257500         ,      29.161,       0.548,       7.364,       2.888
 258000         ,      31.776,       0.571,       8.398,       2.149
 258500         ,      31.785,       0.700,       7.959,       2.180
 259000         ,      29.298,       0.498,       7.066,       3.251
 259500         ,      31.946,       0.414,       8.505,       2.530
 260000         ,      32.922,       0.403,       9.314,       2.646
 260500         ,      31.416,       0.525,       8.443,       2.444
 261000         ,      31.675,       1.043,       7.926,       1.625
 261500         ,      31.000,       0.345,       8.452,       3.315
 262000         ,      31.913,       0.613,       8.548,       2.058
 262500         ,      30.580,       0.485,       8.694,       3.167
 263000         ,      30.682,       0.661,       7.798,       2.032
 263500         ,      32.964,       0.411,       9.092,       2.348
 264000         ,      30.890,       0.471,       8.683,       2.866
 264500         ,      30.192,       0.812,       6.849,       2.457
 265000         ,      29.996,       0.690,       7.211,       2.275
 265500         ,      30.990,       0.910,       8.199,       2.372
 266000         ,      29.701,       0.631,       8.603,       2.887
 266500         ,      32.837,       0.471,       9.188,       2.292
 267000         ,      30.894,       0.429,       9.007,       2.724
 267500         ,      33.109,       0.331,       8.836,       3.035
 268000         ,      29.573,       0.774,       7.530,       2.139
 268500         ,      32.063,       0.390,       8.388,       2.668
 269000         ,      30.694,       0.710,       7.588,       2.467
 269500         ,      31.997,       0.521,       8.800,       1.953
 270000         ,      32.314,       0.523,       8.357,       2.508
 270500         ,      31.823,       0.732,       8.179,       1.665
 271000         ,      30.867,       0.665,       8.626,       2.827
 271500         ,      33.194,       0.359,       8.476,       2.882
 272000         ,      28.939,       0.709,       7.653,       3.213
 272500         ,      30.087,       0.671,       8.499,       2.538
 273000         ,      28.918,       0.879,       6.875,       2.406
 273500         ,      31.390,       0.638,       8.112,       2.774
 274000         ,      32.217,       0.536,       8.885,       2.570
 274500         ,      30.261,       0.708,       6.977,       1.874
 275000         ,      28.845,       0.515,       7.395,       2.951
 275500         ,      31.200,       0.338,       8.059,       3.181
 276000         ,      31.202,       0.471,       7.596,       2.508
 276500         ,      32.111,       0.721,       7.836,       2.363
 277000         ,      29.718,       0.676,       7.385,       2.449
 277500         ,      30.733,       0.704,       8.507,       2.144
 278000         ,      30.877,       0.628,       7.921,       1.942
 278500         ,      33.019,       0.614,       8.766,       2.066
 279000         ,      31.795,       0.515,       9.218,       2.428
 279500         ,      26.772,       0.904,       6.904,       2.936
 280000         ,      32.577,       0.425,       9.005,       2.958
 280500         ,      31.004,       0.225,       7.708,       3.164
 281000         ,      30.453,       0.555,       8.687,       3.655
 281500         ,      31.359,       0.519,       8.631,       2.721
 282000         ,      27.120,       0.796,       7.236,       3.358
 282500         ,      31.059,       0.874,       9.077,       2.060
 283000         ,      30.682,       0.426,       8.608,       2.845
 283500         ,      27.999,       1.183,       6.220,       2.157
 284000         ,      30.087,       0.373,       8.346,       3.139
 284500         ,      31.738,       0.367,       9.204,       3.205
 285000         ,      31.082,       0.638,       8.826,       2.609
 285500         ,      31.508,       0.659,       7.568,       2.398
 286000         ,      29.442,       0.673,       8.236,       2.825
 286500         ,      30.138,       1.019,       7.208,       2.017
 287000         ,      32.201,       0.600,       7.510,       2.633
 287500         ,      30.967,       0.474,       8.774,       3.545
 288000         ,      32.325,       0.447,       8.508,       2.371
 288500         ,      31.116,       0.469,       8.251,       2.673
 289000         ,      28.577,       0.848,       7.822,       2.837
 289500         ,      31.872,       0.714,       8.157,       1.962
 290000         ,      32.154,       0.389,       8.835,       2.603
 290500         ,      31.053,       0.505,       7.298,       2.522
 291000         ,      30.530,       0.767,       8.383,       2.268
 291500         ,      32.115,       0.455,       8.868,       2.336
 292000         ,      31.749,       0.232,       8.836,       3.381
 292500         ,      28.162,       0.668,       6.999,       2.913
 293000         ,      30.702,       0.891,       7.541,       2.643
 293500         ,      31.421,       0.585,       8.232,       2.547
 294000         ,      30.477,       0.556,       6.951,       2.945
 294500         ,      27.578,       0.868,       6.849,       3.578
 295000         ,      29.467,       0.631,       7.795,       3.228
 295500         ,      30.947,       0.586,       8.001,       2.196
 296000         ,      32.248,       0.494,       8.600,       2.348
 296500         ,      31.972,       0.618,       9.237,       2.692
 297000         ,      30.113,       0.720,       7.803,       2.143
 297500         ,      26.872,       1.095,       6.533,       2.886
 298000         ,      31.583,       0.455,       8.651,       2.167
 298500         ,      28.566,       0.859,       6.283,       2.216
 299000         ,      28.484,       0.954,       6.673,       2.186
 299500         ,      31.186,       0.573,       8.629,       2.338
 300000         ,      32.195,       0.294,       8.898,       2.990
 300500         ,      30.750,       0.487,       8.360,       2.344
 301000         ,      30.542,       0.562,       8.268,       2.760
 301500         ,      31.987,       0.501,       8.359,       2.465
 302000         ,      31.003,       0.498,       8.651,       2.802
 302500         ,      30.540,       0.934,       8.995,       3.067
 303000         ,      31.651,       0.568,       8.483,       2.895
 303500         ,      32.758,       0.532,       8.896,       2.876
 304000         ,      31.161,       0.595,       7.597,       2.457
 304500         ,      31.436,       0.455,       8.687,       2.592
 305000         ,      26.820,       1.215,       7.246,       2.426
 305500         ,      30.863,       0.473,       8.648,       2.509
 306000         ,      31.341,       0.463,       7.996,       2.371
 306500         ,      31.072,       0.604,       7.796,       2.071
 307000         ,      31.854,       0.768,       7.368,       2.624
 307500         ,      32.774,       0.629,       8.630,       2.266
 308000         ,      27.653,       0.718,       7.143,       3.316
 308500         ,      28.373,       1.122,       8.329,       2.607
 309000         ,      27.813,       1.163,       6.679,       2.081
 309500         ,      32.067,       0.567,       8.808,       2.465
 310000         ,      30.655,       0.659,       7.203,       2.549
 310500         ,      31.027,       0.881,       7.970,       2.002
 311000         ,      30.666,       0.594,       8.184,       3.082
 311500         ,      32.161,       0.651,       7.884,       2.160
 312000         ,      31.871,       0.468,       8.801,       3.019
 312500         ,      32.886,       0.654,       8.648,       1.910
 313000         ,      28.259,       0.717,       7.597,       2.957
 313500         ,      29.329,       0.659,       7.463,       2.949
 314000         ,      29.554,       0.514,       7.917,       3.208
 314500         ,      32.882,       0.645,       8.398,       1.480
 315000         ,      30.301,       0.543,       8.361,       2.212
 315500         ,      31.815,       0.507,       7.486,       2.425
 316000         ,      32.419,       0.532,       8.698,       2.663
 316500         ,      30.543,       0.737,       7.532,       2.147
 317000         ,      31.415,       0.385,       8.129,       3.090
 317500         ,      28.480,       0.747,       7.709,       2.502
 318000         ,      31.431,       1.056,       8.926,       2.190
 318500         ,      27.185,       0.894,       7.470,       3.121
 319000         ,      28.144,       0.879,       7.735,       2.738
 319500         ,      32.057,       0.260,       9.091,       2.920
 320000         ,      29.348,       0.660,       8.478,       3.204
 320500         ,      32.801,       0.494,       8.711,       2.179
 321000         ,      31.103,       0.417,       7.910,       2.546
 321500         ,      33.426,       0.778,       8.589,       2.076
 322000         ,      32.241,       0.685,       7.595,       2.320
 322500         ,      30.613,       0.871,       7.782,       1.718
 323000         ,      31.694,       0.621,       8.046,       2.549
 323500         ,      32.149,       0.466,       8.495,       2.787
 324000         ,      30.007,       0.767,       8.047,       2.237
 324500         ,      30.499,       0.769,       8.651,       2.351
 325000         ,      32.470,       0.584,       8.001,       2.032
 325500         ,      31.155,       0.585,       8.770,       1.911
 326000         ,      31.823,       0.229,       8.807,       3.171
 326500         ,      29.301,       0.487,       8.164,       3.182
 327000         ,      31.227,       0.793,       8.740,       2.915
 327500         ,      30.686,       1.071,       6.799,       1.683
 328000         ,      32.828,       0.345,       8.538,       2.741
 328500         ,      31.842,       0.564,       7.598,       2.865
 329000         ,      31.007,       0.655,       7.484,       2.219
 329500         ,      32.278,       0.430,       9.368,       2.830
 330000         ,      30.952,       0.556,       8.184,       2.317
 330500         ,      32.803,       0.191,       9.096,       3.126
 331000         ,      33.316,       1.151,       8.330,       1.079
 331500         ,      31.630,       0.276,       9.083,       2.816
 332000         ,      30.411,       0.452,       8.281,       3.108
 332500         ,      30.219,       0.824,       7.573,       2.695
 333000         ,      33.118,       0.612,       8.740,       2.364
 333500         ,      29.432,       0.737,       7.513,       2.189
 334000         ,      29.077,       0.500,       7.643,       3.215
 334500         ,      29.248,       0.640,       7.220,       2.854
 335000         ,      32.723,       0.225,       8.504,       2.785
 335500         ,      27.286,       0.974,       7.601,       3.209
 336000         ,      31.149,       0.860,       8.011,       1.709
 336500         ,      31.829,       0.625,       8.097,       2.178
 337000         ,      28.701,       0.670,       7.846,       2.422
 337500         ,      30.863,       0.600,       8.206,       2.026
 338000         ,      31.818,       0.866,       7.972,       1.792
 338500         ,      31.629,       0.435,       8.621,       3.228
 339000         ,      33.071,       0.724,       8.558,       1.532
 339500         ,      32.384,       0.367,       8.734,       2.504
 340000         ,      28.542,       0.668,       7.549,       3.015
 340500         ,      26.964,       1.338,       5.703,       2.267
 341000         ,      31.686,       0.547,       7.818,       2.008
 341500         ,      29.207,       0.801,       6.711,       2.845
 342000         ,      30.353,       0.559,       7.971,       2.774
 342500         ,      30.878,       0.677,       7.598,       2.384
 343000         ,      32.697,       0.452,       8.762,       2.451
 343500         ,      30.995,       0.444,       8.430,       3.165
 344000         ,      31.158,       0.543,       8.757,       2.733
 344500         ,      29.483,       1.020,       7.895,       2.333
 345000         ,      32.184,       0.354,       8.016,       2.569
 345500         ,      30.890,       0.479,       8.070,       2.225
 346000         ,      28.318,       1.004,       7.703,       2.656
 346500         ,      31.599,       0.271,       9.054,       2.537
 347000         ,      30.754,       0.664,       8.286,       2.191
 347500         ,      31.235,       0.750,       7.977,       1.960
 348000         ,      30.928,       0.348,       8.720,       3.238
 348500         ,      31.942,       0.318,       8.602,       2.684
 349000         ,      30.348,       0.984,       8.266,       2.135
 349500         ,      32.315,       0.546,       9.014,       1.971
 350000         ,      30.495,       0.435,       8.708,       3.052
 350500         ,      30.997,       0.496,       7.536,       2.408
 351000         ,      30.591,       0.714,       8.995,       2.400
 351500         ,      29.779,       0.811,       7.483,       3.207
 352000         ,      32.682,       0.350,       8.889,       2.576
 352500         ,      31.988,       0.555,       8.388,       1.928
 353000         ,      31.150,       0.382,       8.544,       2.847
 353500         ,      32.573,       0.393,       9.138,       2.777
 354000         ,      31.243,       0.545,       8.268,       1.984
 354500         ,      32.642,       0.358,       8.894,       2.436
 355000         ,      30.796,       0.893,       8.412,       2.878
 355500         ,      31.579,       0.593,       7.966,       2.332
 356000         ,      32.297,       0.556,       8.268,       2.210
 356500         ,      31.690,       0.538,       8.667,       2.301
 357000         ,      31.068,       0.785,       8.426,       2.518
 357500         ,      31.826,       0.467,       8.247,       2.379
 358000         ,      27.477,       1.163,       7.709,       2.531
 358500         ,      30.282,       0.768,       7.853,       2.878
 359000         ,      32.643,       0.665,       8.353,       2.177
 359500         ,      29.341,       0.845,       8.017,       2.229
 360000         ,      29.651,       0.708,       7.636,       2.102
 360500         ,      32.747,       0.433,       8.293,       2.238
 361000         ,      31.523,       0.772,       8.604,       1.976
 361500         ,      30.934,       0.650,       8.775,       2.439
 362000         ,      29.021,       0.763,       8.226,       3.336
 362500         ,      29.966,       0.527,       8.225,       3.146
 363000         ,      30.051,       0.471,       7.952,       2.564
 363500         ,      29.820,       0.532,       8.211,       3.449
 364000         ,      28.310,       0.768,       7.716,       2.645
 364500         ,      31.373,       0.500,       9.030,       2.393
 365000         ,      27.826,       0.978,       5.925,       2.184
 365500         ,      30.680,       0.683,       8.549,       2.398
 366000         ,      29.554,       0.651,       7.383,       2.613
 366500         ,      26.970,       0.926,       7.340,       2.818
 367000         ,      32.452,       0.536,       9.041,       2.272
 367500         ,      31.540,       0.712,       8.559,       1.972
 368000         ,      31.146,       0.514,       8.440,       3.228
 368500         ,      32.346,       0.343,       8.702,       2.731
 369000         ,      31.150,       0.601,       8.528,       2.789
 369500         ,      29.940,       1.179,       6.809,       1.548
 370000         ,      32.339,       0.507,       8.587,       2.405
 370500         ,      30.942,       0.845,       8.223,       2.588
 371000         ,      30.332,       0.642,       7.698,       2.074
 371500         ,      33.323,       0.306,       8.810,       2.317
 372000         ,      31.941,       0.574,       8.358,       2.582
 372500         ,      31.273,       0.810,       8.457,       1.867
 373000         ,      30.411,       0.658,       8.317,       2.557
 373500         ,      32.052,       0.503,       8.730,       2.900
 374000         ,      31.421,       0.603,       8.440,       2.338
 374500         ,      31.410,       0.285,       7.661,       2.835
 375000         ,      28.939,       0.603,       7.715,       2.696
 375500         ,      33.193,       0.738,       8.965,       1.871
 376000         ,      32.210,       0.554,       8.489,       2.454
 376500         ,      31.905,       0.573,       8.937,       2.255
 377000         ,      32.649,       0.484,       8.834,       2.222
 377500         ,      32.228,       0.497,       7.963,       2.675
 378000         ,      31.006,       0.670,       7.732,       2.120
 378500         ,      31.256,       0.668,       7.674,       2.982
 379000         ,      32.288,       0.538,       9.374,       2.549
 379500         ,      30.793,       0.573,       8.638,       2.130
 380000         ,      29.132,       0.517,       7.774,       3.380
 380500         ,      30.326,       0.441,       7.799,       2.596
 381000         ,      29.255,       0.916,       7.754,       2.931
 381500         ,      32.553,       0.567,       8.214,       2.458
 382000         ,      32.590,       0.277,       8.896,       2.593
 382500         ,      32.146,       0.673,       7.820,       2.216
 383000         ,      31.786,       0.537,       8.608,       2.647
 383500         ,      32.646,       0.558,       8.734,       2.100
 384000         ,      31.145,       0.788,       8.267,       2.466
 384500         ,      31.773,       0.520,       9.084,       2.290
 385000         ,      32.105,       0.570,       8.337,       2.395
 385500         ,      29.590,       0.851,       7.180,       2.247
 386000         ,      30.298,       0.702,       8.925,       2.762
 386500         ,      31.505,       0.568,       8.592,       2.174
 387000         ,      32.376,       0.453,       8.292,       2.266
 387500         ,      30.466,       0.903,       8.518,       1.993
 388000         ,      32.407,       0.634,       8.217,       2.047
 388500         ,      29.453,       0.673,       7.500,       2.412
 389000         ,      30.169,       0.738,       7.420,       2.140
 389500         ,      30.001,       0.655,       7.982,       2.300
 390000         ,      32.209,       0.653,       8.445,       1.631
 390500         ,      29.029,       0.617,       7.165,       2.993
 391000         ,      32.699,       0.557,       8.792,       1.878
 391500         ,      31.443,       0.389,       8.346,       2.267
 392000         ,      32.383,       0.533,       7.995,       2.057
 392500         ,      31.509,       0.953,       7.863,       1.637
 393000         ,      32.357,       0.330,       9.038,       2.521
 393500         ,      28.331,       0.681,       7.184,       2.826
 394000         ,      32.784,       0.617,       8.400,       1.707
 394500         ,      31.019,       0.814,       8.169,       2.176
 395000         ,      28.458,       1.052,       6.995,       2.250
 395500         ,      32.395,       0.910,       8.691,       1.718
 396000         ,      28.603,       1.315,       6.808,       2.327
 396500         ,      32.685,       0.461,       9.442,       3.128
 397000         ,      30.311,       0.655,       7.186,       2.304
 397500         ,      29.147,       0.930,       6.354,       2.415
 398000         ,      31.372,       0.745,       8.954,       2.106
 398500         ,      32.044,       0.858,       8.364,       1.692
 399000         ,      30.818,       0.596,       7.851,       3.258
 399500         ,      30.451,       0.556,       8.299,       2.971
 400000         ,      32.258,       0.727,       7.355,       1.969
 400500         ,      31.619,       0.417,       8.476,       2.455
 401000         ,      31.971,       0.479,       8.064,       2.831
 401500         ,      31.593,       0.680,       7.495,       1.972
 402000         ,      32.362,       0.639,       7.580,       1.917
 402500         ,      30.417,       0.719,       8.121,       3.043
 403000         ,      32.497,       0.474,       8.711,       2.252
 403500         ,      31.641,       0.833,       8.334,       2.769
 404000         ,      32.902,       0.511,       8.869,       2.349
 404500         ,      30.516,       0.783,       7.511,       2.146
 405000         ,      31.008,       0.616,       8.632,       2.377
 405500         ,      32.894,       0.697,       8.561,       2.351
 406000         ,      33.116,       0.350,       8.201,       2.574
 406500         ,      32.975,       0.420,       8.459,       2.044
 407000         ,      31.126,       0.905,       7.614,       2.579
 407500         ,      31.314,       0.656,       7.529,       1.865
 408000         ,      32.790,       0.623,       8.367,       2.141
 408500         ,      31.065,       0.691,       7.036,       2.525
 409000         ,      27.692,       0.982,       7.738,       2.792
 409500         ,      30.678,       0.528,       9.019,       2.521
 410000         ,      32.167,       0.713,       8.690,       1.960
 410500         ,      33.238,       0.679,       8.146,       1.602
 411000         ,      31.721,       1.058,       6.949,       1.785
 411500         ,      32.469,       0.517,       8.383,       2.630
 412000         ,      31.851,       0.539,       8.619,       2.266
 412500         ,      31.685,       0.608,       8.673,       1.819
 413000         ,      31.162,       0.334,       8.762,       2.972
 413500         ,      32.339,       0.207,       9.259,       3.280
 414000         ,      30.344,       0.902,       7.877,       1.761
 414500         ,      32.255,       0.903,       8.065,       2.117
 415000         ,      31.362,       0.399,       8.728,       3.076
 415500         ,      30.670,       0.733,       7.446,       2.758
 416000         ,      29.381,       0.612,       7.825,       2.577
 416500         ,      32.095,       0.467,       8.915,       2.804
 417000         ,      32.044,       0.493,       9.160,       2.836
 417500         ,      31.118,       0.425,       8.900,       2.534
 418000         ,      30.924,       0.856,       9.006,       2.364
 418500         ,      29.678,       0.952,       6.926,       1.553
 419000         ,      31.861,       0.636,       8.624,       2.469
 419500         ,      32.103,       0.335,       8.415,       2.826
 420000         ,      30.029,       0.880,       8.126,       1.967
 420500         ,      32.341,       0.548,       8.377,       2.216
 421000         ,      31.584,       0.420,       8.431,       2.224
 421500         ,      32.608,       0.312,       8.469,       2.629
 422000         ,      30.100,       0.519,       8.665,       2.898
 422500         ,      31.792,       0.589,       8.657,       2.151
 423000         ,      32.401,       0.437,       9.012,       2.405
 423500         ,      31.613,       0.573,       7.361,       2.462
 424000         ,      32.164,       0.341,       8.892,       3.042
 424500         ,      32.306,       0.530,       9.448,       2.798
 425000         ,      31.081,       0.451,       8.552,       3.007
 425500         ,      32.187,       0.375,       8.484,       2.721
 426000         ,      31.408,       0.447,       9.102,       3.476
 426500         ,      30.635,       0.416,       7.685,       2.894
 427000         ,      32.453,       0.774,       8.173,       1.437
 427500         ,      31.328,       0.415,       8.849,       2.630
 428000         ,      32.006,       0.320,       9.414,       3.011
 428500         ,      30.973,       0.548,       9.125,       2.803
 429000         ,      32.131,       0.292,       9.012,       3.155
 429500         ,      31.229,       0.591,       7.556,       2.170
 430000         ,      33.276,       0.286,       8.920,       3.066
 430500         ,      31.064,       0.612,       8.812,       2.642
 431000         ,      31.402,       0.604,       8.304,       2.352
 431500         ,      29.459,       0.571,       7.985,       3.392
 432000         ,      26.688,       1.509,       7.806,       2.997
 432500         ,      25.849,       1.051,       7.013,       3.712
 433000         ,      30.503,       0.560,       8.481,       2.263
 433500         ,      31.901,       0.575,       8.876,       2.917
 434000         ,      32.672,       0.274,       8.890,       2.659
 434500         ,      27.882,       0.907,       6.955,       2.745
 435000         ,      30.820,       0.755,       7.782,       2.268
 435500         ,      29.736,       0.628,       8.369,       2.927
 436000         ,      30.629,       0.488,       7.742,       2.485
 436500         ,      31.557,       0.639,       8.506,       2.592
 437000         ,      32.942,       0.555,       8.281,       2.175
 437500         ,      31.233,       0.498,       8.660,       2.654
 438000         ,      32.544,       0.375,       8.918,       2.323
 438500         ,      30.552,       0.796,       8.800,       2.528
 439000         ,      31.486,       0.417,       8.965,       3.043
 439500         ,      28.163,       0.742,       6.496,       2.684
 440000         ,      31.383,       0.676,       8.576,       1.790
 440500         ,      32.236,       0.347,       8.845,       2.553
 441000         ,      33.009,       0.733,       8.569,       1.629
 441500         ,      30.671,       0.632,       8.797,       3.702
 442000         ,      33.262,       0.604,       8.627,       2.729
 442500         ,      32.102,       0.522,       9.129,       2.473
 443000         ,      31.486,       0.702,       8.767,       2.711
 443500         ,      30.165,       0.528,       7.426,       3.252
 444000         ,      32.914,       0.473,       8.493,       3.103
 444500         ,      30.407,       0.528,       8.433,       2.516
 445000         ,      30.448,       0.398,       8.076,       2.617
 445500         ,      32.358,       0.663,       8.091,       2.045
 446000         ,      32.332,       0.695,       8.122,       2.009
 446500         ,      31.751,       0.301,       8.613,       2.731
 447000         ,      32.179,       0.343,       8.264,       2.489
 447500         ,      32.506,       0.729,       7.715,       1.851
 448000         ,      30.260,       0.293,       8.213,       3.002
 448500         ,      29.416,       0.503,       8.131,       3.473
 449000         ,      29.660,       0.590,       8.579,       3.137
 449500         ,      31.341,       0.531,       8.488,       2.956
 450000         ,      30.552,       0.429,       7.619,       3.218
 450500         ,      31.082,       0.785,       9.113,       2.229
 451000         ,      30.804,       0.690,       8.035,       2.144
 451500         ,      32.256,       0.267,       8.607,       2.776
 452000         ,      32.834,       0.535,       8.841,       2.107
 452500         ,      29.668,       0.603,       7.211,       2.379
 453000         ,      27.568,       0.756,       7.035,       3.425
 453500         ,      30.454,       0.614,       8.338,       2.116
 454000         ,      31.910,       0.855,       8.698,       2.322
 454500         ,      32.930,       0.414,       7.982,       2.760
 455000         ,      30.898,       0.645,       8.845,       2.660
 455500         ,      31.037,       0.491,       8.278,       2.809
 456000         ,      30.876,       0.403,       8.266,       2.591
 456500         ,      31.788,       0.472,       8.538,       2.455
 457000         ,      30.166,       0.553,       8.384,       2.987
 457500         ,      29.678,       0.551,       8.351,       2.687
 458000         ,      30.650,       0.596,       8.640,       2.442
 458500         ,      30.211,       0.427,       7.970,       2.922
 459000         ,      30.145,       0.382,       8.566,       3.029
 459500         ,      31.679,       0.497,       8.008,       2.247
 460000         ,      31.139,       0.319,       8.951,       3.170
 460500         ,      25.689,       1.072,       6.918,       3.798
 461000         ,      32.054,       0.777,       8.752,       2.082
 461500         ,      30.152,       0.591,       8.555,       2.470
 462000         ,      31.372,       0.518,       8.758,       3.221
 462500         ,      32.400,       0.502,       8.403,       2.073
 463000         ,      29.503,       1.372,       6.052,       1.714
 463500         ,      29.380,       0.792,       8.322,       2.868
 464000         ,      31.106,       0.796,       7.812,       1.874
 464500         ,      32.253,       0.570,       8.460,       2.378
 465000         ,      30.755,       0.643,       8.871,       3.285
 465500         ,      31.775,       0.466,       8.496,       2.311
 466000         ,      30.355,       0.542,       7.607,       2.535
 466500         ,      30.884,       0.669,       7.743,       2.348
 467000         ,      31.808,       0.560,       8.220,       2.027
 467500         ,      32.146,       0.367,       8.620,       2.414
 468000         ,      32.587,       0.462,       8.682,       2.678
 468500         ,      32.152,       0.292,       9.230,       2.718
 469000         ,      31.563,       0.650,       8.816,       1.982
 469500         ,      33.148,       0.325,       9.074,       3.026
 470000         ,      30.291,       0.561,       8.511,       2.382
 470500         ,      32.941,       0.305,       8.908,       2.735
 471000         ,      33.238,       0.517,       8.757,       2.486
 471500         ,      30.635,       0.378,       8.307,       3.257
 472000         ,      29.538,       0.538,       7.997,       2.502
 472500         ,      30.164,       0.473,       7.778,       2.631
 473000         ,      32.628,       0.781,       8.493,       1.903
 473500         ,      32.231,       0.439,       8.716,       3.108
 474000         ,      30.726,       0.836,       6.865,       2.081
 474500         ,      31.294,       0.686,       7.158,       2.140
 475000         ,      32.600,       0.436,       8.444,       2.426
 475500         ,      32.016,       0.634,       8.023,       2.145
 476000         ,      32.812,       0.215,       9.060,       3.159
 476500         ,      32.639,       0.757,       7.926,       2.250
 477000         ,      31.892,       0.461,       8.815,       2.402
 477500         ,      30.484,       0.566,       8.645,       2.413
 478000         ,      32.967,       0.489,       8.514,       2.194
 478500         ,      32.348,       0.449,       8.075,       2.384
 479000         ,      29.121,       0.685,       7.919,       2.679
 479500         ,      30.809,       0.790,       7.538,       2.199
 480000         ,      31.861,       0.703,       8.466,       1.750
 480500         ,      28.819,       0.683,       7.411,       3.116
 481000         ,      30.472,       0.536,       7.373,       2.689
 481500         ,      31.238,       0.506,       9.083,       2.964
 482000         ,      30.960,       0.561,       8.650,       2.419
 482500         ,      30.914,       0.364,       8.325,       3.517
 483000         ,      29.872,       1.067,       7.482,       2.496
 483500         ,      32.514,       0.710,       7.402,       1.692
 484000         ,      30.719,       0.671,       8.092,       2.023
 484500         ,      30.862,       0.641,       7.922,       3.229
 485000         ,      31.656,       0.506,       8.956,       2.451
 485500         ,      25.487,       1.375,       7.347,       3.165
 486000         ,      28.881,       0.789,       7.002,       3.174
 486500         ,      33.114,       0.448,       9.201,       2.890
 487000         ,      32.759,       0.515,       8.665,       2.302
 487500         ,      30.785,       0.551,       8.613,       2.402
 488000         ,      28.549,       0.837,       7.732,       2.415
 488500         ,      30.600,       0.324,       8.506,       2.859
 489000         ,      32.533,       0.521,       8.339,       2.491
 489500         ,      32.629,       0.456,       8.731,       2.376
 490000         ,      30.347,       0.729,       7.103,       2.673
 490500         ,      32.950,       1.145,       8.050,       1.647
 491000         ,      30.259,       0.942,       8.036,       2.238
 491500         ,      32.157,       0.313,       8.867,       2.816
 492000         ,      31.679,       0.807,       8.286,       1.581
 492500         ,      30.865,       0.454,       8.932,       3.145
 493000         ,      30.814,       0.707,       8.851,       2.858
 493500         ,      31.468,       0.660,       8.887,       2.479
 494000         ,      30.051,       0.882,       7.257,       2.361
 494500         ,      30.580,       0.717,       9.024,       2.922
 495000         ,      31.812,       0.580,       8.047,       2.613
 495500         ,      32.174,       0.818,       7.685,       2.398
 496000         ,      32.091,       0.287,       8.721,       2.547
 496500         ,      33.339,       0.737,       8.211,       1.699
 497000         ,      32.434,       0.961,       8.382,       1.515
 497500         ,      31.301,       0.524,       8.838,       2.309
 498000         ,      31.895,       0.548,       9.068,       2.471
 498500         ,      31.091,       0.740,       8.095,       2.090
 499000         ,      32.253,       0.528,       8.759,       2.329
 499500         ,      32.147,       0.579,       8.808,       2.264
 500000         ,      30.531,       0.465,       8.248,       3.089
