--------------------------------------------------------------------------------
S H A P E   v2.1         Continuous Shape Measures calculation
(c) 2013  Electronic Structure Group, Universitat de Barcelona
                   Contact:  llunell@ub.edu                   
--------------------------------------------------------------------------------

coordination ZF1 

HP-6            1 D6h   Hexagon                                            
PPY-6           2 C5v   Pentagonal pyramid                                 
OC-6            3 Oh    Octahedron                                         
TPR-6           4 D3h   Trigonal prism                                     
JPPY-6          5 C5v   Johnson pentagonal pyramid J2                      

Structure [ML6 ]         HP-6        PPY-6         OC-6        TPR-6       JPPY-6
 0              ,      30.788,      26.172,       1.627,      15.434,      28.497
 1000           ,      33.583,      26.921,       1.312,      14.903,      30.813
 2000           ,      32.978,      25.761,       1.667,      13.987,      28.306
 3000           ,      32.121,      26.461,       1.236,      12.914,      29.134
 4000           ,      32.974,      28.029,       1.216,      15.728,      30.680
 5000           ,      31.861,      28.436,       1.328,      15.857,      31.226
 6000           ,      33.019,      28.399,       1.551,      16.761,      31.821
 7000           ,      31.857,      28.379,       1.106,      15.794,      30.969
 8000           ,      33.341,      29.180,       1.703,      17.107,      32.331
 9000           ,      33.562,      25.588,       1.749,      14.242,      28.657
 10000          ,      32.060,      28.176,       1.512,      15.956,      30.118
 11000          ,      32.887,      24.900,       1.791,      13.102,      29.578
 12000          ,      30.939,      27.162,       1.570,      15.323,      30.777
 13000          ,      33.760,      25.873,       1.932,      14.018,      30.208
 14000          ,      32.073,      27.170,       1.371,      15.232,      30.140
 15000          ,      32.519,      27.992,       1.235,      15.686,      30.609
 16000          ,      32.303,      27.610,       1.548,      17.049,      30.702
 17000          ,      32.420,      25.375,       1.562,      12.334,      28.830
 18000          ,      32.774,      27.553,       1.164,      16.189,      31.462
 19000          ,      31.303,      27.675,       1.389,      15.643,      29.999
 20000          ,      32.295,      28.640,       1.294,      16.539,      31.225
 21000          ,      32.143,      24.966,       1.448,      13.014,      28.053
 22000          ,      32.706,      25.755,       1.545,      14.086,      28.977
 23000          ,      33.087,      24.741,       1.669,      13.114,      29.454
 24000          ,      32.568,      27.355,       1.447,      16.073,      30.399
 25000          ,      33.389,      27.129,       1.123,      15.292,      30.450
 26000          ,      30.825,      26.698,       1.602,      15.126,      30.868
 27000          ,      31.716,      25.233,       1.265,      13.586,      28.485
 28000          ,      32.691,      27.237,       1.643,      15.936,      31.636
 29000          ,      32.759,      26.663,       1.788,      15.391,      30.154
 30000          ,      30.914,      26.336,       1.282,      14.257,      29.967
 31000          ,      30.197,      26.803,       1.179,      15.345,      30.036
 32000          ,      31.833,      27.261,       1.470,      15.740,      30.399
 33000          ,      33.314,      26.317,       1.702,      14.441,      29.723
 34000          ,      32.362,      25.621,       1.450,      14.173,      28.917
 35000          ,      31.806,      26.149,       1.122,      14.516,      29.305
 36000          ,      31.619,      26.988,       1.217,      13.703,      29.201
 37000          ,      32.135,      28.034,       1.277,      16.704,      31.285
 38000          ,      31.267,      26.326,       1.439,      16.673,      29.198
 39000          ,      32.346,      26.270,       1.641,      16.133,      28.848
 40000          ,      32.729,      26.591,       1.428,      14.775,      29.295
 41000          ,      33.258,      26.803,       1.409,      15.850,      30.862
 42000          ,      31.306,      27.065,       1.206,      14.491,      30.002
 43000          ,      32.554,      26.652,       1.411,      15.074,      30.071
 44000          ,      31.290,      27.901,       1.248,      16.034,      30.186
 45000          ,      30.943,      26.348,       1.230,      13.638,      30.505
 46000          ,      31.756,      25.146,       0.923,      13.509,      29.482
 47000          ,      31.710,      26.937,       1.535,      15.553,      29.008
 48000          ,      33.012,      25.798,       2.309,      14.007,      28.582
 49000          ,      32.399,      26.957,       1.099,      14.793,      30.946
 50000          ,      33.083,      24.903,       2.599,      12.099,      28.032
 51000          ,      32.556,      26.567,       1.512,      14.166,      29.345
 52000          ,      32.945,      28.360,       1.379,      16.714,      31.743
 53000          ,      31.160,      27.591,       1.220,      16.311,      30.653
 54000          ,      32.493,      27.534,       1.424,      15.810,      30.483
 55000          ,      30.703,      26.080,       1.066,      15.102,      29.115
 56000          ,      31.439,      27.704,       1.756,      16.598,      29.819
 57000          ,      31.915,      25.552,       1.632,      13.415,      30.095
 58000          ,      32.615,      27.868,       1.723,      15.183,      30.761
 59000          ,      31.841,      25.844,       1.552,      13.851,      30.234
 60000          ,      33.348,      27.880,       1.816,      15.670,      30.496
 61000          ,      32.323,      27.844,       1.191,      15.137,      30.020
 62000          ,      33.042,      27.803,       0.886,      15.382,      31.264
 63000          ,      32.248,      27.077,       1.427,      14.118,      29.748
 64000          ,      32.932,      27.497,       1.638,      16.071,      29.950
 65000          ,      32.566,      26.143,       1.044,      14.915,      29.677
 66000          ,      31.966,      28.001,       1.195,      15.294,      30.676
 67000          ,      30.740,      27.916,       1.698,      15.568,      29.826
 68000          ,      31.347,      27.670,       1.484,      16.008,      30.554
 69000          ,      32.783,      26.725,       1.681,      16.479,      29.265
 70000          ,      30.485,      26.329,       1.055,      15.669,      29.960
 71000          ,      32.509,      27.059,       1.419,      14.790,      31.282
 72000          ,      32.258,      26.007,       1.529,      13.752,      29.415
 73000          ,      31.036,      27.572,       1.941,      16.032,      30.062
 74000          ,      32.965,      26.434,       1.240,      13.714,      29.648
 75000          ,      31.946,      25.509,       2.154,      13.502,      27.793
 76000          ,      31.710,      27.582,       1.143,      15.378,      30.561
 77000          ,      31.213,      24.749,       1.744,      12.741,      28.279
 78000          ,      31.279,      28.065,       0.990,      16.644,      31.246
 79000          ,      33.467,      28.171,       1.412,      16.478,      31.329
 80000          ,      31.848,      26.246,       1.460,      14.963,      29.838
 81000          ,      33.854,      26.621,       2.005,      14.837,      29.871
 82000          ,      32.552,      27.275,       1.828,      15.675,      31.476
 83000          ,      33.056,      27.847,       1.441,      15.396,      30.766
 84000          ,      32.846,      27.286,       1.570,      14.438,      30.082
 85000          ,      32.954,      27.237,       1.242,      15.741,      30.744
 86000          ,      31.950,      27.364,       1.539,      15.977,      29.463
 87000          ,      30.654,      23.006,       2.038,      13.403,      25.893
 88000          ,      31.936,      25.957,       2.242,      14.245,      28.816
 89000          ,      30.515,      26.949,       1.230,      15.676,      29.765
 90000          ,      31.703,      27.603,       1.472,      15.262,      30.799
 91000          ,      32.858,      28.082,       1.306,      16.139,      31.181
 92000          ,      32.196,      25.357,       1.651,      13.457,      29.274
 93000          ,      33.442,      27.575,       1.067,      14.122,      30.868
 94000          ,      31.285,      26.386,       1.905,      14.660,      29.059
 95000          ,      31.573,      26.569,       1.364,      15.104,      28.689
 96000          ,      31.215,      26.696,       1.520,      15.764,      29.887
 97000          ,      31.820,      28.062,       1.680,      16.034,      29.725
 98000          ,      33.434,      28.115,       1.206,      16.068,      31.185
 99000          ,      29.745,      24.743,       1.804,      15.993,      27.699
 100000         ,      32.639,      26.963,       1.047,      15.189,      30.486
 101000         ,      32.439,      27.394,       1.135,      15.914,      30.726
 102000         ,      33.188,      27.858,       1.273,      14.726,      30.999
 103000         ,      31.631,      26.203,       1.766,      13.468,      29.253
 104000         ,      32.441,      28.411,       1.157,      16.013,      31.689
 105000         ,      32.381,      28.087,       1.347,      14.888,      32.023
 106000         ,      32.793,      25.403,       1.936,      13.633,      28.933
 107000         ,      31.095,      27.626,       1.397,      16.170,      30.863
 108000         ,      31.689,      26.496,       1.357,      13.951,      29.445
 109000         ,      32.506,      25.500,       1.180,      15.021,      28.726
 110000         ,      32.121,      28.243,       1.707,      15.221,      30.574
 111000         ,      33.450,      28.258,       1.280,      15.185,      31.315
 112000         ,      29.933,      26.028,       1.268,      16.012,      28.935
 113000         ,      31.900,      27.507,       0.912,      15.403,      31.280
 114000         ,      32.794,      27.866,       1.272,      15.895,      30.789
 115000         ,      32.378,      26.189,       2.078,      12.932,      29.327
 116000         ,      31.245,      26.359,       1.324,      16.332,      30.523
 117000         ,      30.010,      26.933,       1.743,      15.640,      28.613
 118000         ,      32.478,      26.817,       1.667,      15.171,      29.920
 119000         ,      33.021,      26.561,       1.744,      13.694,      30.603
 120000         ,      32.197,      27.497,       1.732,      15.369,      30.870
 121000         ,      33.470,      28.078,       1.230,      15.645,      30.560
 122000         ,      31.586,      27.721,       1.720,      17.167,      31.014
 123000         ,      30.016,      26.319,       1.419,      15.657,      28.427
 124000         ,      32.453,      27.900,       1.770,      14.651,      30.154
 125000         ,      32.932,      27.311,       1.506,      15.079,      30.392
 126000         ,      31.261,      27.768,       1.150,      15.623,      30.784
 127000         ,      30.205,      27.809,       1.533,      16.071,      29.813
 128000         ,      32.519,      27.819,       1.292,      15.674,      30.659
 129000         ,      32.075,      27.202,       1.354,      14.302,      30.219
 130000         ,      32.121,      26.369,       1.447,      13.957,      28.478
 131000         ,      31.037,      27.353,       1.158,      15.172,      29.815
 132000         ,      30.731,      24.755,       2.027,      14.562,      27.840
 133000         ,      31.356,      26.786,       1.417,      14.626,      29.838
 134000         ,      33.154,      28.117,       1.218,      15.449,      31.441
 135000         ,      31.734,      26.906,       1.402,      14.102,      29.226
 136000         ,      32.450,      25.307,       1.417,      15.225,      28.366
 137000         ,      29.786,      25.286,       1.719,      14.315,      27.707
 138000         ,      30.150,      24.745,       1.486,      13.588,      29.016
 139000         ,      32.895,      26.305,       1.401,      14.617,      29.318
 140000         ,      32.477,      25.752,       1.809,      14.059,      30.036
 141000         ,      32.062,      26.640,       1.331,      14.495,      29.906
 142000         ,      33.144,      26.276,       1.560,      13.278,      28.995
 143000         ,      32.455,      24.610,       2.557,      13.505,      26.561
 144000         ,      32.401,      26.389,       1.359,      15.137,      29.506
 145000         ,      31.233,      23.777,       2.135,      12.688,      26.563
 146000         ,      31.228,      27.015,       1.315,      14.884,      30.289
 147000         ,      33.386,      28.118,       1.580,      14.755,      30.737
 148000         ,      32.247,      26.707,       1.757,      14.657,      29.671
 149000         ,      32.738,      26.856,       1.584,      14.884,      29.335
 150000         ,      33.037,      26.787,       1.522,      16.696,      29.933
 151000         ,      33.253,      27.528,       1.314,      16.418,      30.971
 152000         ,      33.067,      27.959,       1.941,      15.855,      30.725
 153000         ,      31.944,      25.804,       1.844,      13.751,      28.678
 154000         ,      32.337,      26.260,       1.080,      14.240,      29.679
 155000         ,      31.551,      26.627,       1.353,      13.625,      30.621
 156000         ,      32.767,      27.953,       1.310,      15.561,      30.517
 157000         ,      31.294,      27.626,       1.047,      16.229,      29.868
 158000         ,      31.675,      25.856,       1.183,      13.436,      28.956
 159000         ,      32.839,      26.619,       1.431,      14.726,      31.089
 160000         ,      32.406,      25.768,       1.251,      15.379,      29.154
 161000         ,      31.485,      27.478,       1.114,      14.995,      30.594
 162000         ,      30.918,      25.922,       1.789,      15.059,      27.673
 163000         ,      30.784,      27.680,       1.397,      16.049,      30.709
 164000         ,      32.466,      27.784,       1.556,      15.103,      31.003
 165000         ,      30.942,      25.860,       1.687,      13.620,      28.896
 166000         ,      31.767,      26.710,       1.266,      15.048,      30.352
 167000         ,      32.462,      28.045,       1.468,      15.504,      30.770
 168000         ,      31.933,      26.391,       1.570,      15.543,      28.762
 169000         ,      33.024,      27.617,       1.724,      15.252,      31.159
 170000         ,      32.833,      27.897,       1.342,      16.372,      30.583
 171000         ,      31.004,      27.474,       0.841,      14.446,      30.055
 172000         ,      32.540,      26.486,       1.196,      15.575,      29.832
 173000         ,      32.106,      26.691,       1.140,      15.735,      30.132
 174000         ,      31.694,      25.413,       1.457,      14.600,      28.630
 175000         ,      32.988,      27.469,       1.469,      15.323,      30.291
 176000         ,      33.175,      26.218,       1.674,      12.988,      29.279
 177000         ,      31.686,      25.689,       1.619,      12.997,      28.866
 178000         ,      32.345,      28.042,       1.031,      16.151,      30.924
 179000         ,      30.170,      23.452,       1.933,      11.951,      25.550
 180000         ,      32.143,      27.150,       1.823,      15.357,      30.181
 181000         ,      31.420,      25.631,       1.388,      13.211,      27.941
 182000         ,      31.807,      28.186,       1.360,      16.149,      31.442
 183000         ,      32.625,      26.763,       1.395,      14.562,      31.189
 184000         ,      32.443,      27.209,       1.332,      15.108,      29.842
 185000         ,      31.336,      27.220,       1.088,      16.428,      30.398
 186000         ,      29.830,      24.713,       1.105,      14.015,      28.052
 187000         ,      30.717,      26.615,       1.935,      15.652,      28.687
 188000         ,      33.889,      27.782,       1.616,      15.487,      30.730
 189000         ,      33.269,      27.762,       1.642,      15.749,      31.423
 190000         ,      33.257,      28.110,       1.008,      15.635,      31.132
 191000         ,      32.506,      27.761,       0.968,      15.721,      31.419
 192000         ,      30.752,      26.619,       1.323,      14.127,      29.692
 193000         ,      30.838,      26.295,       1.159,      15.096,      29.353
 194000         ,      31.728,      24.772,       1.769,      12.533,      28.496
 195000         ,      33.188,      24.211,       2.116,      12.324,      27.213
 196000         ,      32.472,      27.286,       1.624,      15.249,      29.748
 197000         ,      32.534,      27.861,       0.854,      15.262,      31.424
 198000         ,      33.155,      27.917,       1.008,      15.597,      30.933
 199000         ,      32.869,      27.518,       1.413,      15.623,      31.260
 200000         ,      32.759,      27.487,       1.120,      16.282,      30.586
 201000         ,      30.722,      27.468,       1.282,      15.834,      29.721
 202000         ,      31.671,      25.249,       1.722,      14.351,      27.193
 203000         ,      31.457,      27.934,       1.231,      16.564,      30.476
 204000         ,      31.152,      27.090,       0.959,      14.691,      30.732
 205000         ,      31.769,      26.572,       0.996,      15.094,      29.861
 206000         ,      32.549,      28.251,       1.082,      15.272,      31.338
 207000         ,      32.455,      26.947,       1.260,      15.261,      30.115
 208000         ,      32.689,      27.230,       0.902,      14.505,      30.359
 209000         ,      33.150,      28.313,       1.443,      17.033,      31.143
 210000         ,      32.453,      28.063,       0.927,      15.383,      31.661
 211000         ,      33.252,      27.475,       1.660,      15.378,      30.467
 212000         ,      31.197,      27.199,       1.426,      16.067,      29.616
 213000         ,      32.820,      28.116,       1.400,      15.719,      30.834
 214000         ,      31.847,      26.784,       1.663,      13.946,      29.326
 215000         ,      32.026,      22.893,       2.580,      10.821,      26.853
 216000         ,      31.571,      27.838,       1.729,      15.477,      30.802
 217000         ,      32.388,      27.235,       1.134,      15.803,      30.519
 218000         ,      31.413,      27.095,       1.824,      16.726,      30.438
 219000         ,      31.714,      27.128,       1.425,      15.323,      30.678
 220000         ,      32.323,      27.420,       1.572,      15.099,      31.266
 221000         ,      32.959,      27.698,       1.430,      14.997,      30.875
 222000         ,      31.189,      26.702,       1.734,      15.637,      29.579
 223000         ,      32.733,      26.672,       1.516,      14.150,      30.089
 224000         ,      32.944,      24.485,       1.734,      13.865,      28.721
 225000         ,      29.771,      26.720,       1.949,      15.156,      28.349
 226000         ,      32.264,      27.731,       1.507,      15.497,      29.994
 227000         ,      32.861,      26.152,       1.812,      15.728,      29.026
 228000         ,      33.162,      27.370,       1.207,      14.907,      30.345
 229000         ,      32.975,      27.619,       1.296,      14.649,      29.890
 230000         ,      32.213,      27.373,       1.690,      15.784,      30.355
 231000         ,      33.194,      26.926,       1.594,      14.691,      30.516
 232000         ,      33.898,      28.162,       1.954,      15.852,      31.307
 233000         ,      33.353,      27.068,       1.382,      14.151,      30.761
 234000         ,      30.771,      24.287,       1.680,      12.803,      26.389
 235000         ,      33.640,      27.350,       1.712,      15.245,      30.362
 236000         ,      32.746,      28.905,       1.519,      16.387,      31.375
 237000         ,      32.445,      24.975,       2.088,      13.889,      27.328
 238000         ,      32.668,      26.868,       1.272,      15.272,      31.130
 239000         ,      32.137,      27.227,       1.329,      15.254,      29.201
 240000         ,      31.888,      26.646,       1.280,      15.889,      29.809
 241000         ,      30.027,      23.993,       1.932,      12.954,      26.652
 242000         ,      30.218,      25.622,       1.925,      13.314,      27.363
 243000         ,      32.837,      28.616,       1.681,      16.354,      31.912
 244000         ,      30.087,      26.373,       1.420,      14.916,      28.677
 245000         ,      32.777,      25.244,       1.360,      13.761,      28.246
 246000         ,      33.365,      26.282,       1.559,      13.415,      29.761
 247000         ,      31.718,      25.013,       1.374,      14.812,      28.032
 248000         ,      32.443,      27.990,       1.416,      14.977,      30.815
 249000         ,      32.933,      28.195,       1.193,      14.751,      30.749
 250000         ,      31.168,      25.769,       1.325,      14.681,      28.976
 251000         ,      33.801,      25.568,       1.812,      14.015,      29.553
 252000         ,      31.260,      27.534,       1.295,      16.334,      30.453
 253000         ,      32.504,      26.979,       1.424,      15.308,      29.836
 254000         ,      31.597,      26.733,       1.504,      13.669,      28.965
 255000         ,      32.182,      26.649,       1.319,      15.258,      29.650
 256000         ,      32.776,      25.097,       1.899,      14.106,      30.143
 257000         ,      32.579,      26.034,       2.079,      15.540,      28.591
 258000         ,      31.576,      26.206,       1.301,      14.649,      29.332
 259000         ,      31.399,      28.080,       1.402,      15.331,      30.020
 260000         ,      32.338,      27.836,       0.771,      16.215,      31.227
 261000         ,      32.682,      27.378,       1.018,      16.222,      30.654
 262000         ,      31.218,      27.051,       1.417,      15.289,      28.870
 263000         ,      31.766,      27.490,       1.657,      15.674,      29.523
 264000         ,      31.896,      28.396,       1.218,      16.640,      30.795
 265000         ,      31.994,      27.563,       1.123,      16.850,      30.767
 266000         ,      30.323,      26.833,       1.810,      16.026,      29.780
 267000         ,      31.376,      28.367,       1.556,      15.438,      30.670
 268000         ,      33.810,      28.154,       1.535,      16.139,      31.801
 269000         ,      30.090,      25.080,       2.670,      13.036,      26.517
 270000         ,      29.752,      27.889,       1.190,      15.091,      30.275
 271000         ,      32.975,      26.517,       1.493,      14.979,      30.917
 272000         ,      31.774,      26.594,       1.667,      16.457,      29.772
 273000         ,      31.488,      27.366,       1.129,      14.944,      30.479
 274000         ,      33.174,      25.092,       1.360,      13.095,      27.983
 275000         ,      32.550,      25.564,       1.703,      13.731,      28.479
 276000         ,      32.517,      26.580,       1.845,      14.411,      28.970
 277000         ,      32.250,      26.908,       1.220,      14.696,      29.031
 278000         ,      32.349,      25.733,       1.442,      12.864,      28.634
 279000         ,      32.739,      26.817,       1.348,      16.379,      30.207
 280000         ,      31.577,      26.612,       1.596,      15.082,      30.049
 281000         ,      33.218,      26.104,       1.385,      14.207,      29.011
 282000         ,      32.981,      28.104,       0.678,      16.402,      31.191
 283000         ,      30.943,      28.040,       1.091,      15.850,      30.073
 284000         ,      34.311,      24.668,       2.362,      12.351,      29.171
 285000         ,      31.974,      26.824,       2.307,      15.388,      30.706
 286000         ,      31.101,      26.057,       1.789,      12.799,      28.133
 287000         ,      33.320,      26.729,       1.284,      15.783,      29.791
 288000         ,      32.122,      26.360,       1.539,      16.789,      29.302
 289000         ,      33.385,      26.604,       1.713,      14.637,      30.630
 290000         ,      30.433,      26.345,       1.733,      16.191,      29.464
 291000         ,      30.582,      24.666,       1.392,      14.793,      27.901
 292000         ,      31.695,      26.877,       1.524,      15.734,      29.755
 293000         ,      33.052,      28.622,       1.355,      16.819,      31.363
 294000         ,      32.793,      26.311,       1.735,      13.133,      28.771
 295000         ,      33.107,      26.023,       1.526,      13.667,      29.225
 296000         ,      31.521,      26.947,       1.105,      16.060,      29.951
 297000         ,      32.728,      27.644,       0.955,      15.148,      30.836
 298000         ,      30.377,      24.730,       2.171,      14.273,      26.564
 299000         ,      32.829,      27.333,       1.429,      16.564,      30.356
 300000         ,      32.756,      26.412,       1.737,      13.347,      29.089
 301000         ,      32.633,      26.692,       1.572,      13.506,      29.806
 302000         ,      32.561,      27.357,       1.965,      15.527,      30.626
 303000         ,      33.394,      27.584,       1.561,      14.519,      30.345
 304000         ,      32.783,      28.059,       1.510,      15.640,      30.712
 305000         ,      31.970,      28.012,       1.363,      16.956,      30.083
 306000         ,      31.948,      25.027,       1.243,      13.740,      27.946
 307000         ,      32.365,      28.259,       1.226,      16.468,      31.953
 308000         ,      33.288,      26.736,       1.325,      14.512,      29.280
 309000         ,      31.837,      27.106,       1.250,      15.411,      30.141
 310000         ,      33.141,      28.294,       1.331,      15.681,      31.887
 311000         ,      32.674,      26.860,       1.494,      15.450,      30.122
 312000         ,      32.414,      26.672,       1.081,      16.167,      29.869
 313000         ,      33.133,      26.511,       1.028,      15.299,      29.471
 314000         ,      32.837,      25.563,       1.724,      14.070,      28.534
 315000         ,      31.869,      27.813,       0.863,      14.402,      30.666
 316000         ,      31.440,      26.329,       1.670,      15.624,      28.987
 317000         ,      33.076,      29.139,       1.337,      16.353,      31.956
 318000         ,      29.410,      25.533,       1.387,      13.838,      28.658
 319000         ,      32.701,      26.092,       1.617,      14.492,      30.442
 320000         ,      32.469,      25.120,       1.749,      13.322,      28.695
 321000         ,      33.235,      24.621,       1.768,      13.144,      28.096
 322000         ,      31.693,      24.167,       1.739,      13.619,      28.595
 323000         ,      32.003,      28.135,       0.989,      15.993,      31.643
 324000         ,      32.841,      25.930,       1.685,      13.959,      28.735
 325000         ,      32.080,      27.247,       1.619,      16.032,      29.368
 326000         ,      32.037,      27.738,       0.842,      14.832,      31.094
 327000         ,      32.364,      28.700,       1.434,      16.196,      31.011
 328000         ,      32.397,      25.529,       2.150,      14.198,      28.660
 329000         ,      31.031,      26.881,       2.083,      14.282,      28.641
 330000         ,      32.033,      22.474,       2.555,      10.497,      25.565
 331000         ,      32.582,      26.029,       1.003,      12.978,      30.448
 332000         ,      31.351,      26.277,       1.214,      14.394,      28.964
 333000         ,      32.894,      27.311,       1.501,      14.849,      30.151
 334000         ,      31.100,      27.966,       1.445,      16.439,      30.734
 335000         ,      29.911,      24.406,       2.402,      12.916,      26.132
 336000         ,      32.410,      26.925,       1.161,      14.208,      30.142
 337000         ,      31.873,      26.654,       1.401,      15.667,      29.779
 338000         ,      31.736,      28.313,       1.969,      16.346,      31.141
 339000         ,      32.065,      25.887,       1.389,      14.005,      28.372
 340000         ,      32.536,      27.419,       1.253,      15.208,      30.553
 341000         ,      32.287,      24.010,       1.843,      11.880,      26.709
 342000         ,      33.888,      27.972,       1.636,      16.336,      31.082
 343000         ,      31.339,      24.032,       2.732,      11.480,      26.049
 344000         ,      32.100,      26.036,       1.851,      15.180,      28.600
 345000         ,      31.518,      25.031,       1.752,      12.725,      29.642
 346000         ,      32.889,      27.083,       1.919,      14.747,      29.401
 347000         ,      32.735,      26.002,       1.676,      13.032,      29.061
 348000         ,      31.643,      25.715,       1.939,      13.838,      27.533
 349000         ,      30.869,      26.130,       1.740,      13.661,      27.709
 350000         ,      32.883,      24.123,       1.610,      13.323,      27.116
 351000         ,      32.095,      27.549,       0.844,      16.380,      30.695
 352000         ,      32.851,      26.898,       0.905,      15.065,      29.677
 353000         ,      30.302,      26.256,       1.406,      14.902,      29.173
 354000         ,      32.878,      24.194,       1.821,      12.713,      27.220
 355000         ,      32.435,      27.460,       1.588,      15.749,      30.545
 356000         ,      32.492,      28.296,       1.198,      16.253,      32.005
 357000         ,      33.232,      27.908,       1.650,      15.718,      30.740
 358000         ,      31.817,      24.868,       2.034,      12.998,      28.211
 359000         ,      33.430,      27.643,       1.766,      14.587,      30.653
 360000         ,      30.126,      24.771,       1.777,      14.600,      29.209
 361000         ,      29.532,      26.478,       1.642,      15.579,      28.138
 362000         ,      32.193,      28.314,       2.012,      16.859,      30.285
 363000         ,      32.538,      25.290,       1.696,      12.853,      28.517
 364000         ,      32.453,      27.385,       1.661,      16.279,      29.875
 365000         ,      33.112,      25.783,       1.309,      13.821,      28.609
 366000         ,      33.622,      26.526,       1.771,      13.312,      29.786
 367000         ,      31.459,      26.064,       2.095,      13.225,      28.366
 368000         ,      31.798,      24.862,       1.918,      13.422,      27.209
 369000         ,      32.093,      27.696,       1.743,      16.275,      30.026
 370000         ,      31.433,      26.139,       2.384,      13.910,      29.254
 371000         ,      30.599,      26.950,       1.355,      15.961,      29.481
 372000         ,      32.260,      26.975,       1.228,      14.436,      29.792
 373000         ,      32.515,      26.355,       1.630,      13.101,      29.080
 374000         ,      31.909,      19.583,       2.666,      11.054,      24.084
 375000         ,      32.780,      28.136,       1.356,      15.648,      31.068
 376000         ,      30.621,      24.246,       2.349,      11.923,      28.447
 377000         ,      32.769,      28.083,       1.583,      16.843,      30.653
 378000         ,      32.675,      27.551,       1.362,      16.137,      30.308
 379000         ,      33.976,      25.268,       2.330,      14.124,      29.645
 380000         ,      29.525,      25.394,       1.820,      13.743,      28.115
 381000         ,      33.186,      27.552,       1.071,      15.647,      30.468
 382000         ,      31.791,      27.011,       1.468,      15.511,      30.179
 383000         ,      31.383,      27.490,       1.245,      16.103,      29.234
 384000         ,      32.330,      24.457,       1.798,      13.752,      28.877
 385000         ,      32.783,      26.623,       1.407,      14.727,      28.736
 386000         ,      30.278,      24.394,       1.417,      12.368,      27.437
 387000         ,      32.284,      27.017,       1.651,      16.401,      29.051
 388000         ,      32.337,      26.843,       1.337,      16.577,      30.499
 389000         ,      33.030,      25.982,       1.433,      13.567,      29.425
 390000         ,      29.576,      25.390,       1.762,      12.828,      27.397
 391000         ,      32.405,      28.022,       1.167,      16.745,      30.950
 392000         ,      32.859,      27.597,       1.015,      15.824,      31.088
 393000         ,      32.536,      28.093,       1.593,      14.852,      30.073
 394000         ,      32.505,      25.241,       1.866,      12.373,      29.044
 395000         ,      32.647,      27.305,       1.951,      15.428,      30.306
 396000         ,      31.462,      26.281,       1.031,      14.200,      30.080
 397000         ,      31.713,      26.908,       2.306,      14.283,      29.185
 398000         ,      32.414,      28.939,       0.816,      16.905,      32.250
 399000         ,      32.869,      27.944,       1.418,      15.482,      30.402
 400000         ,      30.695,      27.194,       1.279,      15.799,      29.213
 401000         ,      31.331,      26.800,       0.851,      14.015,      29.812
 402000         ,      32.638,      27.689,       1.045,      15.881,      30.308
 403000         ,      32.259,      27.942,       1.110,      15.847,      30.039
 404000         ,      32.968,      26.887,       1.275,      16.070,      29.995
 405000         ,      33.083,      28.231,       1.286,      16.153,      31.053
 406000         ,      30.137,      25.029,       1.490,      13.312,      29.403
 407000         ,      31.854,      26.237,       1.480,      14.135,      30.134
 408000         ,      33.034,      26.432,       2.224,      14.451,      29.529
 409000         ,      31.760,      26.285,       1.554,      15.156,      29.464
 410000         ,      32.536,      26.221,       1.548,      14.146,      30.186
 411000         ,      31.544,      27.435,       1.141,      15.565,      30.422
 412000         ,      32.076,      28.114,       1.417,      16.563,      30.668
 413000         ,      32.487,      26.798,       1.457,      15.266,      30.120
 414000         ,      31.664,      26.903,       0.965,      15.966,      30.041
 415000         ,      32.257,      28.723,       0.961,      16.432,      31.840
 416000         ,      31.618,      25.673,       1.910,      13.592,      28.456
 417000         ,      31.323,      25.346,       1.868,      14.597,      28.180
 418000         ,      32.918,      28.692,       1.779,      16.373,      32.010
 419000         ,      32.253,      27.732,       1.968,      16.728,      30.626
 420000         ,      31.417,      27.308,       1.771,      15.315,      29.584
 421000         ,      31.955,      27.104,       1.890,      15.237,      29.084
 422000         ,      32.606,      28.402,       1.475,      15.787,      31.387
 423000         ,      32.173,      27.591,       1.821,      15.508,      29.686
 424000         ,      32.126,      27.204,       1.550,      15.574,      31.540
 425000         ,      32.982,      27.582,       1.511,      14.227,      29.753
 426000         ,      32.528,      28.513,       1.020,      16.781,      31.168
 427000         ,      29.580,      27.203,       1.484,      14.242,      29.315
 428000         ,      31.790,      27.689,       1.452,      15.603,      29.897
 429000         ,      33.323,      28.482,       1.363,      15.930,      31.014
 430000         ,      33.392,      28.787,       2.097,      17.525,      30.864
 431000         ,      32.840,      27.551,       1.759,      16.359,      30.134
 432000         ,      32.670,      24.113,       1.832,      12.707,      27.169
 433000         ,      32.087,      26.950,       2.075,      16.648,      30.262
 434000         ,      32.337,      24.198,       2.054,      11.590,      28.334
 435000         ,      31.611,      28.226,       1.136,      15.921,      31.146
 436000         ,      31.480,      26.826,       1.675,      15.522,      28.992
 437000         ,      32.446,      25.859,       1.558,      15.117,      29.073
 438000         ,      32.449,      26.899,       1.606,      14.077,      28.712
 439000         ,      32.205,      28.129,       0.948,      16.939,      31.509
 440000         ,      33.162,      26.749,       1.258,      14.740,      30.207
 441000         ,      33.339,      27.025,       1.537,      15.030,      29.978
 442000         ,      33.094,      27.309,       1.434,      14.503,      30.601
 443000         ,      32.429,      26.939,       1.054,      15.170,      30.111
 444000         ,      31.926,      26.977,       1.635,      15.401,      30.575
 445000         ,      32.806,      25.837,       1.537,      13.749,      30.275
 446000         ,      31.587,      27.057,       1.320,      14.048,      30.318
 447000         ,      31.288,      26.314,       1.034,      15.303,      29.229
 448000         ,      31.022,      24.086,       1.628,      13.976,      26.348
 449000         ,      32.468,      23.806,       2.556,      11.586,      28.476
 450000         ,      30.058,      24.385,       2.282,      15.202,      27.070
 451000         ,      32.166,      24.792,       1.906,      13.079,      28.705
 452000         ,      31.331,      26.681,       1.122,      14.558,      29.081
 453000         ,      32.496,      28.418,       1.276,      16.804,      31.939
 454000         ,      32.175,      25.957,       1.136,      12.948,      29.831
 455000         ,      30.228,      25.188,       1.856,      14.430,      28.593
 456000         ,      31.901,      27.057,       1.308,      14.202,      29.617
 457000         ,      32.488,      25.454,       2.504,      14.676,      28.286
 458000         ,      32.034,      22.878,       2.037,      13.238,      26.306
 459000         ,      31.702,      26.627,       1.610,      13.671,      29.264
 460000         ,      31.816,      27.620,       1.262,      16.128,      29.898
 461000         ,      30.904,      28.104,       1.314,      16.117,      29.965
 462000         ,      32.333,      27.160,       1.012,      14.708,      30.379
 463000         ,      31.647,      27.212,       1.129,      15.478,      30.771
 464000         ,      32.246,      26.046,       1.294,      12.833,      29.728
 465000         ,      31.521,      26.624,       1.888,      14.326,      29.765
 466000         ,      32.028,      28.203,       1.576,      16.786,      31.347
 467000         ,      33.231,      27.541,       1.377,      14.970,      30.862
 468000         ,      30.444,      26.650,       1.474,      15.218,      28.648
 469000         ,      32.690,      27.503,       1.299,      16.430,      30.344
 470000         ,      33.160,      26.690,       1.570,      13.786,      31.046
 471000         ,      32.821,      29.125,       1.305,      16.769,      31.091
 472000         ,      33.268,      27.244,       1.788,      14.485,      30.634
 473000         ,      33.029,      26.479,       1.650,      15.228,      30.425
 474000         ,      32.883,      26.521,       1.829,      13.223,      28.603
 475000         ,      32.690,      28.491,       1.034,      15.724,      31.049
 476000         ,      31.879,      26.849,       1.820,      13.554,      28.924
 477000         ,      32.672,      27.845,       1.525,      15.484,      31.200
 478000         ,      30.264,      26.808,       1.014,      14.593,      28.992
 479000         ,      32.700,      25.540,       2.329,      13.189,      27.987
 480000         ,      33.387,      28.055,       0.996,      15.944,      30.802
 481000         ,      32.323,      28.266,       1.274,      14.824,      30.600
 482000         ,      31.372,      27.304,       1.964,      14.663,      29.273
 483000         ,      32.573,      24.197,       1.785,      13.834,      27.464
 484000         ,      31.860,      27.854,       1.862,      15.220,      30.071
 485000         ,      32.113,      27.936,       1.252,      15.664,      30.616
 486000         ,      31.512,      27.819,       1.507,      15.791,      31.044
 487000         ,      31.962,      28.015,       1.165,      14.708,      31.238
 488000         ,      33.501,      28.246,       1.367,      16.022,      30.743
 489000         ,      32.005,      25.678,       2.057,      13.723,      27.998
 490000         ,      32.422,      25.020,       1.900,      11.680,      27.951
 491000         ,      31.807,      24.733,       1.509,      14.734,      27.807
 492000         ,      33.678,      24.925,       2.230,      11.967,      29.401
 493000         ,      32.525,      25.681,       1.762,      12.393,      28.513
 494000         ,      32.074,      28.082,       1.065,      15.373,      31.612
 495000         ,      31.334,      27.368,       1.042,      15.006,      30.919
 496000         ,      33.590,      24.563,       1.483,      13.293,      28.691
 497000         ,      31.918,      25.165,       2.475,      12.860,      28.317
 498000         ,      31.707,      27.868,       1.915,      15.813,      30.861
 499000         ,      31.665,      27.721,       1.720,      17.056,      30.634
 500000         ,      31.873,      25.481,       1.997,      13.643,      29.419
 501000         ,      32.240,      25.775,       1.721,      14.765,      28.725
 502000         ,      31.119,      22.951,       2.160,      12.732,      26.213
 503000         ,      29.383,      24.087,       3.123,      12.134,      25.580
 504000         ,      33.362,      25.216,       1.876,      12.308,      28.839
 505000         ,      29.256,      24.202,       2.816,      14.216,      28.471
 506000         ,      33.038,      24.868,       2.765,      11.340,      28.187
 507000         ,      30.614,      25.657,       1.519,      13.479,      28.194
 508000         ,      32.512,      27.792,       1.577,      14.562,      30.751
 509000         ,      30.935,      27.697,       1.482,      15.952,      30.421
 510000         ,      30.835,      27.192,       1.667,      14.757,      29.134
 511000         ,      33.084,      24.926,       2.552,      12.912,      29.207
 512000         ,      30.082,      23.761,       2.388,      11.014,      26.056
 513000         ,      32.815,      27.485,       1.248,      16.961,      30.547
 514000         ,      32.593,      26.320,       1.638,      15.234,      30.071
 515000         ,      32.084,      28.386,       1.527,      16.834,      31.564
 516000         ,      33.438,      27.678,       1.371,      16.174,      32.107
 517000         ,      32.453,      26.564,       1.259,      15.445,      30.341
 518000         ,      33.290,      26.667,       1.582,      14.369,      30.424
 519000         ,      30.679,      27.132,       1.431,      15.498,      29.997
 520000         ,      32.785,      27.263,       1.335,      16.738,      30.499
 521000         ,      31.661,      26.158,       1.671,      14.395,      29.134
 522000         ,      32.301,      25.339,       2.482,      12.355,      28.575
 523000         ,      29.442,      26.676,       1.809,      15.674,      29.262
 524000         ,      31.890,      26.295,       1.208,      15.393,      29.182
 525000         ,      30.534,      26.577,       2.747,      13.490,      27.879
 526000         ,      31.287,      27.015,       1.507,      15.329,      29.780
 527000         ,      30.169,      24.734,       1.777,      13.673,      26.699
 528000         ,      31.538,      25.625,       2.655,      12.918,      27.377
 529000         ,      31.905,      25.345,       1.698,      13.065,      28.135
 530000         ,      32.652,      27.828,       1.341,      15.936,      29.954
 531000         ,      32.279,      26.014,       1.415,      12.801,      28.342
 532000         ,      30.691,      24.736,       2.343,      12.040,      26.841
 533000         ,      32.177,      26.463,       1.780,      14.143,      28.344
 534000         ,      33.002,      26.399,       1.665,      14.211,      28.883
 535000         ,      31.145,      28.137,       1.925,      15.373,      30.259
 536000         ,      32.132,      25.641,       1.943,      12.656,      27.520
 537000         ,      28.444,      22.874,       2.343,      13.111,      24.862
 538000         ,      30.533,      22.580,       2.682,      11.793,      24.587
 539000         ,      32.249,      26.280,       1.450,      16.727,      29.370
 540000         ,      31.410,      22.305,       2.680,      11.171,      25.374
 541000         ,      31.466,      25.435,       1.830,      13.060,      27.650
 542000         ,      32.377,      23.726,       3.189,      10.369,      25.787
 543000         ,      32.396,      24.712,       1.787,      13.093,      27.134
 544000         ,      32.920,      26.284,       2.398,      14.623,      28.352
 545000         ,      32.917,      26.703,       1.824,      14.434,      29.680
 546000         ,      32.244,      26.955,       1.589,      15.366,      31.100
 547000         ,      31.266,      18.802,       4.986,       6.990,      20.574
 548000         ,      29.724,      25.448,       1.589,      12.470,      27.521
 549000         ,      33.786,      20.877,       3.711,      11.685,      23.661
 550000         ,      33.077,      26.392,       1.461,      13.447,      29.807
 551000         ,      30.512,      26.774,       2.393,      15.287,      28.719
 552000         ,      30.823,      24.695,       1.563,      12.745,      26.885
 553000         ,      32.896,      28.073,       1.124,      15.716,      30.447
 554000         ,      32.922,      25.808,       1.615,      14.440,      29.248
 555000         ,      30.515,      24.884,       2.452,      13.242,      26.393
 556000         ,      33.560,      24.842,       1.751,      13.094,      27.675
 557000         ,      33.407,      26.132,       1.201,      14.537,      29.122
 558000         ,      32.823,      28.105,       1.434,      16.062,      31.588
 559000         ,      33.504,      27.534,       2.352,      16.612,      30.042
 560000         ,      33.296,      25.542,       2.673,      12.113,      27.868
 561000         ,      33.315,      22.652,       2.345,      10.934,      26.920
 562000         ,      33.190,      25.671,       1.813,      12.684,      28.125
 563000         ,      29.726,      22.558,       2.873,      10.914,      24.705
 564000         ,      29.199,      27.080,       1.721,      14.366,      29.023
 565000         ,      31.805,      26.820,       1.213,      14.949,      29.492
 566000         ,      32.087,      26.524,       1.594,      15.242,      30.136
 567000         ,      32.479,      26.919,       0.866,      14.761,      29.828
 568000         ,      33.956,      24.153,       1.892,      12.748,      28.653
 569000         ,      31.746,      26.008,       1.773,      13.889,      29.072
 570000         ,      33.367,      25.387,       2.097,      12.640,      27.582
 571000         ,      32.937,      24.752,       2.165,      13.747,      27.685
 572000         ,      32.367,      27.008,       1.611,      14.471,      29.552
 573000         ,      31.665,      26.571,       1.297,      15.203,      30.845
 574000         ,      29.435,      23.826,       2.117,      11.336,      28.153
 575000         ,      32.705,      27.414,       0.785,      14.614,      31.098
 576000         ,      31.791,      28.416,       1.142,      15.383,      31.078
 577000         ,      32.198,      26.453,       1.539,      13.619,      29.580
 578000         ,      31.111,      27.316,       1.414,      14.972,      30.437
 579000         ,      31.405,      26.105,       1.552,      14.926,      28.279
 580000         ,      33.465,      23.127,       2.584,      10.876,      26.078
 581000         ,      32.570,      27.058,       1.757,      16.089,      30.694
 582000         ,      33.502,      24.897,       2.580,      11.329,      27.786
 583000         ,      33.998,      24.524,       2.579,      13.013,      27.521
 584000         ,      33.790,      27.981,       1.715,      15.472,      31.276
 585000         ,      32.431,      26.427,       1.004,      15.206,      29.982
 586000         ,      33.170,      27.417,       1.284,      14.854,      30.857
 587000         ,      31.639,      28.147,       1.461,      16.394,      31.168
 588000         ,      32.872,      27.151,       1.513,      15.417,      30.065
 589000         ,      30.837,      27.924,       1.263,      15.358,      30.689
 590000         ,      32.851,      27.216,       1.348,      16.361,      30.842
 591000         ,      31.406,      26.484,       1.729,      14.960,      29.947
 592000         ,      33.466,      26.581,       1.790,      14.009,      30.623
 593000         ,      33.202,      25.702,       1.909,      12.935,      29.293
 594000         ,      32.066,      28.172,       1.200,      15.501,      30.779
 595000         ,      31.996,      27.352,       1.596,      14.465,      29.324
 596000         ,      31.571,      26.023,       1.910,      14.007,      28.311
 597000         ,      31.351,      26.077,       1.292,      12.880,      29.618
 598000         ,      33.122,      27.345,       1.745,      15.377,      31.029
 599000         ,      32.420,      26.164,       2.035,      14.310,      30.171
 600000         ,      32.363,      27.551,       1.316,      15.606,      30.960
 601000         ,      32.621,      29.032,       0.985,      16.412,      31.154
 602000         ,      32.013,      27.965,       1.477,      16.318,      30.367
 603000         ,      31.731,      27.370,       1.599,      14.213,      29.549
 604000         ,      32.687,      27.478,       1.433,      16.022,      30.594
 605000         ,      32.959,      27.096,       1.455,      14.191,      29.952
 606000         ,      32.045,      26.435,       1.206,      14.483,      28.561
 607000         ,      32.185,      27.312,       1.399,      15.187,      31.093
 608000         ,      29.945,      26.668,       1.239,      15.681,      30.095
 609000         ,      27.321,      26.339,       2.948,      15.836,      27.801
 610000         ,      33.150,      26.682,       1.512,      14.810,      30.012
 611000         ,      31.463,      27.198,       0.944,      15.714,      30.548
 612000         ,      32.814,      27.874,       0.956,      15.152,      31.469
 613000         ,      32.219,      28.068,       1.073,      15.528,      30.799
 614000         ,      33.071,      27.710,       1.303,      14.227,      30.790
 615000         ,      32.111,      27.216,       1.114,      14.913,      31.123
 616000         ,      33.450,      25.597,       1.992,      14.116,      28.690
 617000         ,      33.329,      27.430,       1.450,      14.808,      30.647
 618000         ,      32.667,      24.833,       1.931,      13.009,      28.395
 619000         ,      31.638,      24.170,       1.925,      12.385,      27.852
 620000         ,      31.867,      25.136,       1.808,      13.816,      28.538
 621000         ,      32.686,      26.938,       1.443,      15.291,      30.432
 622000         ,      32.581,      25.791,       1.488,      13.390,      28.310
 623000         ,      33.278,      27.152,       1.109,      15.961,      29.986
 624000         ,      31.719,      27.397,       1.550,      15.224,      30.760
 625000         ,      33.589,      24.438,       2.282,      12.577,      28.518
 626000         ,      31.167,      26.813,       1.250,      13.100,      29.414
 627000         ,      31.388,      25.554,       1.292,      14.240,      29.001
 628000         ,      32.947,      26.501,       1.712,      14.630,      30.739
 629000         ,      31.882,      26.377,       1.534,      15.253,      28.722
 630000         ,      33.049,      27.062,       2.077,      15.077,      31.254
 631000         ,      33.186,      26.572,       1.679,      14.732,      30.009
 632000         ,      32.624,      28.244,       0.978,      15.606,      32.167
 633000         ,      32.630,      25.773,       1.687,      14.466,      29.964
 634000         ,      31.797,      28.884,       1.181,      17.140,      31.165
 635000         ,      32.988,      24.584,       1.916,      14.603,      29.473
 636000         ,      33.250,      27.943,       1.299,      16.618,      30.713
 637000         ,      32.136,      27.440,       1.240,      14.766,      29.665
 638000         ,      32.619,      26.921,       2.287,      15.293,      30.959
 639000         ,      31.379,      26.626,       2.282,      14.329,      28.023
 640000         ,      33.189,      26.466,       1.432,      14.685,      29.813
 641000         ,      31.729,      28.106,       1.999,      15.265,      30.734
 642000         ,      30.234,      26.365,       1.915,      15.231,      28.311
 643000         ,      31.903,      27.374,       1.846,      16.596,      29.915
 644000         ,      32.520,      26.730,       1.513,      14.896,      29.667
 645000         ,      30.838,      24.244,       2.264,      12.635,      28.956
 646000         ,      33.469,      25.992,       1.758,      14.444,      29.875
 647000         ,      32.808,      26.641,       0.929,      14.680,      30.960
 648000         ,      32.109,      25.931,       2.275,      15.531,      28.732
 649000         ,      33.660,      28.524,       1.726,      16.880,      31.893
 650000         ,      31.147,      24.265,       1.958,      13.424,      28.472
 651000         ,      31.834,      27.039,       1.748,      14.770,      30.729
 652000         ,      32.681,      25.632,       2.017,      13.811,      29.217
 653000         ,      31.273,      26.531,       1.439,      14.921,      29.371
 654000         ,      33.250,      28.175,       1.296,      15.201,      31.674
 655000         ,      32.756,      27.244,       1.379,      14.849,      29.452
 656000         ,      30.275,      24.708,       1.963,      13.275,      29.183
 657000         ,      32.852,      27.173,       1.728,      14.280,      29.513
 658000         ,      32.309,      25.249,       1.882,      13.713,      29.361
 659000         ,      33.291,      28.707,       1.483,      16.690,      31.248
 660000         ,      33.241,      27.727,       1.099,      14.444,      30.978
 661000         ,      33.376,      28.218,       1.553,      15.410,      30.775
 662000         ,      31.006,      27.132,       1.558,      15.575,      30.990
 663000         ,      32.176,      27.194,       1.083,      15.427,      30.438
 664000         ,      31.787,      27.195,       1.424,      15.428,      30.550
 665000         ,      32.863,      26.346,       2.109,      15.190,      28.649
 666000         ,      31.536,      25.603,       1.862,      14.473,      27.392
 667000         ,      31.829,      25.074,       1.533,      12.304,      29.288
 668000         ,      32.546,      27.284,       1.395,      15.213,      30.074
 669000         ,      32.123,      26.046,       2.688,      13.162,      27.848
 670000         ,      32.106,      27.808,       1.487,      15.637,      30.647
 671000         ,      31.598,      26.839,       1.406,      15.303,      29.947
 672000         ,      31.384,      26.610,       1.500,      16.238,      28.855
 673000         ,      31.850,      25.791,       1.683,      15.455,      28.828
 674000         ,      33.360,      26.753,       1.555,      14.536,      30.821
 675000         ,      32.861,      24.981,       1.534,      12.227,      29.066
 676000         ,      31.016,      27.258,       1.201,      15.705,      30.570
 677000         ,      32.500,      28.246,       0.955,      16.378,      31.432
 678000         ,      31.750,      25.824,       2.522,      14.699,      27.939
 679000         ,      31.634,      26.086,       2.230,      14.808,      28.575
 680000         ,      33.027,      25.089,       1.996,      12.466,      29.049
 681000         ,      31.848,      26.646,       2.000,      16.810,      29.502
 682000         ,      31.454,      27.310,       1.766,      15.443,      29.921
 683000         ,      32.147,      27.197,       1.481,      13.500,      30.334
 684000         ,      30.948,      26.627,       1.267,      15.731,      30.152
 685000         ,      32.914,      27.826,       1.319,      16.144,      30.377
 686000         ,      32.522,      26.088,       1.125,      15.058,      28.721
 687000         ,      32.109,      26.683,       1.146,      14.379,      29.428
 688000         ,      32.448,      26.281,       1.982,      14.301,      30.146
 689000         ,      33.493,      26.286,       1.797,      13.500,      30.364
 690000         ,      31.662,      26.855,       1.655,      15.933,      29.956
 691000         ,      33.314,      25.029,       1.582,      13.073,      29.630
 692000         ,      32.639,      27.076,       1.600,      16.127,      29.858
 693000         ,      32.345,      28.188,       1.322,      15.767,      30.432
 694000         ,      31.058,      23.764,       2.345,      13.881,      26.351
 695000         ,      33.735,      27.220,       1.410,      15.971,      30.543
 696000         ,      32.793,      26.156,       1.581,      15.783,      29.553
 697000         ,      33.009,      26.031,       1.899,      13.610,      30.084
 698000         ,      30.421,      27.898,       1.293,      16.641,      30.013
 699000         ,      32.629,      26.152,       1.105,      13.727,      29.743
 700000         ,      32.613,      27.841,       1.350,      16.618,      30.883
 701000         ,      31.278,      26.726,       1.162,      14.416,      29.383
 702000         ,      31.440,      27.079,       2.299,      16.928,      30.149
 703000         ,      33.368,      28.359,       1.597,      17.574,      31.693
 704000         ,      29.307,      24.771,       1.803,      13.627,      26.895
 705000         ,      31.704,      26.867,       1.239,      15.845,      28.934
 706000         ,      31.757,      25.106,       1.766,      14.986,      28.434
 707000         ,      32.808,      26.771,       1.067,      15.268,      30.084
 708000         ,      30.512,      24.398,       2.433,      12.602,      26.675
 709000         ,      33.602,      26.791,       2.711,      14.250,      30.840
 710000         ,      30.577,      26.894,       1.150,      15.552,      31.344
 711000         ,      31.054,      26.083,       1.572,      13.457,      29.255
 712000         ,      33.384,      26.671,       1.914,      16.086,      30.635
 713000         ,      33.045,      27.965,       1.374,      15.928,      31.618
 714000         ,      30.744,      27.323,       2.063,      14.854,      29.264
 715000         ,      32.955,      28.906,       1.471,      17.096,      31.192
 716000         ,      32.067,      27.008,       1.579,      16.814,      30.331
 717000         ,      29.404,      27.355,       1.819,      16.220,      29.773
 718000         ,      33.610,      25.948,       1.283,      14.039,      29.188
 719000         ,      32.437,      27.605,       1.460,      15.220,      30.808
 720000         ,      32.567,      27.777,       1.311,      14.958,      30.311
 721000         ,      30.411,      27.539,       1.219,      16.352,      31.415
 722000         ,      32.065,      26.870,       1.645,      15.975,      29.162
 723000         ,      32.813,      25.451,       1.874,      14.771,      28.579
 724000         ,      32.070,      26.751,       1.836,      15.388,      29.131
 725000         ,      29.964,      27.768,       0.999,      16.134,      30.179
 726000         ,      30.864,      26.532,       1.300,      14.376,      29.593
 727000         ,      32.323,      27.256,       1.543,      14.983,      29.049
 728000         ,      33.687,      27.102,       2.073,      14.685,      30.672
 729000         ,      33.196,      28.155,       1.413,      15.868,      31.646
 730000         ,      31.795,      24.788,       1.608,      12.781,      29.164
 731000         ,      32.494,      28.166,       1.359,      15.849,      30.245
 732000         ,      33.026,      25.410,       1.650,      14.554,      29.595
 733000         ,      33.279,      28.824,       1.549,      17.298,      31.692
 734000         ,      32.069,      22.539,       2.970,      12.116,      24.863
 735000         ,      34.069,      25.558,       2.124,      14.641,      30.660
 736000         ,      32.617,      28.011,       0.901,      16.326,      30.406
 737000         ,      32.508,      27.741,       1.628,      16.224,      30.226
 738000         ,      33.412,      26.231,       1.121,      14.441,      30.455
 739000         ,      32.465,      27.280,       1.569,      13.969,      30.602
 740000         ,      33.278,      29.376,       1.230,      16.309,      32.142
 741000         ,      31.498,      28.466,       0.956,      16.137,      31.116
 742000         ,      33.166,      27.279,       1.733,      16.464,      31.635
 743000         ,      32.967,      27.168,       1.438,      14.634,      30.207
 744000         ,      32.613,      27.636,       1.301,      15.236,      30.955
 745000         ,      31.796,      25.282,       1.201,      13.846,      29.301
 746000         ,      33.500,      27.997,       1.478,      16.562,      31.000
 747000         ,      31.730,      26.426,       1.150,      15.456,      29.592
 748000         ,      31.250,      25.912,       1.278,      14.289,      29.041
 749000         ,      32.120,      27.996,       1.267,      14.730,      30.426
 750000         ,      31.717,      25.739,       1.233,      13.936,      28.784
 751000         ,      31.263,      26.850,       1.267,      15.051,      29.468
 752000         ,      31.674,      26.358,       1.278,      15.334,      29.773
 753000         ,      32.674,      25.740,       2.099,      14.245,      30.194
 754000         ,      33.125,      26.865,       1.425,      14.432,      29.377
 755000         ,      33.025,      26.599,       0.940,      15.300,      29.650
 756000         ,      33.308,      25.078,       2.066,      13.799,      29.138
 757000         ,      32.599,      26.749,       2.184,      15.156,      29.068
 758000         ,      32.666,      27.863,       1.786,      16.706,      31.060
 759000         ,      32.414,      25.399,       1.419,      13.459,      28.524
 760000         ,      32.660,      26.660,       1.554,      15.740,      29.511
 761000         ,      32.475,      26.007,       1.533,      13.114,      29.713
 762000         ,      31.694,      25.446,       2.650,      13.209,      28.742
 763000         ,      31.466,      26.002,       1.797,      14.421,      27.888
 764000         ,      32.246,      25.535,       2.408,      14.652,      28.761
 765000         ,      31.933,      25.538,       1.598,      13.950,      28.979
 766000         ,      32.331,      27.134,       1.673,      14.413,      30.117
 767000         ,      32.569,      27.734,       1.106,      16.617,      30.651
 768000         ,      33.227,      27.239,       1.011,      14.680,      30.114
 769000         ,      32.323,      28.173,       1.174,      15.928,      31.348
 770000         ,      32.818,      28.405,       1.448,      15.539,      31.342
 771000         ,      31.878,      27.637,       1.406,      15.205,      30.808
 772000         ,      33.055,      28.597,       1.488,      16.791,      31.574
 773000         ,      32.238,      26.891,       1.468,      14.474,      30.273
 774000         ,      32.994,      27.592,       1.347,      15.559,      30.851
 775000         ,      30.192,      25.886,       1.254,      14.847,      30.125
 776000         ,      32.018,      27.742,       1.314,      14.989,      30.729
 777000         ,      32.177,      24.688,       1.834,      13.746,      29.017
 778000         ,      32.167,      28.909,       1.525,      16.459,      31.637
 779000         ,      32.139,      26.182,       1.594,      13.831,      30.045
 780000         ,      32.833,      28.092,       1.592,      15.412,      30.878
 781000         ,      33.008,      27.429,       1.679,      16.056,      29.856
 782000         ,      29.360,      26.514,       1.460,      13.750,      29.019
 783000         ,      33.509,      28.336,       1.356,      16.526,      32.024
 784000         ,      33.566,      28.062,       1.654,      15.050,      31.814
 785000         ,      32.941,      26.667,       1.399,      15.942,      31.300
 786000         ,      33.611,      24.634,       1.899,      13.812,      28.813
 787000         ,      30.960,      25.706,       1.677,      16.085,      28.197
 788000         ,      30.898,      27.329,       1.300,      14.573,      29.183
 789000         ,      33.139,      26.206,       1.756,      13.580,      29.167
 790000         ,      31.127,      25.869,       1.731,      15.749,      28.466
 791000         ,      32.001,      26.016,       1.735,      14.598,      30.321
 792000         ,      32.483,      27.779,       1.423,      15.603,      31.494
 793000         ,      30.421,      26.661,       2.056,      16.091,      29.578
 794000         ,      32.511,      27.166,       1.046,      15.039,      29.589
 795000         ,      31.601,      20.920,       3.339,       9.485,      24.334
 796000         ,      31.586,      27.635,       1.761,      16.317,      30.043
 797000         ,      31.010,      26.971,       1.473,      15.126,      29.796
 798000         ,      32.296,      27.210,       1.033,      15.998,      30.721
 799000         ,      31.419,      26.455,       1.807,      14.188,      29.274
 800000         ,      32.658,      26.655,       2.295,      14.832,      28.897
 801000         ,      32.448,      26.405,       1.742,      14.720,      28.665
 802000         ,      32.439,      25.781,       1.841,      13.434,      28.185
 803000         ,      32.392,      28.194,       1.299,      15.860,      30.985
 804000         ,      33.036,      26.792,       1.403,      13.540,      30.129
 805000         ,      31.726,      27.525,       1.293,      14.681,      29.979
 806000         ,      32.014,      27.820,       1.752,      15.447,      30.749
 807000         ,      32.382,      26.816,       1.844,      14.361,      29.193
 808000         ,      31.702,      25.340,       1.888,      14.038,      28.048
 809000         ,      32.946,      27.840,       1.674,      15.258,      30.292
 810000         ,      31.770,      23.012,       1.983,      13.259,      25.744
 811000         ,      32.716,      25.221,       1.641,      14.145,      27.866
 812000         ,      31.561,      26.769,       1.645,      14.146,      29.509
 813000         ,      33.165,      24.403,       2.473,      12.246,      27.662
 814000         ,      33.868,      25.640,       2.165,      12.926,      28.603
 815000         ,      31.479,      26.422,       1.259,      14.500,      28.795
 816000         ,      32.502,      27.321,       1.815,      16.329,      30.401
 817000         ,      33.378,      26.917,       1.789,      15.297,      29.728
 818000         ,      32.127,      26.980,       0.996,      14.859,      30.089
 819000         ,      32.588,      26.116,       0.879,      14.197,      29.390
 820000         ,      34.155,      24.978,       2.265,      12.628,      30.203
 821000         ,      32.678,      24.640,       1.742,      13.506,      27.281
 822000         ,      32.957,      25.871,       1.377,      13.522,      29.109
 823000         ,      32.560,      28.105,       0.856,      15.304,      31.483
 824000         ,      32.410,      27.282,       1.337,      15.529,      29.987
 825000         ,      31.667,      28.301,       1.827,      16.852,      31.014
 826000         ,      33.087,      27.436,       2.016,      14.692,      29.416
 827000         ,      31.829,      27.537,       2.100,      15.243,      29.252
 828000         ,      31.316,      27.708,       2.015,      14.682,      29.255
 829000         ,      33.683,      24.418,       2.050,      13.824,      27.071
 830000         ,      32.173,      24.191,       2.199,      12.037,      28.629
 831000         ,      32.146,      26.791,       1.507,      15.000,      31.292
 832000         ,      32.034,      26.263,       1.560,      13.297,      30.304
 833000         ,      31.210,      25.304,       1.302,      13.633,      28.845
 834000         ,      34.016,      25.464,       2.218,      12.359,      28.588
 835000         ,      32.102,      26.413,       0.973,      14.340,      29.944
 836000         ,      31.531,      28.209,       1.350,      15.611,      31.128
 837000         ,      30.962,      25.736,       1.880,      12.375,      28.310
 838000         ,      32.003,      26.835,       1.550,      15.560,      30.616
 839000         ,      31.880,      27.320,       1.205,      14.533,      29.938
 840000         ,      33.027,      27.679,       1.241,      15.617,      31.101
 841000         ,      32.583,      27.773,       1.629,      15.266,      30.592
 842000         ,      31.520,      24.862,       1.555,      13.630,      28.112
 843000         ,      33.362,      27.619,       0.918,      15.383,      30.716
 844000         ,      32.547,      28.567,       1.354,      16.019,      30.844
 845000         ,      34.175,      28.535,       2.109,      16.892,      31.890
 846000         ,      31.759,      26.506,       1.666,      13.697,      30.126
 847000         ,      32.681,      27.854,       1.452,      14.596,      30.829
 848000         ,      32.655,      26.251,       1.573,      13.298,      30.027
 849000         ,      31.539,      26.808,       1.642,      14.282,      30.524
 850000         ,      31.417,      27.131,       1.513,      15.207,      30.517
 851000         ,      31.100,      28.088,       1.646,      15.644,      30.045
 852000         ,      32.448,      25.226,       3.052,      12.822,      28.315
 853000         ,      33.065,      26.781,       1.448,      13.640,      30.004
 854000         ,      33.509,      28.296,       1.631,      16.537,      31.555
 855000         ,      32.804,      25.579,       1.561,      13.556,      28.695
 856000         ,      31.399,      22.662,       2.076,      12.667,      25.357
 857000         ,      31.432,      26.087,       1.643,      15.523,      28.770
 858000         ,      32.673,      26.446,       1.693,      14.415,      29.015
 859000         ,      31.862,      25.743,       1.793,      14.352,      28.821
 860000         ,      30.850,      26.125,       1.349,      13.470,      29.345
 861000         ,      33.109,      26.703,       1.772,      15.845,      30.633
 862000         ,      31.624,      27.139,       1.323,      15.711,      30.117
 863000         ,      32.511,      28.288,       1.288,      16.754,      31.539
 864000         ,      32.200,      26.385,       2.024,      12.636,      29.096
 865000         ,      32.160,      26.860,       1.570,      15.601,      29.399
 866000         ,      31.032,      26.594,       1.821,      13.771,      28.425
 867000         ,      30.296,      26.012,       1.989,      14.689,      28.594
 868000         ,      32.162,      26.533,       1.514,      14.530,      28.835
 869000         ,      33.478,      28.290,       0.970,      16.695,      30.910
 870000         ,      32.077,      27.903,       1.282,      16.023,      31.012
 871000         ,      31.391,      27.007,       1.589,      16.118,      30.190
 872000         ,      32.505,      28.111,       1.211,      16.692,      30.829
 873000         ,      33.137,      25.721,       1.847,      13.174,      29.286
 874000         ,      33.094,      28.127,       1.236,      15.747,      31.021
 875000         ,      32.048,      27.687,       1.678,      16.837,      31.026
 876000         ,      32.417,      27.282,       0.904,      16.468,      30.347
 877000         ,      32.739,      26.784,       1.447,      13.893,      31.117
 878000         ,      31.847,      27.925,       1.345,      15.478,      30.201
 879000         ,      30.969,      26.832,       1.667,      14.309,      30.113
 880000         ,      33.139,      26.782,       1.691,      16.442,      29.817
 881000         ,      31.301,      27.591,       2.061,      15.851,      29.734
 882000         ,      31.770,      28.095,       1.571,      16.080,      30.752
 883000         ,      32.547,      28.365,       1.062,      15.914,      31.570
 884000         ,      32.836,      27.881,       1.327,      16.114,      31.397
 885000         ,      31.908,      28.546,       1.858,      15.908,      31.016
 886000         ,      33.250,      28.173,       1.468,      16.168,      31.027
 887000         ,      32.322,      27.675,       1.486,      15.983,      29.752
 888000         ,      31.866,      25.628,       1.558,      13.879,      28.608
 889000         ,      31.352,      25.791,       1.991,      14.465,      27.225
 890000         ,      31.034,      27.414,       0.929,      15.588,      31.202
 891000         ,      32.262,      26.352,       2.149,      15.062,      29.379
 892000         ,      31.888,      27.244,       1.242,      16.139,      29.855
 893000         ,      31.869,      28.065,       1.358,      15.771,      30.219
 894000         ,      33.070,      26.297,       1.692,      13.280,      29.763
 895000         ,      33.585,      27.683,       1.448,      15.302,      31.167
 896000         ,      30.659,      24.310,       1.850,      13.920,      27.454
 897000         ,      31.756,      25.782,       1.759,      15.363,      30.311
 898000         ,      32.934,      26.184,       1.601,      14.703,      29.124
 899000         ,      32.930,      25.111,       1.978,      13.927,      28.345
 900000         ,      32.624,      27.118,       1.539,      15.821,      29.853
 901000         ,      32.484,      25.335,       1.687,      12.088,      29.921
 902000         ,      32.922,      26.892,       1.914,      13.568,      29.762
 903000         ,      32.338,      26.615,       1.647,      14.992,      30.393
 904000         ,      31.318,      25.143,       1.642,      13.705,      28.335
 905000         ,      32.827,      27.118,       1.359,      14.437,      31.272
 906000         ,      31.695,      27.334,       1.248,      15.255,      30.012
 907000         ,      32.388,      28.207,       0.813,      15.302,      31.831
 908000         ,      32.630,      28.237,       1.077,      16.372,      32.440
 909000         ,      32.671,      25.736,       1.792,      14.159,      28.809
 910000         ,      32.531,      26.480,       1.581,      14.256,      31.047
 911000         ,      31.014,      26.994,       0.897,      15.599,      29.891
 912000         ,      32.455,      25.501,       1.923,      14.510,      29.236
 913000         ,      32.469,      27.571,       1.278,      16.503,      30.496
 914000         ,      31.953,      28.612,       1.588,      16.346,      31.353
 915000         ,      32.384,      23.576,       2.224,      11.066,      26.601
 916000         ,      32.233,      27.008,       1.188,      15.991,      30.079
 917000         ,      32.251,      28.114,       1.267,      15.528,      30.376
 918000         ,      30.926,      26.032,       2.429,      13.399,      29.072
 919000         ,      32.752,      26.350,       1.310,      14.297,      29.803
 920000         ,      32.764,      28.312,       1.125,      17.016,      31.406
 921000         ,      33.106,      28.089,       1.206,      16.630,      30.962
 922000         ,      33.100,      27.872,       1.819,      16.175,      31.219
 923000         ,      31.832,      26.048,       1.978,      14.744,      30.619
 924000         ,      33.428,      26.918,       1.538,      15.088,      30.878
 925000         ,      33.630,      26.661,       1.610,      13.498,      29.867
 926000         ,      30.981,      27.732,       1.452,      15.898,      29.525
 927000         ,      32.143,      28.627,       1.104,      15.442,      30.739
 928000         ,      33.745,      25.796,       2.146,      13.027,      29.379
 929000         ,      28.871,      26.037,       1.912,      14.729,      28.239
 930000         ,      32.736,      25.358,       1.996,      13.327,      28.596
 931000         ,      33.663,      26.635,       1.743,      14.887,      29.510
 932000         ,      30.413,      22.325,       2.350,      12.446,      25.469
 933000         ,      32.138,      26.314,       1.935,      14.792,      29.861
 934000         ,      31.878,      27.773,       1.429,      15.780,      30.589
 935000         ,      32.658,      28.062,       1.091,      16.640,      31.355
 936000         ,      31.242,      25.174,       1.598,      13.936,      28.615
 937000         ,      32.802,      26.266,       1.031,      13.989,      29.292
 938000         ,      32.107,      26.429,       1.778,      15.728,      30.880
 939000         ,      33.293,      27.611,       1.213,      16.206,      31.313
 940000         ,      32.795,      27.886,       1.281,      16.253,      31.624
 941000         ,      31.593,      24.450,       1.635,      14.572,      27.694
 942000         ,      32.646,      26.254,       1.757,      14.869,      28.838
 943000         ,      32.630,      25.434,       2.535,      13.591,      28.696
 944000         ,      32.617,      27.864,       1.199,      15.561,      31.585
 945000         ,      32.480,      27.501,       1.789,      15.694,      30.664
 946000         ,      33.387,      28.671,       1.416,      16.631,      32.025
 947000         ,      33.710,      27.042,       1.593,      14.773,      30.323
 948000         ,      33.129,      28.587,       1.488,      16.662,      32.463
 949000         ,      33.015,      28.520,       1.316,      16.360,      32.020
 950000         ,      30.680,      27.042,       1.791,      15.606,      30.799
 951000         ,      31.390,      27.055,       1.347,      14.532,      29.465
 952000         ,      32.171,      28.075,       1.870,      15.910,      30.476
 953000         ,      31.604,      26.837,       1.400,      15.987,      28.826
 954000         ,      32.312,      26.092,       1.815,      13.692,      29.661
 955000         ,      31.437,      26.699,       1.315,      14.888,      30.678
 956000         ,      32.100,      26.661,       1.451,      14.591,      29.030
 957000         ,      32.997,      25.260,       1.873,      13.340,      29.643
 958000         ,      33.699,      23.996,       1.871,      13.303,      28.719
 959000         ,      30.946,      26.220,       1.842,      15.113,      30.306
 960000         ,      32.408,      26.916,       1.516,      15.152,      30.215
 961000         ,      32.340,      27.745,       1.655,      15.445,      30.711
 962000         ,      31.727,      25.937,       2.054,      14.860,      27.955
 963000         ,      33.296,      28.501,       1.326,      17.133,      30.898
 964000         ,      32.243,      27.882,       1.960,      16.038,      30.186
 965000         ,      31.919,      28.431,       1.267,      16.229,      31.373
 966000         ,      33.260,      27.175,       1.530,      15.279,      30.101
 967000         ,      32.955,      27.942,       0.981,      15.636,      30.738
 968000         ,      33.072,      26.956,       1.451,      16.698,      29.458
 969000         ,      31.739,      27.276,       1.612,      15.347,      29.988
 970000         ,      31.705,      26.922,       1.266,      15.191,      31.003
 971000         ,      32.359,      26.138,       1.555,      14.760,      29.807
 972000         ,      31.946,      27.271,       1.454,      14.320,      29.359
 973000         ,      32.610,      25.901,       1.697,      14.219,      30.339
 974000         ,      33.246,      27.214,       1.298,      14.725,      29.992
 975000         ,      32.047,      24.173,       2.768,      12.350,      26.705
 976000         ,      32.184,      26.690,       1.562,      14.147,      28.582
 977000         ,      30.131,      25.545,       1.290,      14.066,      29.764
 978000         ,      32.852,      26.461,       1.245,      13.845,      29.681
 979000         ,      32.048,      27.348,       1.095,      15.919,      30.578
 980000         ,      32.282,      27.357,       1.496,      15.870,      30.102
 981000         ,      32.336,      28.358,       0.898,      16.879,      31.598
 982000         ,      31.923,      27.014,       2.151,      14.812,      28.620
 983000         ,      33.318,      26.427,       2.055,      13.674,      30.106
 984000         ,      33.163,      27.648,       1.456,      15.760,      30.491
 985000         ,      30.441,      26.649,       1.478,      15.772,      30.511
 986000         ,      30.607,      27.672,       1.638,      16.080,      29.183
 987000         ,      31.572,      26.351,       1.640,      15.912,      28.783
 988000         ,      32.562,      24.337,       2.709,      10.528,      27.251
 989000         ,      31.155,      28.374,       0.785,      15.936,      30.601
 990000         ,      32.211,      25.686,       2.340,      12.868,      28.057
 991000         ,      31.025,      27.182,       0.909,      15.715,      30.195
 992000         ,      32.840,      27.070,       1.666,      15.666,      30.872
 993000         ,      31.181,      26.376,       0.998,      14.821,      28.971
 994000         ,      32.341,      27.172,       1.271,      15.724,      30.070
 995000         ,      33.290,      28.153,       2.029,      16.029,      30.586
 996000         ,      33.152,      26.292,       1.021,      14.375,      29.392
 997000         ,      31.472,      27.445,       1.317,      15.901,      29.926
 998000         ,      30.584,      27.885,       1.611,      15.012,      30.019
 999000         ,      31.178,      25.959,       1.335,      16.162,      29.487
 1000000        ,      33.433,      26.253,       1.524,      13.964,      29.546
