#  i  j  r_ij^avg sigma_(rij)
# average of the distance between residues i and j and the standard deviation (computed across frames.
   1    1    0.0000    0.0000
   1    2    0.1344    0.0033
   1    3    0.2849    0.0627
   1    4    0.5511    0.1179
   1    5    0.7715    0.1817
   1    6    0.9192    0.1359
   1    7    0.9279    0.1352
   1    8    0.9395    0.1527
   1    9    0.9854    0.0675
   1   10    0.9907    0.0512
   1   11    0.9973    0.0227
   1   12    0.9995    0.0069
   1   13    0.9986    0.0189
   1   14    0.9985    0.0233
   1   15    1.0000    0.0003
   1   16    0.9953    0.0421
   1   17    0.9884    0.0595
   1   18    0.9871    0.0681
   1   19    0.9145    0.1680
   1   20    0.8812    0.2212
   1   21    0.8955    0.1795
   1   22    0.8505    0.2318
   1   23    0.8706    0.2273
   1   24    0.9951    0.0365

   2    1    0.1344    0.0033
   2    2    0.0000    0.0000
   2    3    0.1347    0.0029
   2    4    0.3600    0.0812
   2    5    0.5566    0.1694
   2    6    0.8260    0.1772
   2    7    0.8862    0.1580
   2    8    0.9167    0.1829
   2    9    0.9728    0.0889
   2   10    0.9842    0.0799
   2   11    0.9951    0.0334
   2   12    0.9998    0.0042
   2   13    0.9987    0.0186
   2   14    0.9980    0.0287
   2   15    0.9996    0.0068
   2   16    0.9876    0.0682
   2   17    0.9724    0.0977
   2   18    0.9722    0.0941
   2   19    0.8531    0.2216
   2   20    0.8478    0.2328
   2   21    0.8826    0.1865
   2   22    0.8352    0.2299
   2   23    0.8895    0.1991
   2   24    0.9897    0.0497

   3    1    0.2849    0.0627
   3    2    0.1347    0.0029
   3    3    0.0000    0.0000
   3    4    0.1347    0.0028
   3    5    0.3440    0.0704
   3    6    0.6013    0.1328
   3    7    0.7672    0.2231
   3    8    0.8786    0.2117
   3    9    0.9548    0.1210
   3   10    0.9776    0.0815
   3   11    0.9909    0.0481
   3   12    0.9990    0.0122
   3   13    0.9964    0.0333
   3   14    0.9962    0.0421
   3   15    0.9991    0.0118
   3   16    0.9900    0.0488
   3   17    0.9660    0.1047
   3   18    0.9382    0.1331
   3   19    0.7551    0.2679
   3   20    0.7424    0.2978
   3   21    0.7850    0.2839
   3   22    0.7412    0.2960
   3   23    0.7953    0.2657
   3   24    0.9824    0.0704

   4    1    0.5511    0.1179
   4    2    0.3600    0.0812
   4    3    0.1347    0.0028
   4    4    0.0000    0.0000
   4    5    0.1346    0.0028
   4    6    0.3636    0.0631
   4    7    0.5757    0.1541
   4    8    0.8126    0.2331
   4    9    0.9380    0.1121
   4   10    0.9669    0.0987
   4   11    0.9928    0.0415
   4   12    0.9976    0.0258
   4   13    0.9942    0.0501
   4   14    0.9953    0.0486
   4   15    0.9977    0.0279
   4   16    0.9902    0.0486
   4   17    0.9365    0.1054
   4   18    0.8742    0.1571
   4   19    0.6630    0.3393
   4   20    0.7052    0.3159
   4   21    0.7514    0.2805
   4   22    0.7237    0.2976
   4   23    0.8163    0.2450
   4   24    0.9868    0.0556

   5    1    0.7715    0.1817
   5    2    0.5566    0.1694
   5    3    0.3440    0.0704
   5    4    0.1346    0.0028
   5    5    0.0000    0.0000
   5    6    0.1350    0.0029
   5    7    0.3594    0.0652
   5    8    0.6235    0.1316
   5    9    0.8407    0.1521
   5   10    0.9227    0.1553
   5   11    0.9752    0.0781
   5   12    0.9967    0.0324
   5   13    0.9895    0.0740
   5   14    0.9951    0.0429
   5   15    0.9974    0.0222
   5   16    0.9862    0.0581
   5   17    0.8816    0.1583
   5   18    0.7666    0.2729
   5   19    0.6437    0.3255
   5   20    0.6540    0.3463
   5   21    0.7733    0.2292
   5   22    0.7923    0.2320
   5   23    0.8635    0.2300
   5   24    0.9582    0.0893

   6    1    0.9192    0.1359
   6    2    0.8260    0.1772
   6    3    0.6013    0.1328
   6    4    0.3636    0.0631
   6    5    0.1350    0.0029
   6    6    0.0000    0.0000
   6    7    0.1345    0.0027
   6    8    0.3689    0.0852
   6    9    0.5956    0.0949
   6   10    0.8051    0.1932
   6   11    0.8887    0.1295
   6   12    0.9957    0.0239
   6   13    0.9872    0.0635
   6   14    0.9980    0.0268
   6   15    0.9976    0.0155
   6   16    0.9509    0.0962
   6   17    0.7709    0.2597
   6   18    0.7044    0.2803
   6   19    0.6115    0.3235
   6   20    0.6914    0.2854
   6   21    0.8548    0.1803
   6   22    0.8895    0.2079
   6   23    0.9316    0.1762
   6   24    0.8342    0.1876

   7    1    0.9279    0.1352
   7    2    0.8862    0.1580
   7    3    0.7672    0.2231
   7    4    0.5757    0.1541
   7    5    0.3594    0.0652
   7    6    0.1345    0.0027
   7    7    0.0000    0.0000
   7    8    0.1349    0.0028
   7    9    0.3156    0.0753
   7   10    0.5280    0.1210
   7   11    0.6736    0.1657
   7   12    0.9070    0.1773
   7   13    0.9423    0.1770
   7   14    0.9733    0.0939
   7   15    0.9648    0.1053
   7   16    0.8780    0.1347
   7   17    0.6696    0.1682
   7   18    0.5261    0.3018
   7   19    0.5273    0.2963
   7   20    0.5659    0.3133
   7   21    0.7114    0.2629
   7   22    0.8257    0.1965
   7   23    0.8764    0.1975
   7   24    0.6626    0.1645

   8    1    0.9395    0.1527
   8    2    0.9167    0.1829
   8    3    0.8786    0.2117
   8    4    0.8126    0.2331
   8    5    0.6235    0.1316
   8    6    0.3689    0.0852
   8    7    0.1349    0.0028
   8    8    0.0000    0.0000
   8    9    0.1347    0.0028
   8   10    0.3336    0.0645
   8   11    0.5703    0.0366
   8   12    0.9410    0.0654
   8   13    0.9786    0.0692
   8   14    0.9993    0.0089
   8   15    0.9964    0.0173
   8   16    0.9293    0.0653
   8   17    0.7056    0.0779
   8   18    0.6494    0.1725
   8   19    0.7168    0.2490
   8   20    0.7756    0.1877
   8   21    0.8960    0.1638
   8   22    0.9005    0.1967
   8   23    0.9489    0.1397
   8   24    0.6017    0.1009

   9    1    0.9854    0.0675
   9    2    0.9728    0.0889
   9    3    0.9548    0.1210
   9    4    0.9380    0.1121
   9    5    0.8407    0.1521
   9    6    0.5956    0.0949
   9    7    0.3156    0.0753
   9    8    0.1347    0.0028
   9    9    0.0000    0.0000
   9   10    0.1347    0.0029
   9   11    0.2561    0.0277
   9   12    0.6247    0.0858
   9   13    0.8577    0.1018
   9   14    0.9513    0.0671
   9   15    0.7278    0.0728
   9   16    0.5476    0.0671
   9   17    0.3376    0.0417
   9   18    0.3873    0.1637
   9   19    0.6202    0.2428
   9   20    0.7857    0.1701
   9   21    0.9076    0.1222
   9   22    0.9492    0.1164
   9   23    0.9808    0.0756
   9   24    0.2571    0.0077

  10    1    0.9907    0.0512
  10    2    0.9842    0.0799
  10    3    0.9776    0.0815
  10    4    0.9669    0.0987
  10    5    0.9227    0.1553
  10    6    0.8051    0.1932
  10    7    0.5280    0.1210
  10    8    0.3336    0.0645
  10    9    0.1347    0.0029
  10   10    0.0000    0.0000
  10   11    0.1349    0.0028
  10   12    0.4141    0.0527
  10   13    0.7281    0.0589
  10   14    0.8863    0.0631
  10   15    0.6585    0.0664
  10   16    0.6312    0.0788
  10   17    0.5710    0.0662
  10   18    0.4265    0.1889
  10   19    0.7843    0.1528
  10   20    0.9236    0.1204
  10   21    0.9662    0.0995
  10   22    0.9806    0.0816
  10   23    0.9765    0.0961
  10   24    0.5994    0.0377

  11    1    0.9973    0.0227
  11    2    0.9951    0.0334
  11    3    0.9909    0.0481
  11    4    0.9928    0.0415
  11    5    0.9752    0.0781
  11    6    0.8887    0.1295
  11    7    0.6736    0.1657
  11    8    0.5703    0.0366
  11    9    0.2561    0.0277
  11   10    0.1349    0.0028
  11   11    0.0000    0.0000
  11   12    0.1350    0.0029
  11   13    0.4185    0.0274
  11   14    0.4990    0.0612
  11   15    0.2541    0.0533
  11   16    0.3030    0.0554
  11   17    0.2525    0.0367
  11   18    0.3804    0.0941
  11   19    0.7015    0.1319
  11   20    0.9329    0.1028
  11   21    0.9626    0.0871
  11   22    0.9807    0.0633
  11   23    0.9898    0.0612
  11   24    0.2212    0.0061

  12    1    0.9995    0.0069
  12    2    0.9998    0.0042
  12    3    0.9990    0.0122
  12    4    0.9976    0.0258
  12    5    0.9967    0.0324
  12    6    0.9957    0.0239
  12    7    0.9070    0.1773
  12    8    0.9410    0.0654
  12    9    0.6247    0.0858
  12   10    0.4141    0.0527
  12   11    0.1350    0.0029
  12   12    0.0000    0.0000
  12   13    0.1348    0.0030
  12   14    0.3115    0.0208
  12   15    0.2459    0.0622
  12   16    0.4633    0.1139
  12   17    0.6629    0.1139
  12   18    0.7085    0.1973
  12   19    0.9532    0.1048
  12   20    0.9887    0.0500
  12   21    0.9969    0.0198
  12   22    0.9990    0.0168
  12   23    0.9957    0.0294
  12   24    0.7197    0.0586

  13    1    0.9986    0.0189
  13    2    0.9987    0.0186
  13    3    0.9964    0.0333
  13    4    0.9942    0.0501
  13    5    0.9895    0.0740
  13    6    0.9872    0.0635
  13    7    0.9423    0.1770
  13    8    0.9786    0.0692
  13    9    0.8577    0.1018
  13   10    0.7281    0.0589
  13   11    0.4185    0.0274
  13   12    0.1348    0.0030
  13   13    0.0000    0.0000
  13   14    0.1349    0.0028
  13   15    0.2887    0.0367
  13   16    0.6250    0.0762
  13   17    0.8456    0.0837
  13   18    0.9305    0.1501
  13   19    0.9887    0.0486
  13   20    0.9973    0.0187
  13   21    0.9998    0.0055
  13   22    0.9990    0.0202
  13   23    0.9972    0.0239
  13   24    0.8674    0.1014

  14    1    0.9985    0.0233
  14    2    0.9980    0.0287
  14    3    0.9962    0.0421
  14    4    0.9953    0.0486
  14    5    0.9951    0.0429
  14    6    0.9980    0.0268
  14    7    0.9733    0.0939
  14    8    0.9993    0.0089
  14    9    0.9513    0.0671
  14   10    0.8863    0.0631
  14   11    0.4990    0.0612
  14   12    0.3115    0.0208
  14   13    0.1349    0.0028
  14   14    0.0000    0.0000
  14   15    0.1349    0.0028
  14   16    0.3760    0.0720
  14   17    0.7273    0.0555
  14   18    0.9267    0.1142
  14   19    0.9796    0.0747
  14   20    0.9973    0.0208
  14   21    0.9965    0.0220
  14   22    0.9971    0.0206
  14   23    0.9970    0.0314
  14   24    0.9358    0.0673

  15    1    1.0000    0.0003
  15    2    0.9996    0.0068
  15    3    0.9991    0.0118
  15    4    0.9977    0.0279
  15    5    0.9974    0.0222
  15    6    0.9976    0.0155
  15    7    0.9648    0.1053
  15    8    0.9964    0.0173
  15    9    0.7278    0.0728
  15   10    0.6585    0.0664
  15   11    0.2541    0.0533
  15   12    0.2459    0.0622
  15   13    0.2887    0.0367
  15   14    0.1349    0.0028
  15   15    0.0000    0.0000
  15   16    0.1343    0.0029
  15   17    0.4293    0.0436
  15   18    0.6986    0.0590
  15   19    0.9235    0.0741
  15   20    0.9858    0.0619
  15   21    0.9864    0.0624
  15   22    0.9927    0.0438
  15   23    0.9945    0.0449
  15   24    0.6659    0.0765

  16    1    0.9953    0.0421
  16    2    0.9876    0.0682
  16    3    0.9900    0.0488
  16    4    0.9902    0.0486
  16    5    0.9862    0.0581
  16    6    0.9509    0.0962
  16    7    0.8780    0.1347
  16    8    0.9293    0.0653
  16    9    0.5476    0.0671
  16   10    0.6312    0.0788
  16   11    0.3030    0.0554
  16   12    0.4633    0.1139
  16   13    0.6250    0.0762
  16   14    0.3760    0.0720
  16   15    0.1343    0.0029
  16   16    0.0000    0.0000
  16   17    0.1347    0.0029
  16   18    0.3495    0.0455
  16   19    0.5606    0.1084
  16   20    0.8956    0.1585
  16   21    0.9355    0.1630
  16   22    0.9608    0.1374
  16   23    0.9789    0.0939
  16   24    0.5397    0.0575

  17    1    0.9884    0.0595
  17    2    0.9724    0.0977
  17    3    0.9660    0.1047
  17    4    0.9365    0.1054
  17    5    0.8816    0.1583
  17    6    0.7709    0.2597
  17    7    0.6696    0.1682
  17    8    0.7056    0.0779
  17    9    0.3376    0.0417
  17   10    0.5710    0.0662
  17   11    0.2525    0.0367
  17   12    0.6629    0.1139
  17   13    0.8456    0.0837
  17   14    0.7273    0.0555
  17   15    0.4293    0.0436
  17   16    0.1347    0.0029
  17   17    0.0000    0.0000
  17   18    0.1348    0.0028
  17   19    0.3304    0.0678
  17   20    0.6364    0.1349
  17   21    0.8297    0.2154
  17   22    0.9107    0.1562
  17   23    0.9746    0.0947
  17   24    0.2571    0.0074

  18    1    0.9871    0.0681
  18    2    0.9722    0.0941
  18    3    0.9382    0.1331
  18    4    0.8742    0.1571
  18    5    0.7666    0.2729
  18    6    0.7044    0.2803
  18    7    0.5261    0.3018
  18    8    0.6494    0.1725
  18    9    0.3873    0.1637
  18   10    0.4265    0.1889
  18   11    0.3804    0.0941
  18   12    0.7085    0.1973
  18   13    0.9305    0.1501
  18   14    0.9267    0.1142
  18   15    0.6986    0.0590
  18   16    0.3495    0.0455
  18   17    0.1348    0.0028
  18   18    0.0000    0.0000
  18   19    0.1348    0.0028
  18   20    0.3858    0.0645
  18   21    0.6416    0.1207
  18   22    0.8564    0.1361
  18   23    0.9345    0.1368
  18   24    0.5255    0.0974

  19    1    0.9145    0.1680
  19    2    0.8531    0.2216
  19    3    0.7551    0.2679
  19    4    0.6630    0.3393
  19    5    0.6437    0.3255
  19    6    0.6115    0.3235
  19    7    0.5273    0.2963
  19    8    0.7168    0.2490
  19    9    0.6202    0.2428
  19   10    0.7843    0.1528
  19   11    0.7015    0.1319
  19   12    0.9532    0.1048
  19   13    0.9887    0.0486
  19   14    0.9796    0.0747
  19   15    0.9235    0.0741
  19   16    0.5606    0.1084
  19   17    0.3304    0.0678
  19   18    0.1348    0.0028
  19   19    0.0000    0.0000
  19   20    0.1348    0.0030
  19   21    0.3617    0.0455
  19   22    0.5548    0.1225
  19   23    0.8226    0.1322
  19   24    0.7261    0.1857

  20    1    0.8812    0.2212
  20    2    0.8478    0.2328
  20    3    0.7424    0.2978
  20    4    0.7052    0.3159
  20    5    0.6540    0.3463
  20    6    0.6914    0.2854
  20    7    0.5659    0.3133
  20    8    0.7756    0.1877
  20    9    0.7857    0.1701
  20   10    0.9236    0.1204
  20   11    0.9329    0.1028
  20   12    0.9887    0.0500
  20   13    0.9973    0.0187
  20   14    0.9973    0.0208
  20   15    0.9858    0.0619
  20   16    0.8956    0.1585
  20   17    0.6364    0.1349
  20   18    0.3858    0.0645
  20   19    0.1348    0.0030
  20   20    0.0000    0.0000
  20   21    0.1349    0.0028
  20   22    0.3509    0.0613
  20   23    0.6155    0.0731
  20   24    0.9130    0.1241

  21    1    0.8955    0.1795
  21    2    0.8826    0.1865
  21    3    0.7850    0.2839
  21    4    0.7514    0.2805
  21    5    0.7733    0.2292
  21    6    0.8548    0.1803
  21    7    0.7114    0.2629
  21    8    0.8960    0.1638
  21    9    0.9076    0.1222
  21   10    0.9662    0.0995
  21   11    0.9626    0.0871
  21   12    0.9969    0.0198
  21   13    0.9998    0.0055
  21   14    0.9965    0.0220
  21   15    0.9864    0.0624
  21   16    0.9355    0.1630
  21   17    0.8297    0.2154
  21   18    0.6416    0.1207
  21   19    0.3617    0.0455
  21   20    0.1349    0.0028
  21   21    0.0000    0.0000
  21   22    0.1343    0.0032
  21   23    0.3158    0.0650
  21   24    0.9417    0.1184

  22    1    0.8505    0.2318
  22    2    0.8352    0.2299
  22    3    0.7412    0.2960
  22    4    0.7237    0.2976
  22    5    0.7923    0.2320
  22    6    0.8895    0.2079
  22    7    0.8257    0.1965
  22    8    0.9005    0.1967
  22    9    0.9492    0.1164
  22   10    0.9806    0.0816
  22   11    0.9807    0.0633
  22   12    0.9990    0.0168
  22   13    0.9990    0.0202
  22   14    0.9971    0.0206
  22   15    0.9927    0.0438
  22   16    0.9608    0.1374
  22   17    0.9107    0.1562
  22   18    0.8564    0.1361
  22   19    0.5548    0.1225
  22   20    0.3509    0.0613
  22   21    0.1343    0.0032
  22   22    0.0000    0.0000
  22   23    0.1345    0.0029
  22   24    0.9630    0.1048

  23    1    0.8706    0.2273
  23    2    0.8895    0.1991
  23    3    0.7953    0.2657
  23    4    0.8163    0.2450
  23    5    0.8635    0.2300
  23    6    0.9316    0.1762
  23    7    0.8764    0.1975
  23    8    0.9489    0.1397
  23    9    0.9808    0.0756
  23   10    0.9765    0.0961
  23   11    0.9898    0.0612
  23   12    0.9957    0.0294
  23   13    0.9972    0.0239
  23   14    0.9970    0.0314
  23   15    0.9945    0.0449
  23   16    0.9789    0.0939
  23   17    0.9746    0.0947
  23   18    0.9345    0.1368
  23   19    0.8226    0.1322
  23   20    0.6155    0.0731
  23   21    0.3158    0.0650
  23   22    0.1345    0.0029
  23   23    0.0000    0.0000
  23   24    0.9912    0.0591

  24    1    0.9951    0.0365
  24    2    0.9897    0.0497
  24    3    0.9824    0.0704
  24    4    0.9868    0.0556
  24    5    0.9582    0.0893
  24    6    0.8342    0.1876
  24    7    0.6626    0.1645
  24    8    0.6017    0.1009
  24    9    0.2571    0.0077
  24   10    0.5994    0.0377
  24   11    0.2212    0.0061
  24   12    0.7197    0.0586
  24   13    0.8674    0.1014
  24   14    0.9358    0.0673
  24   15    0.6659    0.0765
  24   16    0.5397    0.0575
  24   17    0.2571    0.0074
  24   18    0.5255    0.0974
  24   19    0.7261    0.1857
  24   20    0.9130    0.1241
  24   21    0.9417    0.1184
  24   22    0.9630    0.1048
  24   23    0.9912    0.0591
  24   24    0.0000    0.0000

