#  i  j   t_first t_last t_total (# encounters)
# first/last time residues i and j are within the interaction distance.
# total: fraction of frames in which residues i and j are within interaction distance (maximum = 1.0).
   1    1       358500       999500     1.000000 641000.000000     1
   1    2       358500       999500     1.000000 641000.000000     1
   1    3       358500       999500     1.000000 641000.000000     1
   1    4       360500       996500     0.247664 641000.000000    95
   1    5       385500       982500     0.068536 641000.000000    35
   1    6       440500       982500     0.015576 641000.000000     8
   1    7       440500       937500     0.012461 641000.000000     7
   1    8       440500       720500     0.032710 641000.000000    12
   1    9       440500       540500     0.006231 641000.000000     3
   1   10       696500       696500     0.001558 641000.000000     1
   1   11       999500            0     0.000000 641000.000000     0
   1   12       999500            0     0.000000 641000.000000     0
   1   13       999500            0     0.000000 641000.000000     0
   1   14       999500            0     0.000000 641000.000000     0
   1   15       999500            0     0.000000 641000.000000     0
   1   16       810500       810500     0.001558 641000.000000     1
   1   17       438500       749500     0.003115 641000.000000     2
   1   18       438500       752500     0.007788 641000.000000     3
   1   19       374500       810500     0.042056 641000.000000    13
   1   20       439500       953500     0.130841 641000.000000    22
   1   21       490500       984500     0.034268 641000.000000    12
   1   22       373500       985500     0.091900 641000.000000    21
   1   23       372500       996500     0.088785 641000.000000    32
   1   24       999500            0     0.000000 641000.000000     0

   2    1       358500       999500     1.000000 641000.000000     1
   2    2       358500       999500     1.000000 641000.000000     1
   2    3       358500       999500     1.000000 641000.000000     1
   2    4       358500       999500     1.000000 641000.000000     1
   2    5       363500       999500     0.294393 641000.000000    76
   2    6       395500       988500     0.063863 641000.000000    29
   2    7       378500       928500     0.031153 641000.000000    16
   2    8       435500       756500     0.056075 641000.000000    16
   2    9       588500       749500     0.004673 641000.000000     3
   2   10       695500       699500     0.007788 641000.000000     1
   2   11       999500            0     0.000000 641000.000000     0
   2   12       999500            0     0.000000 641000.000000     0
   2   13       999500            0     0.000000 641000.000000     0
   2   14       514500       514500     0.001558 641000.000000     1
   2   15       999500            0     0.000000 641000.000000     0
   2   16       690500       810500     0.004673 641000.000000     2
   2   17       689500       810500     0.010903 641000.000000     4
   2   18       690500       754500     0.007788 641000.000000     4
   2   19       374500       928500     0.102804 641000.000000    19
   2   20       438500       958500     0.155763 641000.000000    18
   2   21       390500       873500     0.054517 641000.000000    16
   2   22       373500       988500     0.102804 641000.000000    30
   2   23       390500       993500     0.070093 641000.000000    23
   2   24       749500       749500     0.001558 641000.000000     1

   3    1       358500       999500     1.000000 641000.000000     1
   3    2       358500       999500     1.000000 641000.000000     1
   3    3       358500       999500     1.000000 641000.000000     1
   3    4       358500       999500     1.000000 641000.000000     1
   3    5       358500       999500     1.000000 641000.000000     1
   3    6       360500       980500     0.135514 641000.000000    29
   3    7       367500       943500     0.138629 641000.000000    40
   3    8       432500       748500     0.087227 641000.000000    29
   3    9       438500       699500     0.017134 641000.000000     6
   3   10       663500       699500     0.007788 641000.000000     3
   3   11       561500       561500     0.001558 641000.000000     1
   3   12       999500            0     0.000000 641000.000000     0
   3   13       999500            0     0.000000 641000.000000     0
   3   14       515500       535500     0.003115 641000.000000     2
   3   15       999500            0     0.000000 641000.000000     0
   3   16       691500       691500     0.001558 641000.000000     1
   3   17       360500       767500     0.014019 641000.000000     6
   3   18       372500       754500     0.029595 641000.000000    11
   3   19       360500       953500     0.152648 641000.000000    39
   3   20       360500       953500     0.239875 641000.000000    26
   3   21       372500       998500     0.210280 641000.000000    26
   3   22       372500       998500     0.247664 641000.000000    38
   3   23       372500       997500     0.188474 641000.000000    45
   3   24       438500       562500     0.004673 641000.000000     2

   4    1       360500       996500     0.247664 641000.000000    95
   4    2       358500       999500     1.000000 641000.000000     1
   4    3       358500       999500     1.000000 641000.000000     1
   4    4       358500       999500     1.000000 641000.000000     1
   4    5       358500       999500     1.000000 641000.000000     1
   4    6       358500       999500     1.000000 641000.000000     1
   4    7       364500       996500     0.249221 641000.000000    53
   4    8       486500       750500     0.130841 641000.000000    29
   4    9       652500       717500     0.004673 641000.000000     3
   4   10       522500       965500     0.010903 641000.000000     5
   4   11       999500            0     0.000000 641000.000000     0
   4   12       999500            0     0.000000 641000.000000     0
   4   13       514500       516500     0.003115 641000.000000     2
   4   14       514500       515500     0.003115 641000.000000     1
   4   15       999500            0     0.000000 641000.000000     0
   4   16       515500       691500     0.003115 641000.000000     2
   4   17       690500       741500     0.003115 641000.000000     2
   4   18       637500       637500     0.001558 641000.000000     1
   4   19       374500       954500     0.392523 641000.000000    21
   4   20       393500       993500     0.303738 641000.000000    38
   4   21       393500       999500     0.250779 641000.000000    40
   4   22       393500       999500     0.297508 641000.000000    55
   4   23       373500       999500     0.140187 641000.000000    40
   4   24       741500       741500     0.001558 641000.000000     1

   5    1       385500       982500     0.068536 641000.000000    35
   5    2       363500       999500     0.294393 641000.000000    76
   5    3       358500       999500     1.000000 641000.000000     1
   5    4       358500       999500     1.000000 641000.000000     1
   5    5       358500       999500     1.000000 641000.000000     1
   5    6       358500       999500     1.000000 641000.000000     1
   5    7       358500       999500     1.000000 641000.000000     1
   5    8       358500       994500     0.132399 641000.000000    35
   5    9       375500       741500     0.023364 641000.000000    10
   5   10       358500       707500     0.032710 641000.000000    20
   5   11       999500            0     0.000000 641000.000000     0
   5   12       999500            0     0.000000 641000.000000     0
   5   13       513500       531500     0.006231 641000.000000     2
   5   14       515500       515500     0.001558 641000.000000     1
   5   15       999500            0     0.000000 641000.000000     0
   5   16       999500            0     0.000000 641000.000000     0
   5   17       658500       741500     0.020249 641000.000000     7
   5   18       369500       950500     0.320872 641000.000000    30
   5   19       373500       993500     0.390966 641000.000000    24
   5   20       378500       998500     0.380062 641000.000000    25
   5   21       374500       999500     0.095016 641000.000000    48
   5   22       378500       998500     0.129283 641000.000000    39
   5   23       373500       990500     0.101246 641000.000000    25
   5   24       660500       690500     0.007788 641000.000000     5

   6    1       440500       982500     0.015576 641000.000000     8
   6    2       395500       988500     0.063863 641000.000000    29
   6    3       360500       980500     0.135514 641000.000000    29
   6    4       358500       999500     1.000000 641000.000000     1
   6    5       358500       999500     1.000000 641000.000000     1
   6    6       358500       999500     1.000000 641000.000000     1
   6    7       358500       999500     1.000000 641000.000000     1
   6    8       358500       999500     1.000000 641000.000000     1
   6    9       364500       978500     0.101246 641000.000000    30
   6   10       363500       738500     0.096573 641000.000000    33
   6   11       680500       690500     0.003115 641000.000000     2
   6   12       999500            0     0.000000 641000.000000     0
   6   13       502500       515500     0.004673 641000.000000     2
   6   14       515500       515500     0.001558 641000.000000     1
   6   15       999500            0     0.000000 641000.000000     0
   6   16       999500            0     0.000000 641000.000000     0
   6   17       689500       953500     0.225857 641000.000000    33
   6   18       372500       991500     0.320872 641000.000000    23
   6   19       359500       999500     0.417445 641000.000000    21
   6   20       394500       999500     0.378505 641000.000000    34
   6   21       425500       999500     0.063863 641000.000000    17
   6   22       415500       998500     0.084112 641000.000000    16
   6   23       435500       990500     0.059190 641000.000000    10
   6   24       678500       925500     0.070093 641000.000000    15

   7    1       440500       937500     0.012461 641000.000000     7
   7    2       378500       928500     0.031153 641000.000000    16
   7    3       367500       943500     0.138629 641000.000000    40
   7    4       364500       996500     0.249221 641000.000000    53
   7    5       358500       999500     1.000000 641000.000000     1
   7    6       358500       999500     1.000000 641000.000000     1
   7    7       358500       999500     1.000000 641000.000000     1
   7    8       358500       999500     1.000000 641000.000000     1
   7    9       358500       999500     1.000000 641000.000000     1
   7   10       361500       997500     0.395639 641000.000000   105
   7   11       463500       983500     0.110592 641000.000000    26
   7   12       482500       537500     0.057632 641000.000000     9
   7   13       482500       544500     0.057632 641000.000000    10
   7   14       501500       515500     0.003115 641000.000000     2
   7   15       501500       851500     0.014019 641000.000000     7
   7   16       848500       994500     0.010903 641000.000000     4
   7   17       372500       953500     0.193146 641000.000000    48
   7   18       359500       999500     0.462617 641000.000000    20
   7   19       359500       999500     0.568536 641000.000000    32
   7   20       372500       999500     0.464174 641000.000000    29
   7   21       431500       999500     0.317757 641000.000000    49
   7   22       402500       998500     0.080997 641000.000000    21
   7   23       436500       998500     0.070093 641000.000000    22
   7   24       375500       954500     0.260125 641000.000000    49

   8    1       440500       720500     0.032710 641000.000000    12
   8    2       435500       756500     0.056075 641000.000000    16
   8    3       432500       748500     0.087227 641000.000000    29
   8    4       486500       750500     0.130841 641000.000000    29
   8    5       358500       994500     0.132399 641000.000000    35
   8    6       358500       999500     1.000000 641000.000000     1
   8    7       358500       999500     1.000000 641000.000000     1
   8    8       358500       999500     1.000000 641000.000000     1
   8    9       358500       999500     1.000000 641000.000000     1
   8   10       358500       999500     1.000000 641000.000000     1
   8   11       425500       972500     0.037383 641000.000000    17
   8   12       999500            0     0.000000 641000.000000     0
   8   13       455500       465500     0.003115 641000.000000     2
   8   14       999500            0     0.000000 641000.000000     0
   8   15       999500            0     0.000000 641000.000000     0
   8   16       999500            0     0.000000 641000.000000     0
   8   17       425500       500500     0.004673 641000.000000     2
   8   18       423500       999500     0.160436 641000.000000    27
   8   19       373500       999500     0.200935 641000.000000    23
   8   20       407500       866500     0.074766 641000.000000    29
   8   21       414500       610500     0.037383 641000.000000    18
   8   22       414500       969500     0.066978 641000.000000    20
   8   23       437500       989500     0.028037 641000.000000    11
   8   24       399500       992500     0.207165 641000.000000    50

   9    1       440500       540500     0.006231 641000.000000     3
   9    2       588500       749500     0.004673 641000.000000     3
   9    3       438500       699500     0.017134 641000.000000     6
   9    4       652500       717500     0.004673 641000.000000     3
   9    5       375500       741500     0.023364 641000.000000    10
   9    6       364500       978500     0.101246 641000.000000    30
   9    7       358500       999500     1.000000 641000.000000     1
   9    8       358500       999500     1.000000 641000.000000     1
   9    9       358500       999500     1.000000 641000.000000     1
   9   10       358500       999500     1.000000 641000.000000     1
   9   11       358500       999500     1.000000 641000.000000     1
   9   12       428500       946500     0.077882 641000.000000    24
   9   13       999500            0     0.000000 641000.000000     0
   9   14       999500            0     0.000000 641000.000000     0
   9   15       848500       891500     0.009346 641000.000000     6
   9   16       378500       999500     0.261682 641000.000000    71
   9   17       358500       999500     1.000000 641000.000000     1
   9   18       359500       999500     0.775701 641000.000000    47
   9   19       373500       999500     0.327103 641000.000000    41
   9   20       376500       962500     0.014019 641000.000000     7
   9   21       496500       609500     0.004673 641000.000000     3
   9   22       488500       497500     0.006231 641000.000000     2
   9   23       482500       541500     0.004673 641000.000000     3
   9   24       358500       999500     1.000000 641000.000000     1

  10    1       696500       696500     0.001558 641000.000000     1
  10    2       695500       699500     0.007788 641000.000000     1
  10    3       663500       699500     0.007788 641000.000000     3
  10    4       522500       965500     0.010903 641000.000000     5
  10    5       358500       707500     0.032710 641000.000000    20
  10    6       363500       738500     0.096573 641000.000000    33
  10    7       361500       997500     0.395639 641000.000000   105
  10    8       358500       999500     1.000000 641000.000000     1
  10    9       358500       999500     1.000000 641000.000000     1
  10   10       358500       999500     1.000000 641000.000000     1
  10   11       358500       999500     1.000000 641000.000000     1
  10   12       358500       999500     0.998442 641000.000000     2
  10   13       893500       985500     0.007788 641000.000000     4
  10   14       999500            0     0.000000 641000.000000     0
  10   15       835500       856500     0.006231 641000.000000     4
  10   16       378500       999500     0.048287 641000.000000    16
  10   17       367500       999500     0.105919 641000.000000    42
  10   18       359500       999500     0.665109 641000.000000    94
  10   19       458500       739500     0.026480 641000.000000     9
  10   20       495500       990500     0.012461 641000.000000     5
  10   21       495500       752500     0.012461 641000.000000     5
  10   22       495500       665500     0.007788 641000.000000     3
  10   23       480500       983500     0.014019 641000.000000     7
  10   24       435500       974500     0.009346 641000.000000     6

  11    1       999500            0     0.000000 641000.000000     0
  11    2       999500            0     0.000000 641000.000000     0
  11    3       561500       561500     0.001558 641000.000000     1
  11    4       999500            0     0.000000 641000.000000     0
  11    5       999500            0     0.000000 641000.000000     0
  11    6       680500       690500     0.003115 641000.000000     2
  11    7       463500       983500     0.110592 641000.000000    26
  11    8       425500       972500     0.037383 641000.000000    17
  11    9       358500       999500     1.000000 641000.000000     1
  11   10       358500       999500     1.000000 641000.000000     1
  11   11       358500       999500     1.000000 641000.000000     1
  11   12       358500       999500     1.000000 641000.000000     1
  11   13       358500       999500     1.000000 641000.000000     1
  11   14       359500       992500     0.496885 641000.000000   122
  11   15       358500       999500     0.990654 641000.000000     7
  11   16       358500       999500     0.982866 641000.000000     7
  11   17       358500       999500     1.000000 641000.000000     1
  11   18       359500       999500     0.923676 641000.000000    22
  11   19       373500       703500     0.054517 641000.000000    27
  11   20       495500       497500     0.004673 641000.000000     1
  11   21       999500            0     0.000000 641000.000000     0
  11   22       635500       637500     0.003115 641000.000000     2
  11   23       380500       665500     0.006231 641000.000000     3
  11   24       358500       999500     1.000000 641000.000000     1

  12    1       999500            0     0.000000 641000.000000     0
  12    2       999500            0     0.000000 641000.000000     0
  12    3       999500            0     0.000000 641000.000000     0
  12    4       999500            0     0.000000 641000.000000     0
  12    5       999500            0     0.000000 641000.000000     0
  12    6       999500            0     0.000000 641000.000000     0
  12    7       482500       537500     0.057632 641000.000000     9
  12    8       999500            0     0.000000 641000.000000     0
  12    9       428500       946500     0.077882 641000.000000    24
  12   10       358500       999500     0.998442 641000.000000     2
  12   11       358500       999500     1.000000 641000.000000     1
  12   12       358500       999500     1.000000 641000.000000     1
  12   13       358500       999500     1.000000 641000.000000     1
  12   14       358500       999500     1.000000 641000.000000     1
  12   15       358500       999500     0.979751 641000.000000     8
  12   16       359500       999500     0.595016 641000.000000   121
  12   17       875500       985500     0.119938 641000.000000    10
  12   18       535500       999500     0.165109 641000.000000    13
  12   19       979500       979500     0.001558 641000.000000     1
  12   20       999500            0     0.000000 641000.000000     0
  12   21       999500            0     0.000000 641000.000000     0
  12   22       999500            0     0.000000 641000.000000     0
  12   23       999500            0     0.000000 641000.000000     0
  12   24       423500       428500     0.004673 641000.000000     3

  13    1       999500            0     0.000000 641000.000000     0
  13    2       999500            0     0.000000 641000.000000     0
  13    3       999500            0     0.000000 641000.000000     0
  13    4       514500       516500     0.003115 641000.000000     2
  13    5       513500       531500     0.006231 641000.000000     2
  13    6       502500       515500     0.004673 641000.000000     2
  13    7       482500       544500     0.057632 641000.000000    10
  13    8       455500       465500     0.003115 641000.000000     2
  13    9       999500            0     0.000000 641000.000000     0
  13   10       893500       985500     0.007788 641000.000000     4
  13   11       358500       999500     1.000000 641000.000000     1
  13   12       358500       999500     1.000000 641000.000000     1
  13   13       358500       999500     1.000000 641000.000000     1
  13   14       358500       999500     1.000000 641000.000000     1
  13   15       358500       999500     1.000000 641000.000000     1
  13   16       532500       992500     0.110592 641000.000000    24
  13   17       999500            0     0.000000 641000.000000     0
  13   18       881500       984500     0.018692 641000.000000     9
  13   19       999500            0     0.000000 641000.000000     0
  13   20       999500            0     0.000000 641000.000000     0
  13   21       999500            0     0.000000 641000.000000     0
  13   22       999500            0     0.000000 641000.000000     0
  13   23       999500            0     0.000000 641000.000000     0
  13   24       424500       428500     0.003115 641000.000000     2

  14    1       999500            0     0.000000 641000.000000     0
  14    2       514500       514500     0.001558 641000.000000     1
  14    3       515500       535500     0.003115 641000.000000     2
  14    4       514500       515500     0.003115 641000.000000     1
  14    5       515500       515500     0.001558 641000.000000     1
  14    6       515500       515500     0.001558 641000.000000     1
  14    7       501500       515500     0.003115 641000.000000     2
  14    8       999500            0     0.000000 641000.000000     0
  14    9       999500            0     0.000000 641000.000000     0
  14   10       999500            0     0.000000 641000.000000     0
  14   11       359500       992500     0.496885 641000.000000   122
  14   12       358500       999500     1.000000 641000.000000     1
  14   13       358500       999500     1.000000 641000.000000     1
  14   14       358500       999500     1.000000 641000.000000     1
  14   15       358500       999500     1.000000 641000.000000     1
  14   16       358500       999500     1.000000 641000.000000     1
  14   17       891500       891500     0.001558 641000.000000     1
  14   18       901500       936500     0.004673 641000.000000     3
  14   19       962500       979500     0.004673 641000.000000     2
  14   20       999500            0     0.000000 641000.000000     0
  14   21       999500            0     0.000000 641000.000000     0
  14   22       999500            0     0.000000 641000.000000     0
  14   23       385500       385500     0.001558 641000.000000     1
  14   24       424500       424500     0.001558 641000.000000     1

  15    1       999500            0     0.000000 641000.000000     0
  15    2       999500            0     0.000000 641000.000000     0
  15    3       999500            0     0.000000 641000.000000     0
  15    4       999500            0     0.000000 641000.000000     0
  15    5       999500            0     0.000000 641000.000000     0
  15    6       999500            0     0.000000 641000.000000     0
  15    7       501500       851500     0.014019 641000.000000     7
  15    8       999500            0     0.000000 641000.000000     0
  15    9       848500       891500     0.009346 641000.000000     6
  15   10       835500       856500     0.006231 641000.000000     4
  15   11       358500       999500     0.990654 641000.000000     7
  15   12       358500       999500     0.979751 641000.000000     8
  15   13       358500       999500     1.000000 641000.000000     1
  15   14       358500       999500     1.000000 641000.000000     1
  15   15       358500       999500     1.000000 641000.000000     1
  15   16       358500       999500     1.000000 641000.000000     1
  15   17       358500       999500     1.000000 641000.000000     1
  15   18       499500       888500     0.004673 641000.000000     3
  15   19       999500            0     0.000000 641000.000000     0
  15   20       999500            0     0.000000 641000.000000     0
  15   21       999500            0     0.000000 641000.000000     0
  15   22       999500            0     0.000000 641000.000000     0
  15   23       385500       385500     0.001558 641000.000000     1
  15   24       424500       558500     0.004673 641000.000000     3

  16    1       810500       810500     0.001558 641000.000000     1
  16    2       690500       810500     0.004673 641000.000000     2
  16    3       691500       691500     0.001558 641000.000000     1
  16    4       515500       691500     0.003115 641000.000000     2
  16    5       999500            0     0.000000 641000.000000     0
  16    6       999500            0     0.000000 641000.000000     0
  16    7       848500       994500     0.010903 641000.000000     4
  16    8       999500            0     0.000000 641000.000000     0
  16    9       378500       999500     0.261682 641000.000000    71
  16   10       378500       999500     0.048287 641000.000000    16
  16   11       358500       999500     0.982866 641000.000000     7
  16   12       359500       999500     0.595016 641000.000000   121
  16   13       532500       992500     0.110592 641000.000000    24
  16   14       358500       999500     1.000000 641000.000000     1
  16   15       358500       999500     1.000000 641000.000000     1
  16   16       358500       999500     1.000000 641000.000000     1
  16   17       358500       999500     1.000000 641000.000000     1
  16   18       358500       999500     1.000000 641000.000000     1
  16   19       440500       992500     0.193146 641000.000000    64
  16   20       358500       732500     0.042056 641000.000000     7
  16   21       358500       732500     0.046729 641000.000000     8
  16   22       358500       636500     0.034268 641000.000000     8
  16   23       380500       644500     0.010903 641000.000000     5
  16   24       358500       808500     0.225857 641000.000000    65

  17    1       438500       749500     0.003115 641000.000000     2
  17    2       689500       810500     0.010903 641000.000000     4
  17    3       360500       767500     0.014019 641000.000000     6
  17    4       690500       741500     0.003115 641000.000000     2
  17    5       658500       741500     0.020249 641000.000000     7
  17    6       689500       953500     0.225857 641000.000000    33
  17    7       372500       953500     0.193146 641000.000000    48
  17    8       425500       500500     0.004673 641000.000000     2
  17    9       358500       999500     1.000000 641000.000000     1
  17   10       367500       999500     0.105919 641000.000000    42
  17   11       358500       999500     1.000000 641000.000000     1
  17   12       875500       985500     0.119938 641000.000000    10
  17   13       999500            0     0.000000 641000.000000     0
  17   14       891500       891500     0.001558 641000.000000     1
  17   15       358500       999500     1.000000 641000.000000     1
  17   16       358500       999500     1.000000 641000.000000     1
  17   17       358500       999500     1.000000 641000.000000     1
  17   18       358500       999500     1.000000 641000.000000     1
  17   19       358500       999500     1.000000 641000.000000     1
  17   20       358500       955500     0.110592 641000.000000    28
  17   21       358500       730500     0.080997 641000.000000    21
  17   22       380500       637500     0.017134 641000.000000     6
  17   23       380500       636500     0.014019 641000.000000     7
  17   24       358500       999500     1.000000 641000.000000     1

  18    1       438500       752500     0.007788 641000.000000     3
  18    2       690500       754500     0.007788 641000.000000     4
  18    3       372500       754500     0.029595 641000.000000    11
  18    4       637500       637500     0.001558 641000.000000     1
  18    5       369500       950500     0.320872 641000.000000    30
  18    6       372500       991500     0.320872 641000.000000    23
  18    7       359500       999500     0.462617 641000.000000    20
  18    8       423500       999500     0.160436 641000.000000    27
  18    9       359500       999500     0.775701 641000.000000    47
  18   10       359500       999500     0.665109 641000.000000    94
  18   11       359500       999500     0.923676 641000.000000    22
  18   12       535500       999500     0.165109 641000.000000    13
  18   13       881500       984500     0.018692 641000.000000     9
  18   14       901500       936500     0.004673 641000.000000     3
  18   15       499500       888500     0.004673 641000.000000     3
  18   16       358500       999500     1.000000 641000.000000     1
  18   17       358500       999500     1.000000 641000.000000     1
  18   18       358500       999500     1.000000 641000.000000     1
  18   19       358500       999500     1.000000 641000.000000     1
  18   20       358500       999500     1.000000 641000.000000     1
  18   21       358500       993500     0.090343 641000.000000    25
  18   22       358500       994500     0.026480 641000.000000    13
  18   23       363500       937500     0.017134 641000.000000    10
  18   24       375500       999500     0.493769 641000.000000    25

  19    1       374500       810500     0.042056 641000.000000    13
  19    2       374500       928500     0.102804 641000.000000    19
  19    3       360500       953500     0.152648 641000.000000    39
  19    4       374500       954500     0.392523 641000.000000    21
  19    5       373500       993500     0.390966 641000.000000    24
  19    6       359500       999500     0.417445 641000.000000    21
  19    7       359500       999500     0.568536 641000.000000    32
  19    8       373500       999500     0.200935 641000.000000    23
  19    9       373500       999500     0.327103 641000.000000    41
  19   10       458500       739500     0.026480 641000.000000     9
  19   11       373500       703500     0.054517 641000.000000    27
  19   12       979500       979500     0.001558 641000.000000     1
  19   13       999500            0     0.000000 641000.000000     0
  19   14       962500       979500     0.004673 641000.000000     2
  19   15       999500            0     0.000000 641000.000000     0
  19   16       440500       992500     0.193146 641000.000000    64
  19   17       358500       999500     1.000000 641000.000000     1
  19   18       358500       999500     1.000000 641000.000000     1
  19   19       358500       999500     1.000000 641000.000000     1
  19   20       358500       999500     1.000000 641000.000000     1
  19   21       358500       999500     1.000000 641000.000000     1
  19   22       391500       991500     0.239875 641000.000000    82
  19   23       363500       921500     0.014019 641000.000000     8
  19   24       374500       955500     0.177570 641000.000000    34

  20    1       439500       953500     0.130841 641000.000000    22
  20    2       438500       958500     0.155763 641000.000000    18
  20    3       360500       953500     0.239875 641000.000000    26
  20    4       393500       993500     0.303738 641000.000000    38
  20    5       378500       998500     0.380062 641000.000000    25
  20    6       394500       999500     0.378505 641000.000000    34
  20    7       372500       999500     0.464174 641000.000000    29
  20    8       407500       866500     0.074766 641000.000000    29
  20    9       376500       962500     0.014019 641000.000000     7
  20   10       495500       990500     0.012461 641000.000000     5
  20   11       495500       497500     0.004673 641000.000000     1
  20   12       999500            0     0.000000 641000.000000     0
  20   13       999500            0     0.000000 641000.000000     0
  20   14       999500            0     0.000000 641000.000000     0
  20   15       999500            0     0.000000 641000.000000     0
  20   16       358500       732500     0.042056 641000.000000     7
  20   17       358500       955500     0.110592 641000.000000    28
  20   18       358500       999500     1.000000 641000.000000     1
  20   19       358500       999500     1.000000 641000.000000     1
  20   20       358500       999500     1.000000 641000.000000     1
  20   21       358500       999500     1.000000 641000.000000     1
  20   22       358500       999500     1.000000 641000.000000     1
  20   23       410500       998500     0.034268 641000.000000    20
  20   24       358500       376500     0.004673 641000.000000     3

  21    1       490500       984500     0.034268 641000.000000    12
  21    2       390500       873500     0.054517 641000.000000    16
  21    3       372500       998500     0.210280 641000.000000    26
  21    4       393500       999500     0.250779 641000.000000    40
  21    5       374500       999500     0.095016 641000.000000    48
  21    6       425500       999500     0.063863 641000.000000    17
  21    7       431500       999500     0.317757 641000.000000    49
  21    8       414500       610500     0.037383 641000.000000    18
  21    9       496500       609500     0.004673 641000.000000     3
  21   10       495500       752500     0.012461 641000.000000     5
  21   11       999500            0     0.000000 641000.000000     0
  21   12       999500            0     0.000000 641000.000000     0
  21   13       999500            0     0.000000 641000.000000     0
  21   14       999500            0     0.000000 641000.000000     0
  21   15       999500            0     0.000000 641000.000000     0
  21   16       358500       732500     0.046729 641000.000000     8
  21   17       358500       730500     0.080997 641000.000000    21
  21   18       358500       993500     0.090343 641000.000000    25
  21   19       358500       999500     1.000000 641000.000000     1
  21   20       358500       999500     1.000000 641000.000000     1
  21   21       358500       999500     1.000000 641000.000000     1
  21   22       358500       999500     1.000000 641000.000000     1
  21   23       358500       999500     1.000000 641000.000000     1
  21   24       397500       609500     0.006231 641000.000000     4

  22    1       373500       985500     0.091900 641000.000000    21
  22    2       373500       988500     0.102804 641000.000000    30
  22    3       372500       998500     0.247664 641000.000000    38
  22    4       393500       999500     0.297508 641000.000000    55
  22    5       378500       998500     0.129283 641000.000000    39
  22    6       415500       998500     0.084112 641000.000000    16
  22    7       402500       998500     0.080997 641000.000000    21
  22    8       414500       969500     0.066978 641000.000000    20
  22    9       488500       497500     0.006231 641000.000000     2
  22   10       495500       665500     0.007788 641000.000000     3
  22   11       635500       637500     0.003115 641000.000000     2
  22   12       999500            0     0.000000 641000.000000     0
  22   13       999500            0     0.000000 641000.000000     0
  22   14       999500            0     0.000000 641000.000000     0
  22   15       999500            0     0.000000 641000.000000     0
  22   16       358500       636500     0.034268 641000.000000     8
  22   17       380500       637500     0.017134 641000.000000     6
  22   18       358500       994500     0.026480 641000.000000    13
  22   19       391500       991500     0.239875 641000.000000    82
  22   20       358500       999500     1.000000 641000.000000     1
  22   21       358500       999500     1.000000 641000.000000     1
  22   22       358500       999500     1.000000 641000.000000     1
  22   23       358500       999500     1.000000 641000.000000     1
  22   24       567500       637500     0.004673 641000.000000     3

  23    1       372500       996500     0.088785 641000.000000    32
  23    2       390500       993500     0.070093 641000.000000    23
  23    3       372500       997500     0.188474 641000.000000    45
  23    4       373500       999500     0.140187 641000.000000    40
  23    5       373500       990500     0.101246 641000.000000    25
  23    6       435500       990500     0.059190 641000.000000    10
  23    7       436500       998500     0.070093 641000.000000    22
  23    8       437500       989500     0.028037 641000.000000    11
  23    9       482500       541500     0.004673 641000.000000     3
  23   10       480500       983500     0.014019 641000.000000     7
  23   11       380500       665500     0.006231 641000.000000     3
  23   12       999500            0     0.000000 641000.000000     0
  23   13       999500            0     0.000000 641000.000000     0
  23   14       385500       385500     0.001558 641000.000000     1
  23   15       385500       385500     0.001558 641000.000000     1
  23   16       380500       644500     0.010903 641000.000000     5
  23   17       380500       636500     0.014019 641000.000000     7
  23   18       363500       937500     0.017134 641000.000000    10
  23   19       363500       921500     0.014019 641000.000000     8
  23   20       410500       998500     0.034268 641000.000000    20
  23   21       358500       999500     1.000000 641000.000000     1
  23   22       358500       999500     1.000000 641000.000000     1
  23   23       358500       999500     1.000000 641000.000000     1
  23   24       397500       636500     0.007788 641000.000000     4

  24    1       999500            0     0.000000 641000.000000     0
  24    2       749500       749500     0.001558 641000.000000     1
  24    3       438500       562500     0.004673 641000.000000     2
  24    4       741500       741500     0.001558 641000.000000     1
  24    5       660500       690500     0.007788 641000.000000     5
  24    6       678500       925500     0.070093 641000.000000    15
  24    7       375500       954500     0.260125 641000.000000    49
  24    8       399500       992500     0.207165 641000.000000    50
  24    9       358500       999500     1.000000 641000.000000     1
  24   10       435500       974500     0.009346 641000.000000     6
  24   11       358500       999500     1.000000 641000.000000     1
  24   12       423500       428500     0.004673 641000.000000     3
  24   13       424500       428500     0.003115 641000.000000     2
  24   14       424500       424500     0.001558 641000.000000     1
  24   15       424500       558500     0.004673 641000.000000     3
  24   16       358500       808500     0.225857 641000.000000    65
  24   17       358500       999500     1.000000 641000.000000     1
  24   18       375500       999500     0.493769 641000.000000    25
  24   19       374500       955500     0.177570 641000.000000    34
  24   20       358500       376500     0.004673 641000.000000     3
  24   21       397500       609500     0.006231 641000.000000     4
  24   22       567500       637500     0.004673 641000.000000     3
  24   23       397500       636500     0.007788 641000.000000     4
  24   24       358500       999500     1.000000 641000.000000     1

