# time (ns)  RMSD_mdmat_previous RMSD_mdmat_total
 359.5000    0.1038    0.1038
 360.5000    0.0922    0.1313
 361.5000    0.0885    0.1039
 362.5000    0.0776    0.0739
 363.5000    0.0928    0.0681
 364.5000    0.0778    0.0686
 365.5000    0.0604    0.0656
 366.5000    0.0495    0.0691
 367.5000    0.0691    0.0849
 368.5000    0.0724    0.0777
 369.5000    0.0739    0.1035
 370.5000    0.0573    0.0999
 371.5000    0.0594    0.0953
 372.5000    0.1491    0.1809
 373.5000    0.1313    0.2105
 374.5000    0.1189    0.2020
 375.5000    0.0811    0.1913
 376.5000    0.0831    0.1987
 377.5000    0.0703    0.1855
 378.5000    0.1103    0.2098
 379.5000    0.0782    0.1950
 380.5000    0.1066    0.1933
 381.5000    0.0974    0.1836
 382.5000    0.0943    0.2085
 383.5000    0.1327    0.1808
 384.5000    0.1057    0.1609
 385.5000    0.0973    0.1794
 386.5000    0.0992    0.1743
 387.5000    0.1100    0.1744
 388.5000    0.0638    0.1649
 389.5000    0.0869    0.1651
 390.5000    0.1474    0.2118
 391.5000    0.1247    0.1717
 392.5000    0.0784    0.1894
 393.5000    0.0900    0.2139
 394.5000    0.0900    0.1998
 395.5000    0.0697    0.2103
 396.5000    0.0762    0.1913
 397.5000    0.1266    0.1808
 398.5000    0.1422    0.1402
 399.5000    0.0880    0.1635
 400.5000    0.0918    0.1683
 401.5000    0.0822    0.1652
 402.5000    0.1214    0.1732
 403.5000    0.0819    0.1613
 404.5000    0.0759    0.1679
 405.5000    0.0469    0.1652
 406.5000    0.0658    0.1588
 407.5000    0.0612    0.1608
 408.5000    0.0592    0.1539
 409.5000    0.0607    0.1541
 410.5000    0.0638    0.1589
 411.5000    0.0628    0.1519
 412.5000    0.0609    0.1412
 413.5000    0.0634    0.1558
 414.5000    0.1102    0.1714
 415.5000    0.0679    0.1793
 416.5000    0.0815    0.1545
 417.5000    0.0752    0.1703
 418.5000    0.0863    0.1824
 419.5000    0.0670    0.1590
 420.5000    0.0681    0.1758
 421.5000    0.1768    0.2253
 422.5000    0.1026    0.2067
 423.5000    0.1117    0.1949
 424.5000    0.1048    0.2271
 425.5000    0.1153    0.2361
 426.5000    0.1046    0.2209
 427.5000    0.0758    0.2310
 428.5000    0.0613    0.2385
 429.5000    0.0699    0.2385
 430.5000    0.0784    0.2392
 431.5000    0.1359    0.1992
 432.5000    0.1281    0.2102
 433.5000    0.1019    0.1782
 434.5000    0.1011    0.1906
 435.5000    0.1486    0.1951
 436.5000    0.1053    0.2097
 437.5000    0.0827    0.2012
 438.5000    0.1912    0.2615
 439.5000    0.0492    0.2678
 440.5000    0.1920    0.2171
 441.5000    0.1063    0.1992
 442.5000    0.1772    0.2217
 443.5000    0.0913    0.2350
 444.5000    0.0863    0.2480
 445.5000    0.1168    0.2247
 446.5000    0.0952    0.2066
 447.5000    0.1115    0.2120
 448.5000    0.1232    0.1817
 449.5000    0.0754    0.1934
 450.5000    0.1226    0.1605
 451.5000    0.1060    0.1343
 452.5000    0.0712    0.1541
 453.5000    0.0572    0.1462
 454.5000    0.0655    0.1467
 455.5000    0.0762    0.1367
 456.5000    0.0855    0.1319
 457.5000    0.0687    0.1357
 458.5000    0.0988    0.1575
 459.5000    0.0719    0.1670
 460.5000    0.0676    0.1586
 461.5000    0.1483    0.2093
 462.5000    0.1280    0.1757
 463.5000    0.0609    0.1837
 464.5000    0.1404    0.1291
 465.5000    0.0636    0.1500
 466.5000    0.0669    0.1379
 467.5000    0.0479    0.1393
 468.5000    0.0489    0.1456
 469.5000    0.0549    0.1489
 470.5000    0.0856    0.1522
 471.5000    0.0701    0.1453
 472.5000    0.0547    0.1514
 473.5000    0.0534    0.1495
 474.5000    0.0857    0.1481
 475.5000    0.0866    0.1472
 476.5000    0.0743    0.1405
 477.5000    0.0777    0.1328
 478.5000    0.0563    0.1254
 479.5000    0.0551    0.1248
 480.5000    0.0607    0.1324
 481.5000    0.0667    0.1369
 482.5000    0.1417    0.1684
 483.5000    0.1301    0.1571
 484.5000    0.0826    0.1527
 485.5000    0.0765    0.1488
 486.5000    0.1135    0.1657
 487.5000    0.1317    0.2119
 488.5000    0.1727    0.1693
 489.5000    0.1639    0.1665
 490.5000    0.1515    0.1913
 491.5000    0.1288    0.1464
 492.5000    0.1681    0.2255
 493.5000    0.1501    0.1999
 494.5000    0.1562    0.1593
 495.5000    0.1459    0.1687
 496.5000    0.0769    0.1821
 497.5000    0.0818    0.1875
 498.5000    0.1160    0.1944
 499.5000    0.1505    0.1601
 500.5000    0.0992    0.1719
 501.5000    0.0978    0.1669
 502.5000    0.0599    0.1632
 503.5000    0.0588    0.1620
 504.5000    0.1731    0.2047
 505.5000    0.1120    0.1692
 506.5000    0.0679    0.1520
 507.5000    0.0992    0.1559
 508.5000    0.1005    0.1844
 509.5000    0.1075    0.1854
 510.5000    0.1428    0.1340
 511.5000    0.0705    0.1632
 512.5000    0.0732    0.1647
 513.5000    0.1068    0.1783
 514.5000    0.1125    0.1952
 515.5000    0.0909    0.2029
 516.5000    0.0995    0.1645
 517.5000    0.0781    0.1658
 518.5000    0.0567    0.1666
 519.5000    0.0907    0.1626
 520.5000    0.0692    0.1672
 521.5000    0.0670    0.1514
 522.5000    0.0946    0.1703
 523.5000    0.0821    0.1584
 524.5000    0.0756    0.1483
 525.5000    0.0607    0.1529
 526.5000    0.0812    0.1511
 527.5000    0.0753    0.1361
 528.5000    0.0859    0.1538
 529.5000    0.0941    0.1771
 530.5000    0.0607    0.1703
 531.5000    0.0378    0.1718
 532.5000    0.1146    0.1611
 533.5000    0.0765    0.1608
 534.5000    0.0625    0.1595
 535.5000    0.1193    0.1932
 536.5000    0.1296    0.1810
 537.5000    0.0785    0.1923
 538.5000    0.0765    0.1863
 539.5000    0.0713    0.1686
 540.5000    0.1223    0.1933
 541.5000    0.1808    0.2012
 542.5000    0.1388    0.1641
 543.5000    0.0925    0.1818
 544.5000    0.1205    0.1684
 545.5000    0.0730    0.1698
 546.5000    0.0802    0.1636
 547.5000    0.0815    0.1622
 548.5000    0.1119    0.1720
 549.5000    0.1406    0.1821
 550.5000    0.1173    0.1437
 551.5000    0.0746    0.1505
 552.5000    0.0789    0.1514
 553.5000    0.0768    0.1428
 554.5000    0.0493    0.1471
 555.5000    0.0922    0.1738
 556.5000    0.0784    0.1593
 557.5000    0.0629    0.1469
 558.5000    0.0563    0.1387
 559.5000    0.1588    0.2035
 560.5000    0.1102    0.1896
 561.5000    0.1246    0.1819
 562.5000    0.0906    0.1847
 563.5000    0.1456    0.1606
 564.5000    0.1682    0.1884
 565.5000    0.1080    0.2057
 566.5000    0.0822    0.1940
 567.5000    0.1365    0.1953
 568.5000    0.0620    0.1891
 569.5000    0.1743    0.2223
 570.5000    0.0551    0.2266
 571.5000    0.0811    0.2407
 572.5000    0.0969    0.2506
 573.5000    0.0508    0.2515
 574.5000    0.0639    0.2410
 575.5000    0.0886    0.2242
 576.5000    0.0722    0.2477
 577.5000    0.0515    0.2468
 578.5000    0.0508    0.2523
 579.5000    0.0523    0.2458
 580.5000    0.0529    0.2462
 581.5000    0.0449    0.2512
 582.5000    0.0462    0.2475
 583.5000    0.0475    0.2451
 584.5000    0.0570    0.2502
 585.5000    0.0637    0.2436
 586.5000    0.0513    0.2458
 587.5000    0.0822    0.2312
 588.5000    0.0899    0.2548
 589.5000    0.1235    0.2230
 590.5000    0.0926    0.2246
 591.5000    0.1655    0.2062
 592.5000    0.0832    0.2313
 593.5000    0.1285    0.1594
 594.5000    0.1083    0.1762
 595.5000    0.0903    0.1677
 596.5000    0.1162    0.2028
 597.5000    0.1150    0.1655
 598.5000    0.0870    0.1876
 599.5000    0.1287    0.2304
 600.5000    0.1183    0.2223
 601.5000    0.1532    0.2141
 602.5000    0.1460    0.1689
 603.5000    0.1063    0.1896
 604.5000    0.1682    0.2271
 605.5000    0.0950    0.1954
 606.5000    0.1097    0.1990
 607.5000    0.0666    0.1932
 608.5000    0.0923    0.1923
 609.5000    0.0871    0.1850
 610.5000    0.0859    0.1715
 611.5000    0.1055    0.1443
 612.5000    0.0500    0.1571
 613.5000    0.1351    0.1970
 614.5000    0.0815    0.1975
 615.5000    0.0842    0.1838
 616.5000    0.0576    0.1911
 617.5000    0.0754    0.1936
 618.5000    0.0841    0.2036
 619.5000    0.1020    0.1862
 620.5000    0.1520    0.2399
 621.5000    0.0834    0.2085
 622.5000    0.0890    0.2294
 623.5000    0.1033    0.1901
 624.5000    0.1132    0.1625
 625.5000    0.0790    0.1721
 626.5000    0.1069    0.1410
 627.5000    0.1335    0.1750
 628.5000    0.1319    0.1679
 629.5000    0.0857    0.1867
 630.5000    0.1049    0.2220
 631.5000    0.1280    0.1805
 632.5000    0.0711    0.1574
 633.5000    0.1042    0.1654
 634.5000    0.1144    0.1980
 635.5000    0.1832    0.1552
 636.5000    0.0990    0.1787
 637.5000    0.0988    0.1789
 638.5000    0.1465    0.2149
 639.5000    0.1148    0.2046
 640.5000    0.1395    0.1635
 641.5000    0.0781    0.1466
 642.5000    0.0788    0.1676
 643.5000    0.1023    0.1276
 644.5000    0.0998    0.1303
 645.5000    0.1056    0.1266
 646.5000    0.1098    0.1620
 647.5000    0.0847    0.1684
 648.5000    0.0967    0.1820
 649.5000    0.1345    0.1805
 650.5000    0.1145    0.1798
 651.5000    0.0964    0.1676
 652.5000    0.1216    0.1877
 653.5000    0.0798    0.1733
 654.5000    0.0995    0.1708
 655.5000    0.1136    0.1869
 656.5000    0.1318    0.1502
 657.5000    0.1016    0.1694
 658.5000    0.1073    0.1853
 659.5000    0.1047    0.1448
 660.5000    0.1063    0.1719
 661.5000    0.0807    0.1576
 662.5000    0.0936    0.1752
 663.5000    0.0991    0.1954
 664.5000    0.1089    0.2127
 665.5000    0.1008    0.2162
 666.5000    0.1343    0.2203
 667.5000    0.0855    0.2099
 668.5000    0.1230    0.1785
 669.5000    0.0933    0.1570
 670.5000    0.0914    0.1729
 671.5000    0.1448    0.2055
 672.5000    0.1157    0.1711
 673.5000    0.1135    0.2078
 674.5000    0.0955    0.2104
 675.5000    0.0638    0.2135
 676.5000    0.1533    0.1593
 677.5000    0.1131    0.1701
 678.5000    0.1114    0.1489
 679.5000    0.0559    0.1590
 680.5000    0.1081    0.1851
 681.5000    0.1453    0.2179
 682.5000    0.1531    0.2065
 683.5000    0.1259    0.1922
 684.5000    0.1084    0.1697
 685.5000    0.1007    0.1644
 686.5000    0.0997    0.1513
 687.5000    0.0969    0.1450
 688.5000    0.1036    0.1613
 689.5000    0.1404    0.2099
 690.5000    0.1058    0.2422
 691.5000    0.1007    0.2238
 692.5000    0.1680    0.1399
 693.5000    0.0745    0.1483
 694.5000    0.0925    0.1577
 695.5000    0.1313    0.1653
 696.5000    0.1053    0.1762
 697.5000    0.1073    0.1593
 698.5000    0.0820    0.1689
 699.5000    0.0941    0.1735
 700.5000    0.0984    0.1669
 701.5000    0.0750    0.1606
 702.5000    0.0772    0.1497
 703.5000    0.1031    0.1655
 704.5000    0.1071    0.1513
 705.5000    0.0486    0.1516
 706.5000    0.0565    0.1406
 707.5000    0.0660    0.1311
 708.5000    0.0590    0.1454
 709.5000    0.0643    0.1369
 710.5000    0.0776    0.1327
 711.5000    0.0704    0.1358
 712.5000    0.1006    0.1632
 713.5000    0.1052    0.1557
 714.5000    0.1101    0.1729
 715.5000    0.1162    0.1513
 716.5000    0.0889    0.1545
 717.5000    0.0673    0.1623
 718.5000    0.1698    0.2047
 719.5000    0.0720    0.2114
 720.5000    0.1630    0.1729
 721.5000    0.1285    0.1715
 722.5000    0.0988    0.1883
 723.5000    0.1123    0.1596
 724.5000    0.0971    0.1637
 725.5000    0.0852    0.1419
 726.5000    0.0756    0.1429
 727.5000    0.1232    0.1563
 728.5000    0.1106    0.1683
 729.5000    0.1219    0.1851
 730.5000    0.1094    0.1641
 731.5000    0.1051    0.1483
 732.5000    0.1163    0.1167
 733.5000    0.1231    0.1597
 734.5000    0.1123    0.1545
 735.5000    0.1041    0.1456
 736.5000    0.0801    0.1606
 737.5000    0.0688    0.1592
 738.5000    0.1078    0.1472
 739.5000    0.1265    0.1649
 740.5000    0.1164    0.1372
 741.5000    0.1518    0.1964
 742.5000    0.1600    0.1400
 743.5000    0.0861    0.1422
 744.5000    0.1102    0.1615
 745.5000    0.0759    0.1728
 746.5000    0.1573    0.2081
 747.5000    0.1281    0.2214
 748.5000    0.1561    0.2156
 749.5000    0.1811    0.2400
 750.5000    0.1203    0.2248
 751.5000    0.1012    0.2044
 752.5000    0.0929    0.2037
 753.5000    0.1023    0.2083
 754.5000    0.0839    0.2177
 755.5000    0.1348    0.2432
 756.5000    0.1080    0.2405
 757.5000    0.0870    0.2257
 758.5000    0.1073    0.2551
 759.5000    0.0660    0.2596
 760.5000    0.0538    0.2618
 761.5000    0.0592    0.2643
 762.5000    0.0711    0.2684
 763.5000    0.0632    0.2704
 764.5000    0.1273    0.2535
 765.5000    0.0556    0.2581
 766.5000    0.0869    0.2350
 767.5000    0.1133    0.2409
 768.5000    0.0979    0.2327
 769.5000    0.0641    0.2398
 770.5000    0.0812    0.2348
 771.5000    0.0682    0.2262
 772.5000    0.0865    0.2211
 773.5000    0.0654    0.2222
 774.5000    0.0763    0.2128
 775.5000    0.0583    0.2226
 776.5000    0.0864    0.2383
 777.5000    0.0837    0.2291
 778.5000    0.0644    0.2217
 779.5000    0.0740    0.2363
 780.5000    0.0429    0.2331
 781.5000    0.0538    0.2335
 782.5000    0.0699    0.2490
 783.5000    0.0694    0.2533
 784.5000    0.0884    0.2358
 785.5000    0.0457    0.2365
 786.5000    0.0586    0.2399
 787.5000    0.0653    0.2416
 788.5000    0.0620    0.2340
 789.5000    0.0584    0.2273
 790.5000    0.0676    0.2309
 791.5000    0.1049    0.2403
 792.5000    0.1053    0.2503
 793.5000    0.0728    0.2400
 794.5000    0.0647    0.2407
 795.5000    0.0540    0.2397
 796.5000    0.0473    0.2495
 797.5000    0.0731    0.2345
 798.5000    0.0650    0.2403
 799.5000    0.0983    0.2309
 800.5000    0.0558    0.2305
 801.5000    0.0606    0.2165
 802.5000    0.1130    0.2457
 803.5000    0.0775    0.2543
 804.5000    0.0629    0.2462
 805.5000    0.0740    0.2219
 806.5000    0.0903    0.2559
 807.5000    0.0717    0.2449
 808.5000    0.0541    0.2330
 809.5000    0.0682    0.2481
 810.5000    0.0641    0.2516
 811.5000    0.0834    0.2416
 812.5000    0.0872    0.2235
 813.5000    0.0972    0.2417
 814.5000    0.0867    0.2399
 815.5000    0.0703    0.2282
 816.5000    0.0751    0.2354
 817.5000    0.0713    0.2280
 818.5000    0.0584    0.2361
 819.5000    0.0606    0.2361
 820.5000    0.0747    0.2255
 821.5000    0.0631    0.2177
 822.5000    0.0711    0.2184
 823.5000    0.0817    0.2257
 824.5000    0.1009    0.2325
 825.5000    0.0622    0.2381
 826.5000    0.1129    0.2156
 827.5000    0.0948    0.2352
 828.5000    0.0983    0.2337
 829.5000    0.0978    0.2540
 830.5000    0.1235    0.2469
 831.5000    0.1146    0.2227
 832.5000    0.0694    0.2234
 833.5000    0.0870    0.2353
 834.5000    0.0782    0.2446
 835.5000    0.0917    0.2256
 836.5000    0.0750    0.2382
 837.5000    0.0909    0.2196
 838.5000    0.0572    0.2197
 839.5000    0.0663    0.2333
 840.5000    0.0692    0.2283
 841.5000    0.0865    0.2118
 842.5000    0.0949    0.2353
 843.5000    0.0824    0.2261
 844.5000    0.0869    0.2438
 845.5000    0.0755    0.2508
 846.5000    0.0700    0.2543
 847.5000    0.1182    0.2313
 848.5000    0.0712    0.2240
 849.5000    0.0620    0.2265
 850.5000    0.0889    0.2357
 851.5000    0.0510    0.2428
 852.5000    0.0828    0.2275
 853.5000    0.0772    0.2380
 854.5000    0.0787    0.2230
 855.5000    0.0654    0.2345
 856.5000    0.0738    0.2321
 857.5000    0.0837    0.2357
 858.5000    0.1022    0.2489
 859.5000    0.1088    0.2279
 860.5000    0.0814    0.2415
 861.5000    0.0866    0.2288
 862.5000    0.1005    0.2572
 863.5000    0.1211    0.2259
 864.5000    0.0759    0.2383
 865.5000    0.1034    0.2632
 866.5000    0.0862    0.2417
 867.5000    0.0777    0.2528
 868.5000    0.0736    0.2426
 869.5000    0.0525    0.2534
 870.5000    0.0765    0.2358
 871.5000    0.0841    0.2323
 872.5000    0.0790    0.2476
 873.5000    0.0631    0.2614
 874.5000    0.1043    0.2344
 875.5000    0.0727    0.2360
 876.5000    0.0757    0.2423
 877.5000    0.0705    0.2550
 878.5000    0.0809    0.2605
 879.5000    0.0676    0.2575
 880.5000    0.0528    0.2606
 881.5000    0.0448    0.2671
 882.5000    0.0433    0.2584
 883.5000    0.0504    0.2618
 884.5000    0.0659    0.2613
 885.5000    0.0666    0.2625
 886.5000    0.0851    0.2579
 887.5000    0.0548    0.2563
 888.5000    0.0447    0.2629
 889.5000    0.0553    0.2542
 890.5000    0.0850    0.2511
 891.5000    0.0587    0.2517
 892.5000    0.0806    0.2605
 893.5000    0.0626    0.2561
 894.5000    0.0301    0.2606
 895.5000    0.0652    0.2678
 896.5000    0.0623    0.2572
 897.5000    0.0705    0.2575
 898.5000    0.0822    0.2543
 899.5000    0.0503    0.2521
 900.5000    0.0678    0.2621
 901.5000    0.0684    0.2659
 902.5000    0.0651    0.2587
 903.5000    0.0773    0.2583
 904.5000    0.0622    0.2609
 905.5000    0.0676    0.2719
 906.5000    0.0708    0.2591
 907.5000    0.0671    0.2647
 908.5000    0.0600    0.2676
 909.5000    0.0689    0.2604
 910.5000    0.0417    0.2622
 911.5000    0.0529    0.2643
 912.5000    0.0466    0.2704
 913.5000    0.0622    0.2545
 914.5000    0.0478    0.2581
 915.5000    0.0531    0.2549
 916.5000    0.0490    0.2612
 917.5000    0.0624    0.2677
 918.5000    0.0581    0.2703
 919.5000    0.0633    0.2644
 920.5000    0.0654    0.2591
 921.5000    0.0671    0.2656
 922.5000    0.0573    0.2581
 923.5000    0.0410    0.2589
 924.5000    0.0783    0.2668
 925.5000    0.0812    0.2622
 926.5000    0.0633    0.2536
 927.5000    0.0515    0.2542
 928.5000    0.0717    0.2594
 929.5000    0.0687    0.2624
 930.5000    0.0628    0.2654
 931.5000    0.0749    0.2543
 932.5000    0.0473    0.2544
 933.5000    0.0554    0.2534
 934.5000    0.0495    0.2617
 935.5000    0.0506    0.2669
 936.5000    0.0723    0.2629
 937.5000    0.0729    0.2605
 938.5000    0.0677    0.2643
 939.5000    0.0692    0.2717
 940.5000    0.0688    0.2592
 941.5000    0.0457    0.2604
 942.5000    0.0388    0.2552
 943.5000    0.0459    0.2555
 944.5000    0.0702    0.2533
 945.5000    0.0607    0.2586
 946.5000    0.0437    0.2607
 947.5000    0.0484    0.2543
 948.5000    0.0663    0.2458
 949.5000    0.0696    0.2512
 950.5000    0.0595    0.2487
 951.5000    0.1096    0.2254
 952.5000    0.0984    0.2218
 953.5000    0.1047    0.2643
 954.5000    0.1164    0.2155
 955.5000    0.1322    0.1873
 956.5000    0.1307    0.2125
 957.5000    0.0792    0.2319
 958.5000    0.1129    0.2448
 959.5000    0.1044    0.2158
 960.5000    0.0580    0.2196
 961.5000    0.0748    0.2042
 962.5000    0.0783    0.2009
 963.5000    0.1028    0.2208
 964.5000    0.1028    0.2283
 965.5000    0.1245    0.1958
 966.5000    0.1471    0.2083
 967.5000    0.1228    0.1977
 968.5000    0.0839    0.2145
 969.5000    0.0774    0.2091
 970.5000    0.0854    0.2298
 971.5000    0.0400    0.2328
 972.5000    0.0505    0.2256
 973.5000    0.0994    0.1971
 974.5000    0.1004    0.2263
 975.5000    0.0701    0.2206
 976.5000    0.0998    0.2376
 977.5000    0.0916    0.2380
 978.5000    0.1063    0.2317
 979.5000    0.0524    0.2369
 980.5000    0.0620    0.2413
 981.5000    0.0722    0.2343
 982.5000    0.0998    0.2495
 983.5000    0.0704    0.2475
 984.5000    0.0942    0.2622
 985.5000    0.0950    0.2369
 986.5000    0.0789    0.2241
 987.5000    0.0573    0.2321
 988.5000    0.0716    0.2348
 989.5000    0.0685    0.2321
 990.5000    0.0874    0.2154
 991.5000    0.0859    0.2259
 992.5000    0.1089    0.1825
 993.5000    0.1532    0.2288
 994.5000    0.0705    0.2268
 995.5000    0.1067    0.1923
 996.5000    0.1069    0.2347
 997.5000    0.0777    0.2398
 998.5000    0.0622    0.2403
 999.5000    0.0799    0.2280
