    1    0.055162
    2    0.116158
    3    0.084412
    4    0.147402
    5    0.169081
    6    0.169968
    7    0.546657
    8    0.538335
    9    0.321690
   10    0.223287
   11    0.403647
   12    0.504529
   13    0.162137
   14    0.350965
   15    0.250665
   16    0.518563
   17    0.454757
   18    0.431737
   19    0.245816
   20    0.495758
   21    0.172322
   22    0.468796
   23    0.432884
   24    0.011976
   25    0.145709
   26    0.712005
   27    0.086113
   28    0.616367
   29    0.520958
   30    0.219062
   31    0.034731
   32    0.409681
   33    0.379408
   34    0.506986
   35    0.139358
   36    0.453236
   37    0.686128
   38    0.355622
   39    0.421158
   40    0.544112
   41    0.277445
   42    0.531699
   43    0.421637
   44    0.256612
   45    0.142548
   46    0.289421
   47    0.454364
   48    0.458321
   49    0.302595
   50    0.167430
   51    0.214856
   52    0.161344
   53    0.289736
   54    0.340883
   55    0.581073
   56    0.557186
   57    0.630108
   58    0.571819
   59    0.402380
   60    0.412858
   61    0.436309
   62    0.426347
   63    0.446939
   64    0.399622
   65    0.314770
   66    0.275919
   67    0.258483
   68    0.135529
   69    0.281038
   70    0.152401
   71    0.138646
   72    0.250721
   73    0.148230
   74    0.109068
   75    0.079840
   76    0.100688
   77    0.137525
   78    0.176758
   79    0.249921
   80    0.355876
   81    0.368841
   82    0.411638
   83    0.241897
   84    0.444666
   85    0.261033
   86    0.266324
   87    0.499584
   88    0.335416
   89    0.256410
   90    0.294478
   91    0.124660
   92    0.109685
   93    0.836660
   94    0.322688
   95    0.390968
   96    0.115436
   97    0.576713
   98    0.307635
   99    0.116943
  100    0.551522
  101    0.338523
  102    0.185629
  103    0.389507
  104    0.156188
  105    0.522047
  106    0.157378
  107    0.454203
  108    0.608015
  109    0.355765
  110    0.578700
  111    0.259942
  112    0.482036
  113    0.437791
  114    0.557718
  115    0.625948
  116    0.317718
  117    0.389621
  118    0.522004
  119    0.434362
  120    0.472455
  121    0.490557
  122    0.461447
  123    0.502359
  124    0.666556
  125    0.597804
  126    0.706986
  127    0.449800
  128    0.549937
  129    0.417780
  130    0.478955
  131    0.356454
  132    0.463359
  133    0.480947
  134    0.616241
  135    0.366358
  136    0.511532
  137    0.600568
  138    0.639521
  139    0.567229
  140    0.711654
  141    0.589911
  142    0.229042
  143    0.506786
  144    0.504103
  145    0.463573
  146    0.445484
  147    0.663872
  148    0.557618
  149    0.516002
  150    0.670393
  151    0.533485
  152    0.744945
  153    0.678144
  154    0.493790
  155    0.518962
  156    0.551436
  157    0.355394
  158    0.440563
  159    0.431864
  160    0.143998
  161    0.073238
  162    0.344090
  163    0.356886
  164    0.537360
  165    0.450511
  166    0.732060
  167    0.531770
  168    0.612996
  169    0.568022
  170    0.633995
  171    0.656287
  172    0.617016
  173    0.691949
  174    0.591947
  175    0.757984
  176    0.408326
  177    0.332629
  178    0.479375
  179    0.231067
  180    0.424536
  181    0.361943
  182    0.477046
  183    0.241251
  184    0.188955
  185    0.345998
  186    0.227640
  187    0.229256
  188    0.201464
  189    0.452884
  190    0.385515
  191    0.181274
  192    0.423278
  193    0.367112
  194    0.308811
  195    0.273997
  196    0.553892
  197    0.535112
  198    0.310149
  199    0.481371
  200    0.478044
  201    0.321785
  202    0.539047
  203    0.482479
  204    0.453708
  205    0.403621
  206    0.424022
  207    0.313498
  208    0.525132
  209    0.648703
  210    0.502923
  211    0.614861
  212    0.520103
  213    0.539194
  214    0.544910
  215    0.586212
  216    0.596701
  217    0.421244
  218    0.506351
  219    0.641179
  220    0.492016
  221    0.445110
  222    0.249102
  223    0.243014
  224    0.293413
  225    0.262974
  226    0.290308
  227    0.590818
  228    0.673098
  229    0.386756
  230    0.330339
  231    0.359542
  232    0.488024
  233    0.297738
  234    0.163007
  235    0.023952
  236    0.190020
  237    0.421158
  238    0.359281
  239    0.580007
  240    0.423914
  241    0.720226
  242    0.392583
  243    0.453017
  244    0.558338
  245    0.559880
  246    0.393674
  247    0.685030
  248    0.640291
  249    0.359455
  250    0.559082
  251    0.646136
  252    0.612774
  253    0.322480
  254    0.436270
  255    0.433267
  256    0.499477
  257    0.424775
  258    0.447106
  259    0.254907
  260    0.303206
  261    0.402143
  262    0.351164
  263    0.198048
  264    0.306530
  265    0.492871
  266    0.698303
  267    0.522954
  268    0.640594
  269    0.593849
  270    0.587575
  271    0.804861
  272    0.747414
  273    0.628632
  274    0.642615
  275    0.739932
  276    0.641717
  277    0.817365
  278    0.412619
  279    0.213430
  280    0.113772
  281    0.496208
  282    0.437292
  283    0.617889
  284    0.451763
  285    0.612187
  286    0.372098
  287    0.615506
  288    0.542332
  289    0.762950
  290    0.640719
  291    0.567286
  292    0.604556
  293    0.583583
  294    0.552395
  295    0.623929
  296    0.660108
  297    0.538378
  298    0.580215
  299    0.424983
  300    0.425524
  301    0.402887
  302    0.591650
  303    0.629788
  304    0.588822
  305    0.415303
  306    0.476333
  307    0.237325
  308    0.138269
  309    0.291207
  310    0.483269
  311    0.503743
  312    0.765880
  313    0.567532
  314    0.778069
  315    0.502709
  316    0.293413
  317    0.449102
  318    0.723752
  319    0.391218
  320    0.224950
  321    0.515236
  322    0.519361
  323    0.451623
  324    0.482917
  325    0.414402
  326    0.806512
  327    0.649163
  328    0.596806
  329    0.793504
  330    0.446821
  331    0.392488
  332    0.369511
  333    0.007735
  334    0.033932
  335    0.124750
  336    0.670659
  337    0.452695
  338    0.636477
  339    0.594212
  340    0.485211
  341    0.572411
  342    0.572688
  343    0.553257
  344    0.349301
  345    0.521865
  346    0.493162
  347    0.326406
  348    0.477521
  349    0.166334
  350    0.567864
  351    0.550284
  352    0.543459
  353    0.619361
  354    0.479042
  355    0.570668
  356    0.424085
  357    0.559234
  358    0.431737
  359    0.295583
  360    0.373464
  361    0.243846
  362    0.107784
  363    0.102462
  364    0.286760
  365    0.220933
  366    0.145826
  367    0.151602
  368    0.280772
  369    0.408547
  370    0.536261
  371    0.410121
  372    0.504117
  373    0.513861
  374    0.470751
  375    0.348636
  376    0.448376
  377    0.480165
  378    0.653602
  379    0.433134
  380    0.552229
  381    0.597647
  382    0.307385
  383    0.183383
  384    0.375954
  385    0.336527
  386    0.453360
  387    0.430339
  388    0.738124
  389    0.435961
  390    0.531160
  391    0.372754
  392    0.513435
  393    0.524251
  394    0.555763
  395    0.265469
  396    0.624251
  397    0.692263
  398    0.392105
  399    0.454591
  400    0.432385
  401    0.404566
  402    0.346141
  403    0.258982
  404    0.154025
  405    0.387226
  406    0.410623
  407    0.284631
  408    0.268372
  409    0.559092
  410    0.513164
  411    0.500091
  412    0.386490
  413    0.567116
  414    0.710329
  415    0.719620
  416    0.548211
  417    0.624750
  418    0.505465
  419    0.672100
  420    0.717565
  421    0.509758
  422    0.597106
  423    0.475050
  424    0.297405
  425    0.482671
  426    0.212717
  427    0.462187
  428    0.666001
  429    0.461078
  430    0.332003
  431    0.495010
  432    0.734864
  433    0.654247
  434    0.304802
  435    0.595808
  436    0.613573
  437    0.449202
  438    0.334977
  439    0.565993
  440    0.614418
  441    0.363968
  442    0.262566
  443    0.089295
  444    0.332834
  445    0.431138
  446    0.298261
  447    0.320914
  448    0.585496
  449    0.577345
  450    0.423553
  451    0.337159
  452    0.474575
  453    0.482535
  454    0.538067
  455    0.582036
  456    0.414671
  457    0.747006
  458    0.517631
  459    0.406418
  460    0.534731
  461    0.590083
  462    0.435130
  463    0.410579
  464    0.453094
  465    0.446345
  466    0.410978
  467    0.454092
  468    0.455689
  469    0.241056
  470    0.118297
  471    0.658516
  472    0.488648
