--------------------------------------------------------------------------------
S H A P E   v2.1         Continuous Shape Measures calculation
(c) 2013  Electronic Structure Group, Universitat de Barcelona
                   Contact:  llunell@ub.edu                   
--------------------------------------------------------------------------------

coordination ZF1 

HP-6            1 D6h   Hexagon                                            
PPY-6           2 C5v   Pentagonal pyramid                                 
OC-6            3 Oh    Octahedron                                         
TPR-6           4 D3h   Trigonal prism                                     
JPPY-6          5 C5v   Johnson pentagonal pyramid J2                      

Structure [ML6 ]         HP-6        PPY-6         OC-6        TPR-6       JPPY-6
 0              ,      32.539,      26.913,       2.187,      14.917,      29.580
 500            ,      32.761,      27.041,       1.285,      15.504,      30.700
 1000           ,      31.254,      27.432,       1.326,      15.577,      29.446
 1500           ,      32.851,      27.596,       1.447,      16.306,      30.958
 2000           ,      32.863,      27.173,       1.512,      14.405,      30.561
 2500           ,      31.356,      25.950,       1.236,      13.970,      30.471
 3000           ,      33.189,      27.467,       1.257,      15.854,      30.776
 3500           ,      31.955,      27.378,       1.440,      15.578,      30.356
 4000           ,      28.947,      27.008,       1.095,      16.161,      29.772
 4500           ,      30.569,      24.161,       1.535,      13.677,      27.398
 5000           ,      32.507,      28.127,       1.246,      14.818,      30.226
 5500           ,      32.823,      26.404,       1.786,      13.704,      29.118
 6000           ,      32.551,      27.328,       1.502,      15.653,      30.429
 6500           ,      32.920,      28.365,       1.236,      16.542,      31.861
 7000           ,      30.920,      26.802,       1.583,      13.664,      30.821
 7500           ,      31.108,      24.739,       1.697,      14.475,      29.257
 8000           ,      32.925,      27.181,       0.939,      15.027,      31.163
 8500           ,      33.249,      28.143,       1.064,      15.897,      31.285
 9000           ,      31.210,      28.091,       1.760,      16.667,      29.833
 9500           ,      33.214,      28.182,       0.900,      15.689,      32.465
 10000          ,      33.264,      26.636,       1.629,      15.518,      29.275
 10500          ,      32.497,      27.656,       0.752,      14.795,      31.548
 11000          ,      32.111,      26.241,       1.875,      13.824,      28.724
 11500          ,      32.968,      28.420,       1.205,      16.054,      31.929
 12000          ,      32.455,      27.537,       0.779,      15.253,      31.138
 12500          ,      32.228,      27.433,       1.545,      15.242,      30.854
 13000          ,      30.793,      25.791,       1.279,      14.120,      30.205
 13500          ,      32.892,      28.332,       1.103,      16.628,      31.608
 14000          ,      33.195,      28.621,       1.367,      15.578,      31.122
 14500          ,      33.363,      27.691,       1.075,      15.842,      31.641
 15000          ,      33.383,      26.174,       1.698,      14.102,      29.719
 15500          ,      31.747,      28.380,       1.148,      16.290,      31.411
 16000          ,      33.144,      26.709,       1.439,      14.618,      29.452
 16500          ,      31.411,      26.970,       1.520,      16.161,      30.132
 17000          ,      33.051,      25.553,       1.941,      13.770,      30.598
 17500          ,      31.673,      27.289,       1.614,      15.438,      30.203
 18000          ,      33.344,      26.822,       1.525,      15.031,      30.501
 18500          ,      32.474,      28.072,       1.545,      16.182,      30.945
 19000          ,      34.091,      24.468,       2.224,      13.026,      27.159
 19500          ,      32.190,      26.524,       1.653,      14.685,      28.711
 20000          ,      32.197,      26.201,       1.748,      14.326,      28.933
 20500          ,      33.634,      25.821,       1.932,      13.650,      29.460
 21000          ,      31.826,      27.160,       1.832,      15.122,      29.792
 21500          ,      33.865,      24.090,       3.091,      12.533,      26.611
 22000          ,      32.825,      27.266,       1.707,      16.288,      29.515
 22500          ,      32.502,      28.859,       1.937,      16.035,      30.554
 23000          ,      31.873,      25.977,       1.826,      13.531,      29.805
 23500          ,      31.927,      26.135,       1.672,      13.602,      28.956
 24000          ,      31.228,      26.801,       1.838,      15.444,      29.927
 24500          ,      32.786,      24.470,       1.637,      12.441,      28.440
 25000          ,      32.381,      27.464,       1.687,      14.325,      29.879
 25500          ,      33.450,      27.939,       1.700,      15.912,      31.145
 26000          ,      32.257,      27.810,       1.305,      14.511,      30.056
 26500          ,      31.528,      27.040,       1.754,      14.946,      29.482
 27000          ,      31.583,      26.220,       1.553,      14.755,      27.955
 27500          ,      31.631,      26.578,       1.132,      14.720,      29.067
 28000          ,      31.278,      24.798,       2.900,      13.027,      27.506
 28500          ,      33.542,      25.678,       1.622,      14.199,      30.328
 29000          ,      32.601,      27.257,       1.516,      15.673,      30.163
 29500          ,      31.454,      27.172,       1.219,      15.453,      30.611
 30000          ,      32.786,      28.159,       1.415,      17.027,      31.490
 30500          ,      32.917,      26.729,       1.363,      15.352,      30.561
 31000          ,      31.454,      24.888,       1.627,      14.710,      29.254
 31500          ,      33.103,      28.817,       1.506,      16.681,      31.244
 32000          ,      33.196,      26.065,       1.606,      14.210,      29.086
 32500          ,      31.542,      27.626,       1.404,      14.610,      30.342
 33000          ,      31.862,      26.207,       1.716,      13.894,      29.685
 33500          ,      33.376,      28.396,       1.267,      15.526,      31.486
 34000          ,      32.216,      25.049,       1.768,      13.190,      29.578
 34500          ,      31.671,      26.831,       2.067,      14.445,      30.306
 35000          ,      31.996,      27.898,       2.062,      16.432,      31.358
 35500          ,      32.069,      28.121,       1.875,      16.448,      31.241
 36000          ,      33.138,      28.540,       1.344,      15.866,      31.416
 36500          ,      33.546,      26.232,       2.069,      16.682,      29.453
 37000          ,      32.886,      27.004,       1.617,      14.487,      30.483
 37500          ,      32.270,      24.938,       1.435,      13.552,      29.479
 38000          ,      32.529,      28.287,       1.290,      16.026,      30.875
 38500          ,      33.475,      27.466,       1.363,      15.197,      31.666
 39000          ,      32.887,      28.379,       2.160,      16.063,      30.228
 39500          ,      32.404,      27.910,       1.304,      15.581,      30.335
 40000          ,      31.732,      25.289,       1.839,      11.116,      27.716
 40500          ,      33.161,      28.314,       0.932,      16.147,      31.637
 41000          ,      32.060,      25.242,       1.337,      12.394,      29.389
 41500          ,      33.324,      27.225,       1.283,      14.685,      30.653
 42000          ,      33.326,      26.760,       1.871,      15.087,      28.964
 42500          ,      32.700,      24.860,       1.861,      11.879,      27.976
 43000          ,      32.785,      26.698,       1.542,      14.212,      30.418
 43500          ,      32.471,      28.093,       1.266,      15.569,      30.815
 44000          ,      33.259,      27.152,       1.792,      14.604,      30.166
 44500          ,      33.149,      25.706,       1.642,      14.554,      28.292
 45000          ,      31.177,      27.068,       1.522,      15.353,      30.311
 45500          ,      32.191,      27.488,       1.377,      14.686,      30.896
 46000          ,      32.380,      28.341,       1.724,      16.516,      30.885
 46500          ,      32.292,      27.015,       1.467,      14.531,      29.992
 47000          ,      32.139,      28.516,       1.264,      16.389,      31.423
 47500          ,      32.008,      28.151,       1.662,      15.718,      30.492
 48000          ,      33.621,      27.591,       1.385,      15.384,      31.844
 48500          ,      29.907,      26.192,       1.658,      15.069,      29.387
 49000          ,      31.949,      25.724,       1.510,      13.404,      29.419
 49500          ,      31.248,      27.289,       1.588,      15.697,      29.444
 50000          ,      29.488,      27.644,       1.821,      15.628,      29.277
 50500          ,      32.950,      26.499,       1.877,      14.949,      29.705
 51000          ,      32.786,      26.924,       1.331,      14.871,      31.366
 51500          ,      32.859,      28.347,       1.488,      15.533,      31.554
 52000          ,      32.053,      28.418,       1.425,      15.137,      30.881
 52500          ,      31.839,      27.435,       1.450,      15.402,      30.487
 53000          ,      32.613,      27.179,       1.509,      15.208,      30.702
 53500          ,      33.019,      25.169,       1.777,      12.499,      29.666
 54000          ,      31.679,      26.718,       1.532,      15.167,      29.302
 54500          ,      33.002,      28.048,       1.585,      15.381,      30.922
 55000          ,      32.633,      28.753,       0.842,      16.232,      32.153
 55500          ,      32.683,      28.446,       1.481,      16.646,      31.237
 56000          ,      31.352,      27.349,       1.541,      14.932,      29.577
 56500          ,      32.279,      26.099,       1.698,      14.698,      28.407
 57000          ,      32.220,      26.799,       1.083,      13.572,      29.869
 57500          ,      31.998,      26.211,       1.637,      13.860,      28.829
 58000          ,      29.743,      27.187,       1.320,      15.593,      30.171
 58500          ,      32.529,      26.933,       1.286,      14.832,      29.713
 59000          ,      32.334,      26.866,       1.623,      14.560,      28.829
 59500          ,      33.127,      26.390,       1.388,      14.920,      28.939
 60000          ,      32.314,      26.846,       1.865,      15.313,      29.398
 60500          ,      33.468,      27.474,       1.568,      15.400,      30.416
 61000          ,      31.801,      28.474,       1.759,      16.557,      30.938
 61500          ,      32.155,      28.769,       1.578,      16.730,      31.395
 62000          ,      33.278,      29.001,       1.759,      17.034,      31.959
 62500          ,      31.885,      26.479,       1.770,      14.723,      29.193
 63000          ,      33.597,      26.349,       1.091,      14.041,      29.986
 63500          ,      33.193,      27.612,       0.984,      15.807,      31.239
 64000          ,      32.915,      27.224,       1.292,      14.712,      30.326
 64500          ,      32.158,      23.447,       2.541,      10.372,      26.363
 65000          ,      32.830,      28.221,       1.477,      16.522,      31.252
 65500          ,      31.887,      27.537,       1.804,      14.391,      30.788
 66000          ,      32.028,      27.276,       1.322,      14.988,      30.108
 66500          ,      31.626,      26.288,       1.817,      14.385,      29.650
 67000          ,      32.239,      25.957,       1.695,      15.598,      29.429
 67500          ,      32.654,      23.741,       2.151,      12.338,      26.642
 68000          ,      31.544,      25.301,       1.106,      13.580,      29.630
 68500          ,      33.647,      26.155,       1.364,      15.931,      29.443
 69000          ,      31.452,      27.359,       1.577,      14.311,      29.871
 69500          ,      32.285,      27.342,       1.161,      15.421,      30.191
 70000          ,      32.846,      28.871,       1.325,      15.813,      31.966
 70500          ,      33.600,      27.239,       1.379,      14.887,      31.456
 71000          ,      32.967,      28.809,       1.551,      16.660,      31.297
 71500          ,      32.749,      26.900,       1.214,      14.729,      29.068
 72000          ,      31.897,      27.139,       1.344,      15.471,      29.198
 72500          ,      32.774,      27.046,       1.340,      14.772,      31.455
 73000          ,      32.943,      28.256,       1.468,      16.456,      31.125
 73500          ,      31.869,      25.838,       1.694,      14.233,      29.713
 74000          ,      32.171,      28.864,       1.075,      16.693,      31.739
 74500          ,      32.636,      28.683,       1.197,      16.143,      31.470
 75000          ,      33.231,      28.343,       0.789,      16.044,      31.392
 75500          ,      32.234,      27.071,       1.814,      15.347,      30.651
 76000          ,      33.024,      27.188,       1.377,      14.891,      30.704
 76500          ,      31.581,      26.619,       1.459,      15.517,      29.712
 77000          ,      30.987,      25.090,       1.462,      12.201,      28.891
 77500          ,      32.316,      25.116,       2.040,      12.034,      27.984
 78000          ,      32.588,      27.960,       2.428,      15.724,      30.335
 78500          ,      31.798,      22.411,       1.939,      12.671,      24.651
 79000          ,      31.848,      28.742,       1.136,      16.484,      31.556
 79500          ,      32.455,      27.144,       1.435,      14.964,      29.464
 80000          ,      32.204,      27.863,       1.321,      15.553,      30.813
 80500          ,      30.502,      27.463,       1.613,      15.471,      29.398
 81000          ,      32.325,      27.199,       1.476,      14.805,      29.781
 81500          ,      33.517,      27.855,       1.064,      15.491,      31.622
 82000          ,      31.258,      27.932,       1.139,      15.228,      30.119
 82500          ,      33.756,      25.912,       1.884,      14.339,      28.659
 83000          ,      32.665,      25.689,       1.083,      14.151,      30.355
 83500          ,      33.773,      26.119,       1.637,      15.136,      31.305
 84000          ,      32.264,      27.368,       1.392,      14.925,      30.133
 84500          ,      31.815,      28.177,       1.308,      16.475,      30.956
 85000          ,      31.817,      27.172,       1.280,      16.949,      30.326
 85500          ,      33.672,      27.095,       1.446,      15.293,      30.875
 86000          ,      33.532,      24.555,       2.077,      12.416,      29.258
 86500          ,      32.543,      28.608,       1.344,      16.159,      31.833
 87000          ,      32.708,      25.510,       1.755,      12.621,      28.178
 87500          ,      33.060,      27.010,       1.606,      14.503,      30.402
 88000          ,      32.450,      28.453,       1.409,      16.312,      31.211
 88500          ,      33.039,      28.679,       2.113,      17.013,      31.921
 89000          ,      33.613,      25.996,       1.180,      14.968,      29.416
 89500          ,      32.822,      27.937,       0.885,      15.632,      30.315
 90000          ,      32.923,      26.852,       1.318,      15.632,      29.882
 90500          ,      29.923,      26.275,       1.527,      15.637,      29.301
 91000          ,      31.308,      27.169,       1.021,      14.184,      29.951
 91500          ,      32.247,      26.637,       1.593,      15.594,      29.653
 92000          ,      29.407,      25.929,       1.764,      15.311,      29.085
 92500          ,      29.760,      22.961,       1.431,      14.346,      25.967
 93000          ,      31.045,      27.890,       1.342,      16.010,      29.922
 93500          ,      31.467,      26.295,       1.630,      16.418,      29.091
 94000          ,      30.451,      23.642,       2.247,      12.043,      25.753
 94500          ,      32.833,      27.448,       1.843,      15.824,      29.344
 95000          ,      32.881,      27.572,       1.521,      15.105,      30.555
 95500          ,      32.028,      25.984,       1.529,      15.689,      29.249
 96000          ,      32.798,      28.036,       1.400,      15.589,      32.014
 96500          ,      30.663,      26.123,       2.067,      13.126,      28.741
 97000          ,      32.179,      27.796,       1.391,      15.326,      29.756
 97500          ,      31.450,      27.485,       1.308,      14.510,      29.731
 98000          ,      33.747,      26.498,       1.860,      14.818,      28.859
 98500          ,      30.156,      26.107,       1.906,      14.963,      28.859
 99000          ,      32.073,      28.089,       1.697,      15.027,      30.075
 99500          ,      33.151,      27.826,       1.938,      15.342,      31.033
 100000         ,      32.791,      28.245,       1.103,      16.443,      31.085
 100500         ,      31.164,      26.892,       1.516,      14.510,      29.191
 101000         ,      32.394,      26.919,       1.021,      14.783,      31.480
 101500         ,      32.247,      28.405,       1.538,      15.917,      31.737
 102000         ,      31.444,      25.291,       1.615,      12.511,      28.998
 102500         ,      32.686,      27.984,       0.978,      16.499,      31.229
 103000         ,      31.860,      24.368,       1.353,      12.357,      28.913
 103500         ,      33.828,      26.009,       1.935,      12.289,      28.958
 104000         ,      30.741,      27.287,       0.850,      15.067,      30.581
 104500         ,      32.875,      27.238,       1.527,      16.251,      31.026
 105000         ,      32.554,      25.981,       1.328,      13.895,      28.720
 105500         ,      32.440,      28.331,       1.290,      16.967,      30.404
 106000         ,      32.670,      26.175,       2.099,      14.626,      29.051
 106500         ,      33.018,      26.502,       1.650,      14.766,      29.518
 107000         ,      32.051,      28.034,       1.167,      16.511,      30.673
 107500         ,      32.116,      28.848,       0.657,      16.097,      31.825
 108000         ,      32.273,      25.233,       2.097,      12.150,      27.334
 108500         ,      30.770,      26.103,       1.695,      15.003,      28.655
 109000         ,      32.579,      27.637,       1.648,      15.237,      30.706
 109500         ,      31.689,      26.503,       1.235,      16.153,      29.919
 110000         ,      31.177,      24.934,       1.438,      12.066,      29.132
 110500         ,      32.106,      27.245,       1.218,      14.991,      30.727
 111000         ,      30.275,      25.199,       1.269,      14.449,      27.329
 111500         ,      32.899,      26.589,       1.211,      13.624,      30.734
 112000         ,      33.530,      29.141,       1.103,      16.476,      32.261
 112500         ,      33.538,      26.162,       1.712,      13.300,      29.303
 113000         ,      31.528,      26.896,       2.070,      14.857,      29.699
 113500         ,      31.805,      25.812,       2.989,      12.721,      28.687
 114000         ,      31.669,      26.390,       2.191,      13.029,      28.120
 114500         ,      32.724,      28.672,       1.504,      16.522,      30.946
 115000         ,      30.965,      23.246,       2.507,      11.730,      27.852
 115500         ,      33.485,      27.192,       1.962,      15.128,      29.450
 116000         ,      32.684,      26.513,       2.123,      13.135,      28.704
 116500         ,      32.150,      25.220,       1.744,      13.815,      27.383
 117000         ,      31.812,      25.717,       1.734,      14.946,      28.711
 117500         ,      31.245,      23.905,       2.075,      12.608,      28.228
 118000         ,      33.057,      25.250,       1.872,      13.253,      28.713
 118500         ,      33.771,      25.516,       1.839,      13.191,      29.610
 119000         ,      33.308,      27.410,       1.546,      15.482,      30.551
 119500         ,      32.232,      24.710,       2.092,      12.795,      29.680
 120000         ,      31.920,      28.655,       1.042,      16.917,      31.444
 120500         ,      33.333,      28.325,       1.489,      16.903,      30.831
 121000         ,      33.522,      25.610,       1.511,      14.231,      28.476
 121500         ,      32.136,      26.610,       2.197,      15.175,      29.291
 122000         ,      33.407,      27.475,       1.058,      15.821,      30.549
 122500         ,      32.181,      27.207,       1.411,      15.386,      29.581
 123000         ,      32.964,      25.150,       1.666,      13.797,      28.298
 123500         ,      31.715,      27.880,       2.248,      16.606,      29.371
 124000         ,      31.355,      26.361,       1.596,      14.072,      28.786
 124500         ,      31.113,      26.924,       1.541,      15.493,      29.505
 125000         ,      32.151,      25.171,       1.828,      14.363,      30.455
 125500         ,      32.887,      26.497,       1.319,      14.915,      30.895
 126000         ,      30.855,      27.797,       0.952,      15.253,      30.004
 126500         ,      31.202,      25.824,       1.982,      12.847,      27.972
 127000         ,      31.681,      26.715,       1.756,      14.353,      29.376
 127500         ,      32.305,      27.065,       1.984,      15.577,      30.594
 128000         ,      33.122,      27.699,       1.038,      14.378,      31.170
 128500         ,      32.053,      26.227,       1.976,      15.088,      29.050
 129000         ,      30.869,      26.850,       1.705,      15.675,      29.369
 129500         ,      32.197,      27.397,       1.364,      14.461,      30.289
 130000         ,      32.982,      21.750,       2.425,      10.692,      26.307
 130500         ,      31.471,      25.743,       1.196,      14.151,      29.084
 131000         ,      31.813,      26.430,       1.724,      13.976,      28.774
 131500         ,      32.834,      25.903,       1.511,      14.453,      29.330
 132000         ,      31.200,      27.548,       1.186,      15.285,      30.883
 132500         ,      31.878,      26.692,       1.919,      15.451,      28.475
 133000         ,      33.463,      26.925,       1.919,      15.057,      29.506
 133500         ,      32.107,      25.916,       1.114,      14.676,      29.931
 134000         ,      33.493,      26.676,       1.809,      14.978,      29.763
 134500         ,      32.729,      23.607,       1.768,      12.546,      28.073
 135000         ,      30.674,      26.522,       1.566,      14.417,      28.423
 135500         ,      32.836,      25.198,       2.153,      13.514,      28.286
 136000         ,      31.256,      27.577,       1.879,      15.539,      30.789
 136500         ,      33.389,      28.453,       0.985,      16.415,      31.512
 137000         ,      31.204,      26.649,       1.661,      16.143,      29.398
 137500         ,      31.048,      27.012,       1.528,      15.142,      29.948
 138000         ,      32.854,      28.191,       1.306,      15.636,      31.215
 138500         ,      32.329,      24.577,       1.853,      13.911,      29.315
 139000         ,      32.472,      26.476,       1.471,      13.475,      29.015
 139500         ,      33.224,      27.992,       1.416,      14.560,      30.519
 140000         ,      30.043,      25.833,       1.765,      13.811,      27.879
 140500         ,      32.099,      26.074,       1.833,      15.737,      28.323
 141000         ,      30.119,      27.542,       1.115,      16.336,      29.943
 141500         ,      32.076,      27.272,       1.194,      13.750,      29.976
 142000         ,      33.688,      27.383,       1.747,      14.606,      30.339
 142500         ,      33.185,      28.259,       0.892,      16.150,      31.900
 143000         ,      32.116,      24.443,       1.827,      12.374,      28.817
 143500         ,      31.927,      27.082,       1.310,      15.462,      30.525
 144000         ,      32.983,      26.628,       1.328,      15.576,      31.090
 144500         ,      32.985,      26.591,       1.309,      14.748,      29.943
 145000         ,      31.536,      26.872,       1.166,      15.115,      29.190
 145500         ,      31.264,      27.387,       1.445,      16.058,      30.739
 146000         ,      32.071,      27.825,       0.954,      15.932,      30.502
 146500         ,      32.358,      27.044,       1.370,      13.789,      30.019
 147000         ,      32.404,      27.878,       1.421,      16.018,      30.284
 147500         ,      31.842,      25.470,       1.692,      15.267,      29.402
 148000         ,      31.888,      24.016,       1.848,      13.033,      26.135
 148500         ,      32.351,      28.904,       1.540,      16.347,      31.377
 149000         ,      32.899,      26.552,       1.273,      14.777,      29.658
 149500         ,      31.749,      27.727,       1.157,      15.607,      30.113
 150000         ,      32.675,      24.224,       2.279,      13.206,      26.963
 150500         ,      32.959,      27.208,       1.233,      14.531,      29.942
 151000         ,      32.313,      26.178,       2.330,      15.202,      29.317
 151500         ,      30.283,      21.609,       2.921,      12.082,      23.604
 152000         ,      33.125,      26.444,       1.997,      14.933,      30.805
 152500         ,      30.622,      25.866,       1.465,      13.733,      30.181
 153000         ,      31.140,      26.712,       1.496,      15.216,      29.282
 153500         ,      33.710,      28.557,       1.764,      16.645,      31.619
 154000         ,      32.774,      28.293,       1.532,      16.052,      30.805
 154500         ,      30.862,      27.683,       1.049,      16.242,      30.887
 155000         ,      30.762,      25.920,       1.990,      14.921,      30.263
 155500         ,      31.421,      26.338,       1.842,      15.694,      29.747
 156000         ,      31.410,      27.178,       1.730,      16.146,      29.310
 156500         ,      32.147,      26.695,       1.862,      15.188,      29.855
 157000         ,      32.935,      27.019,       1.326,      14.984,      29.792
 157500         ,      31.726,      24.985,       1.279,      14.964,      27.324
 158000         ,      30.283,      25.985,       2.361,      14.745,      27.773
 158500         ,      32.125,      26.593,       2.032,      13.612,      29.299
 159000         ,      31.780,      26.687,       2.159,      15.082,      28.353
 159500         ,      32.071,      27.691,       0.985,      14.976,      31.232
 160000         ,      33.123,      28.536,       1.336,      16.394,      31.435
 160500         ,      31.859,      26.254,       1.674,      13.381,      30.020
 161000         ,      32.619,      28.207,       0.831,      15.372,      31.729
 161500         ,      32.624,      24.933,       1.489,      14.329,      29.289
 162000         ,      32.374,      26.397,       1.308,      13.114,      29.492
 162500         ,      30.381,      27.051,       2.264,      14.578,      28.897
 163000         ,      32.155,      27.474,       1.091,      14.871,      31.056
 163500         ,      32.992,      23.737,       2.363,      13.070,      26.879
 164000         ,      32.908,      28.029,       1.820,      14.727,      30.626
 164500         ,      29.791,      26.014,       1.804,      13.483,      28.460
 165000         ,      31.623,      25.690,       1.403,      14.370,      28.557
 165500         ,      32.699,      28.130,       1.604,      16.021,      31.203
 166000         ,      32.167,      27.589,       1.577,      16.280,      30.864
 166500         ,      31.383,      26.503,       1.295,      15.570,      29.483
 167000         ,      32.508,      27.763,       1.688,      16.926,      31.089
 167500         ,      30.007,      27.848,       1.131,      16.514,      31.039
 168000         ,      32.268,      28.727,       0.980,      16.445,      31.343
 168500         ,      31.467,      25.850,       1.463,      15.106,      29.485
 169000         ,      32.243,      26.402,       1.387,      13.417,      29.335
 169500         ,      33.122,      27.427,       1.789,      16.634,      30.630
 170000         ,      31.434,      27.860,       1.213,      15.966,      30.492
 170500         ,      33.203,      28.480,       1.393,      16.509,      31.683
 171000         ,      31.671,      26.638,       1.202,      14.163,      29.088
 171500         ,      32.572,      27.694,       1.124,      15.614,      30.632
 172000         ,      31.681,      26.944,       1.119,      15.739,      30.041
 172500         ,      31.960,      26.753,       1.045,      15.057,      29.535
 173000         ,      33.046,      27.741,       1.326,      15.687,      30.510
 173500         ,      30.799,      24.433,       1.604,      12.536,      28.998
 174000         ,      32.324,      28.662,       1.611,      16.819,      31.764
 174500         ,      32.274,      25.280,       1.398,      15.009,      28.508
 175000         ,      31.602,      26.464,       1.814,      13.976,      29.029
 175500         ,      32.686,      28.531,       0.768,      16.264,      31.589
 176000         ,      33.075,      26.945,       1.549,      14.119,      29.826
 176500         ,      33.713,      26.291,       1.678,      15.246,      29.791
 177000         ,      32.279,      27.784,       1.614,      16.290,      30.998
 177500         ,      32.851,      24.745,       1.418,      13.714,      27.944
 178000         ,      32.081,      27.457,       1.538,      14.870,      29.638
 178500         ,      32.954,      28.313,       1.274,      15.835,      31.431
 179000         ,      32.537,      25.980,       1.314,      15.030,      30.412
 179500         ,      29.387,      26.431,       1.068,      14.030,      29.110
 180000         ,      32.286,      25.771,       1.349,      13.363,      29.325
 180500         ,      30.138,      25.937,       1.352,      13.998,      29.943
 181000         ,      32.335,      26.446,       1.119,      14.094,      29.308
 181500         ,      33.386,      28.535,       1.279,      16.233,      31.311
 182000         ,      33.028,      27.391,       1.216,      14.753,      29.834
 182500         ,      30.014,      27.110,       1.321,      15.832,      29.002
 183000         ,      29.931,      25.156,       1.437,      14.801,      29.426
 183500         ,      33.864,      26.483,       1.761,      13.960,      31.125
 184000         ,      32.280,      27.410,       0.903,      14.336,      30.666
 184500         ,      32.676,      27.201,       0.985,      14.456,      30.667
 185000         ,      32.718,      27.644,       1.405,      15.825,      30.714
 185500         ,      32.432,      27.771,       1.274,      14.908,      31.089
 186000         ,      33.481,      27.375,       0.996,      14.854,      31.579
 186500         ,      32.840,      26.425,       1.720,      15.065,      30.677
 187000         ,      32.965,      27.640,       1.637,      15.370,      31.659
 187500         ,      32.217,      24.872,       1.282,      12.882,      28.125
 188000         ,      31.653,      27.815,       1.243,      15.549,      30.177
 188500         ,      32.035,      28.002,       1.055,      15.253,      30.329
 189000         ,      32.125,      28.516,       1.252,      16.259,      30.721
 189500         ,      32.364,      25.577,       1.070,      14.986,      28.521
 190000         ,      33.625,      26.396,       1.437,      14.040,      29.321
 190500         ,      31.529,      27.707,       1.144,      15.563,      30.767
 191000         ,      32.060,      27.311,       1.494,      14.871,      29.892
 191500         ,      33.139,      26.031,       1.545,      15.375,      28.695
 192000         ,      32.399,      27.924,       1.212,      15.416,      30.233
 192500         ,      33.483,      27.486,       1.541,      14.455,      31.062
 193000         ,      33.653,      28.524,       1.291,      15.861,      32.311
 193500         ,      31.276,      26.727,       1.620,      16.372,      30.906
 194000         ,      32.922,      26.675,       0.975,      14.100,      29.859
 194500         ,      33.250,      24.376,       2.571,      11.058,      26.970
 195000         ,      33.137,      27.245,       1.207,      15.739,      30.618
 195500         ,      31.875,      26.169,       1.245,      14.996,      30.408
 196000         ,      32.835,      25.981,       1.687,      14.320,      30.327
 196500         ,      32.587,      26.684,       1.679,      15.244,      29.733
 197000         ,      32.157,      27.261,       1.884,      15.236,      29.135
 197500         ,      31.842,      27.549,       1.441,      15.898,      31.100
 198000         ,      32.594,      27.449,       1.514,      15.917,      30.282
 198500         ,      32.171,      25.933,       2.113,      12.962,      29.678
 199000         ,      32.074,      28.491,       1.080,      16.568,      31.319
 199500         ,      32.352,      26.105,       1.337,      15.043,      28.835
 200000         ,      32.938,      25.237,       1.769,      12.918,      27.749
 200500         ,      32.730,      25.522,       1.481,      13.066,      28.124
 201000         ,      32.080,      26.252,       1.268,      13.504,      30.549
 201500         ,      33.359,      27.900,       1.646,      15.701,      30.684
 202000         ,      31.820,      27.276,       1.501,      15.748,      29.801
 202500         ,      31.826,      25.879,       1.264,      15.087,      30.270
 203000         ,      32.055,      28.410,       0.980,      16.264,      30.335
 203500         ,      32.802,      23.891,       1.768,      11.951,      28.389
 204000         ,      31.785,      24.971,       1.616,      16.021,      28.300
 204500         ,      32.590,      26.532,       2.359,      13.299,      28.838
 205000         ,      30.823,      27.709,       1.201,      15.987,      30.608
 205500         ,      31.678,      25.402,       1.814,      12.697,      27.618
 206000         ,      33.101,      25.516,       2.356,      13.768,      28.688
 206500         ,      33.048,      28.538,       1.216,      16.777,      30.917
 207000         ,      31.443,      25.759,       2.106,      13.432,      28.540
 207500         ,      32.866,      27.676,       0.869,      15.942,      30.496
 208000         ,      32.213,      27.174,       1.817,      15.469,      30.172
 208500         ,      31.251,      27.505,       1.350,      15.121,      29.849
 209000         ,      31.013,      28.295,       1.331,      15.481,      30.620
 209500         ,      31.369,      26.587,       1.342,      14.951,      29.466
 210000         ,      32.604,      27.562,       1.581,      14.363,      30.387
 210500         ,      32.129,      26.877,       2.059,      16.203,      29.941
 211000         ,      32.130,      25.960,       1.614,      14.266,      28.771
 211500         ,      31.057,      24.488,       1.456,      14.273,      27.161
 212000         ,      30.245,      21.513,       2.389,      11.402,      24.428
 212500         ,      33.067,      28.514,       1.698,      17.382,      31.862
 213000         ,      33.149,      28.463,       1.235,      15.480,      30.820
 213500         ,      33.148,      26.917,       1.849,      15.145,      30.510
 214000         ,      33.740,      26.802,       1.362,      13.740,      30.059
 214500         ,      33.580,      28.355,       1.220,      15.411,      31.399
 215000         ,      33.335,      26.374,       1.488,      14.435,      30.255
 215500         ,      32.559,      26.677,       1.324,      14.393,      30.613
 216000         ,      30.275,      27.985,       1.764,      16.214,      29.720
 216500         ,      31.888,      26.984,       1.138,      14.768,      30.107
 217000         ,      32.331,      27.064,       2.100,      15.594,      29.218
 217500         ,      31.453,      28.186,       1.294,      15.998,      31.091
 218000         ,      32.783,      26.964,       1.733,      14.032,      30.860
 218500         ,      32.594,      28.071,       1.970,      15.988,      31.431
 219000         ,      32.699,      27.813,       1.601,      16.348,      31.912
 219500         ,      31.470,      27.851,       2.538,      16.343,      29.040
 220000         ,      32.146,      26.210,       1.430,      13.750,      30.483
 220500         ,      31.839,      24.890,       1.585,      13.677,      29.342
 221000         ,      32.643,      26.130,       1.777,      15.186,      30.190
 221500         ,      32.446,      25.592,       2.521,      12.735,      27.257
 222000         ,      32.780,      27.029,       2.276,      16.772,      31.372
 222500         ,      33.398,      26.424,       1.710,      13.372,      30.164
 223000         ,      29.931,      26.941,       1.119,      14.528,      29.103
 223500         ,      29.686,      27.165,       1.522,      15.236,      29.132
 224000         ,      32.520,      27.290,       1.202,      14.456,      30.519
 224500         ,      33.189,      27.904,       1.699,      17.344,      30.521
 225000         ,      32.309,      28.280,       1.263,      16.402,      31.379
 225500         ,      32.191,      26.823,       1.727,      15.093,      29.479
 226000         ,      32.834,      26.781,       1.287,      15.041,      30.908
 226500         ,      31.878,      28.016,       1.883,      15.137,      29.879
 227000         ,      30.043,      24.874,       1.690,      14.239,      27.384
 227500         ,      33.939,      27.807,       2.174,      15.965,      30.115
 228000         ,      29.560,      24.846,       2.234,      14.130,      27.331
 228500         ,      31.768,      27.749,       1.346,      15.927,      30.154
 229000         ,      31.123,      27.221,       1.274,      15.656,      29.599
 229500         ,      31.470,      27.095,       1.648,      15.418,      29.529
 230000         ,      32.212,      28.643,       0.897,      16.282,      31.145
 230500         ,      33.331,      27.562,       1.338,      15.027,      30.535
 231000         ,      32.834,      26.497,       1.558,      14.715,      28.902
 231500         ,      32.616,      27.848,       1.709,      15.086,      31.139
 232000         ,      33.438,      24.964,       1.722,      13.074,      29.003
 232500         ,      32.481,      28.026,       1.750,      15.903,      31.603
 233000         ,      31.536,      26.346,       1.463,      14.369,      28.466
 233500         ,      31.572,      28.077,       1.409,      15.712,      30.209
 234000         ,      33.031,      27.899,       1.611,      16.629,      29.775
 234500         ,      32.888,      28.568,       1.079,      16.428,      32.264
 235000         ,      30.369,      27.785,       1.697,      17.295,      29.520
 235500         ,      32.212,      26.692,       1.505,      14.700,      29.320
 236000         ,      32.145,      26.398,       1.208,      14.051,      29.046
 236500         ,      32.443,      28.159,       1.348,      15.436,      31.354
 237000         ,      32.548,      27.732,       1.009,      14.236,      30.626
 237500         ,      33.077,      28.783,       1.658,      16.172,      31.215
 238000         ,      32.051,      25.721,       1.316,      14.441,      29.061
 238500         ,      33.315,      27.048,       1.524,      15.092,      30.261
 239000         ,      32.682,      27.089,       1.943,      14.984,      29.633
 239500         ,      31.518,      28.421,       1.264,      16.679,      31.044
 240000         ,      33.354,      26.324,       0.958,      14.201,      29.356
 240500         ,      31.877,      27.305,       0.857,      15.694,      30.201
 241000         ,      33.115,      27.864,       0.988,      14.928,      31.158
 241500         ,      33.768,      26.213,       2.102,      14.072,      28.962
 242000         ,      33.062,      25.647,       1.562,      15.150,      28.802
 242500         ,      32.663,      27.930,       1.221,      15.944,      31.207
 243000         ,      32.903,      26.902,       2.005,      14.723,      30.153
 243500         ,      31.489,      27.449,       1.200,      14.717,      29.364
 244000         ,      32.416,      27.425,       1.223,      14.331,      29.738
 244500         ,      32.357,      25.139,       1.780,      14.360,      28.208
 245000         ,      31.220,      27.887,       1.871,      15.207,      29.837
 245500         ,      33.337,      27.890,       1.599,      15.459,      31.021
 246000         ,      33.136,      26.015,       2.027,      13.371,      30.458
 246500         ,      32.453,      26.819,       1.420,      15.184,      30.592
 247000         ,      31.388,      28.252,       1.464,      16.481,      31.387
 247500         ,      31.010,      28.197,       1.570,      16.854,      30.477
 248000         ,      32.315,      26.532,       0.986,      15.319,      29.056
 248500         ,      31.015,      26.182,       1.632,      14.874,      28.116
 249000         ,      29.754,      25.760,       1.115,      14.791,      28.274
 249500         ,      33.135,      26.788,       1.638,      14.881,      29.014
 250000         ,      31.637,      27.273,       1.487,      15.825,      30.298
 250500         ,      32.000,      25.734,       1.265,      13.472,      28.193
 251000         ,      33.052,      28.346,       1.179,      15.585,      32.359
 251500         ,      32.405,      26.710,       1.257,      16.236,      29.853
 252000         ,      32.942,      26.590,       1.459,      14.470,      30.175
 252500         ,      33.590,      25.170,       1.970,      13.341,      29.173
 253000         ,      31.762,      25.847,       1.199,      15.355,      28.989
 253500         ,      33.047,      27.449,       1.043,      16.409,      30.731
 254000         ,      32.812,      27.039,       1.596,      15.961,      30.097
 254500         ,      31.517,      26.427,       1.116,      14.585,      30.075
 255000         ,      33.525,      25.106,       1.751,      14.038,      27.684
 255500         ,      32.569,      26.819,       1.301,      15.940,      29.784
 256000         ,      32.539,      25.530,       1.803,      14.865,      28.070
 256500         ,      31.732,      26.632,       1.591,      15.559,      29.194
 257000         ,      32.123,      27.819,       1.875,      14.954,      29.769
 257500         ,      33.075,      27.870,       1.070,      16.071,      30.765
 258000         ,      32.282,      28.029,       1.968,      15.427,      30.949
 258500         ,      32.650,      26.818,       1.304,      14.679,      29.855
 259000         ,      32.165,      26.327,       1.781,      13.506,      29.719
 259500         ,      32.341,      28.119,       1.439,      15.826,      31.345
 260000         ,      33.089,      23.348,       1.938,      12.963,      25.478
 260500         ,      32.113,      28.353,       1.384,      15.192,      30.736
 261000         ,      32.609,      23.583,       1.485,      12.337,      27.824
 261500         ,      31.898,      27.290,       1.549,      15.404,      30.511
 262000         ,      32.683,      24.962,       2.127,      14.175,      29.377
 262500         ,      32.203,      26.033,       1.452,      14.797,      31.026
 263000         ,      32.846,      26.433,       2.044,      14.305,      30.223
 263500         ,      32.871,      25.954,       1.533,      14.882,      29.092
 264000         ,      33.190,      27.105,       1.418,      14.259,      30.435
 264500         ,      33.371,      27.441,       1.635,      16.174,      32.093
 265000         ,      32.247,      26.863,       1.079,      14.170,      29.821
 265500         ,      33.335,      26.411,       1.915,      14.831,      29.373
 266000         ,      31.490,      27.535,       1.242,      15.843,      30.297
 266500         ,      33.345,      26.960,       1.182,      15.618,      31.351
 267000         ,      32.134,      26.009,       2.152,      15.347,      28.903
 267500         ,      30.546,      25.688,       1.439,      14.337,      27.885
 268000         ,      31.874,      26.678,       1.145,      15.344,      30.357
 268500         ,      32.378,      26.623,       1.280,      15.642,      29.042
 269000         ,      33.181,      27.916,       1.430,      15.750,      31.022
 269500         ,      30.932,      27.027,       1.643,      16.543,      28.831
 270000         ,      32.736,      26.753,       2.203,      14.764,      28.649
 270500         ,      32.717,      25.679,       1.145,      14.206,      30.287
 271000         ,      33.416,      26.686,       1.217,      15.383,      31.025
 271500         ,      33.431,      27.276,       1.203,      14.285,      31.275
 272000         ,      33.226,      26.282,       1.779,      14.518,      29.577
 272500         ,      32.212,      24.671,       1.726,      12.191,      28.994
 273000         ,      32.702,      28.148,       1.290,      16.644,      31.364
 273500         ,      32.499,      26.587,       1.621,      14.115,      28.898
 274000         ,      33.375,      25.300,       1.508,      13.464,      29.593
 274500         ,      31.275,      27.451,       2.061,      14.990,      29.313
 275000         ,      32.439,      26.368,       1.776,      12.863,      29.046
 275500         ,      31.124,      28.171,       1.750,      16.409,      30.902
 276000         ,      30.810,      27.229,       1.737,      13.391,      29.005
 276500         ,      31.903,      27.965,       1.123,      15.958,      31.105
 277000         ,      31.450,      26.346,       1.494,      14.116,      29.623
 277500         ,      33.018,      26.916,       1.446,      14.534,      29.756
 278000         ,      33.322,      27.057,       1.838,      15.191,      30.122
 278500         ,      32.713,      25.248,       2.240,      11.708,      27.917
 279000         ,      31.126,      26.365,       1.412,      13.941,      29.564
 279500         ,      32.058,      26.664,       1.481,      15.113,      28.887
 280000         ,      31.703,      26.563,       1.578,      14.269,      30.309
 280500         ,      30.350,      25.316,       1.644,      13.820,      27.229
 281000         ,      30.997,      27.953,       1.007,      15.288,      30.680
 281500         ,      33.016,      27.430,       1.588,      14.957,      30.551
 282000         ,      33.539,      25.058,       2.243,      12.512,      28.993
 282500         ,      33.246,      25.014,       2.266,      13.068,      29.637
 283000         ,      32.245,      26.239,       1.450,      13.547,      29.523
 283500         ,      33.063,      23.538,       2.778,      12.516,      27.330
 284000         ,      32.273,      27.253,       1.517,      15.547,      29.822
 284500         ,      32.330,      27.332,       1.747,      15.105,      30.252
 285000         ,      31.620,      26.249,       2.061,      12.644,      28.433
 285500         ,      32.482,      25.697,       2.123,      12.994,      28.072
 286000         ,      31.976,      26.909,       2.341,      15.334,      30.971
 286500         ,      30.857,      25.274,       1.383,      13.850,      29.315
 287000         ,      31.600,      26.920,       1.058,      14.946,      30.435
 287500         ,      30.918,      25.141,       2.035,      12.809,      28.234
 288000         ,      33.715,      25.806,       2.157,      13.496,      29.565
 288500         ,      33.389,      25.914,       1.953,      13.391,      29.017
 289000         ,      32.662,      26.832,       1.248,      15.286,      29.830
 289500         ,      32.577,      27.090,       1.875,      14.497,      29.708
 290000         ,      32.586,      28.002,       1.251,      16.275,      31.110
 290500         ,      33.365,      27.815,       1.551,      16.272,      31.188
 291000         ,      33.353,      27.817,       1.276,      15.599,      30.930
 291500         ,      33.187,      28.288,       1.400,      15.092,      30.948
 292000         ,      32.528,      28.163,       0.848,      14.887,      31.231
 292500         ,      31.823,      25.986,       1.433,      15.031,      29.568
 293000         ,      31.132,      26.355,       1.572,      15.037,      30.501
 293500         ,      31.255,      27.776,       1.494,      15.861,      30.158
 294000         ,      31.085,      27.895,       1.894,      15.540,      30.455
 294500         ,      33.565,      26.111,       1.376,      12.930,      30.270
 295000         ,      32.980,      28.042,       2.016,      16.021,      31.244
 295500         ,      33.197,      26.757,       1.296,      16.433,      30.012
 296000         ,      32.806,      27.363,       1.905,      15.412,      30.612
 296500         ,      32.962,      25.368,       1.466,      14.018,      28.355
 297000         ,      32.272,      27.313,       1.582,      14.283,      30.206
 297500         ,      31.840,      28.565,       1.461,      15.304,      30.742
 298000         ,      32.979,      24.625,       1.831,      11.867,      27.958
 298500         ,      32.668,      24.821,       1.781,      11.164,      28.385
 299000         ,      32.168,      27.471,       1.692,      15.074,      29.417
 299500         ,      32.315,      27.582,       1.613,      14.840,      29.892
 300000         ,      31.868,      26.582,       1.634,      15.111,      28.507
 300500         ,      33.359,      27.870,       1.373,      14.883,      30.446
 301000         ,      30.638,      26.074,       1.331,      13.726,      28.530
 301500         ,      31.609,      27.467,       1.600,      16.655,      29.385
 302000         ,      31.141,      26.898,       1.337,      15.434,      31.106
 302500         ,      32.821,      25.833,       0.974,      13.929,      30.082
 303000         ,      31.159,      24.987,       1.927,      13.271,      28.859
 303500         ,      32.775,      25.803,       1.922,      12.009,      28.400
 304000         ,      31.889,      27.558,       1.139,      15.793,      30.569
 304500         ,      33.433,      24.707,       2.129,      12.056,      29.267
 305000         ,      32.458,      26.173,       1.013,      13.126,      30.343
 305500         ,      32.407,      26.943,       1.405,      14.684,      30.648
 306000         ,      32.140,      25.682,       1.720,      14.168,      30.053
 306500         ,      32.824,      28.642,       0.892,      15.934,      31.723
 307000         ,      32.504,      25.404,       2.666,      14.265,      28.012
 307500         ,      32.159,      27.217,       1.592,      15.727,      30.369
 308000         ,      33.098,      27.136,       1.847,      13.781,      29.630
 308500         ,      32.414,      27.473,       0.911,      15.836,      31.069
 309000         ,      32.670,      28.318,       1.327,      16.053,      30.211
 309500         ,      31.318,      26.030,       1.978,      14.200,      29.425
 310000         ,      33.243,      28.380,       1.298,      17.123,      32.106
 310500         ,      32.301,      25.460,       2.603,      13.277,      28.984
 311000         ,      32.855,      28.590,       1.271,      16.020,      31.703
 311500         ,      31.044,      24.853,       1.796,      13.619,      27.987
 312000         ,      32.404,      27.953,       2.092,      15.869,      30.458
 312500         ,      31.799,      28.158,       1.646,      15.033,      30.795
 313000         ,      32.062,      26.655,       1.494,      14.613,      29.489
 313500         ,      32.585,      28.432,       1.495,      16.577,      31.070
 314000         ,      31.133,      27.586,       2.023,      16.271,      29.763
 314500         ,      30.720,      25.497,       1.899,      14.101,      27.059
 315000         ,      33.110,      25.882,       1.503,      14.110,      29.328
 315500         ,      31.120,      28.239,       2.014,      17.199,      30.666
 316000         ,      32.921,      24.490,       1.253,      11.922,      29.064
 316500         ,      31.962,      25.738,       1.424,      13.466,      29.335
 317000         ,      32.549,      26.862,       1.295,      14.403,      29.679
 317500         ,      33.244,      26.634,       0.904,      14.408,      29.865
 318000         ,      30.641,      26.654,       1.660,      16.522,      29.065
 318500         ,      33.611,      25.287,       1.788,      12.717,      29.929
 319000         ,      32.486,      24.118,       1.867,      11.701,      26.648
 319500         ,      33.398,      26.420,       2.219,      13.237,      29.469
 320000         ,      32.506,      27.618,       1.161,      14.604,      30.731
 320500         ,      32.668,      24.573,       1.939,      12.703,      27.571
 321000         ,      33.221,      25.014,       1.887,      15.233,      28.359
 321500         ,      31.379,      25.465,       2.228,      14.101,      29.862
 322000         ,      32.987,      26.799,       1.826,      15.095,      29.590
 322500         ,      33.334,      26.730,       1.622,      14.948,      29.441
 323000         ,      33.875,      25.831,       1.821,      13.192,      30.092
 323500         ,      32.713,      28.089,       1.713,      15.244,      30.251
 324000         ,      32.373,      27.933,       1.152,      16.687,      31.184
 324500         ,      32.879,      28.497,       1.261,      15.296,      30.912
 325000         ,      32.803,      25.793,       1.066,      13.481,      28.307
 325500         ,      32.282,      26.609,       1.596,      14.274,      28.518
 326000         ,      33.285,      25.218,       2.168,      12.112,      29.251
 326500         ,      33.147,      25.658,       1.466,      13.691,      29.769
 327000         ,      32.662,      26.587,       1.483,      14.007,      29.936
 327500         ,      32.044,      27.889,       1.171,      15.346,      31.412
 328000         ,      32.990,      27.892,       0.998,      16.366,      31.006
 328500         ,      32.371,      27.923,       1.699,      16.309,      31.400
 329000         ,      31.753,      27.610,       1.104,      14.657,      31.024
 329500         ,      32.787,      26.856,       1.767,      15.091,      28.956
 330000         ,      32.632,      26.451,       1.943,      14.107,      29.139
 330500         ,      32.750,      24.533,       1.701,      13.149,      26.614
 331000         ,      32.674,      26.066,       1.508,      13.530,      30.431
 331500         ,      31.227,      27.605,       2.086,      15.012,      29.740
 332000         ,      32.621,      29.024,       1.802,      16.268,      32.094
 332500         ,      32.965,      27.382,       1.136,      14.956,      30.126
 333000         ,      32.135,      27.247,       1.360,      14.872,      29.753
 333500         ,      30.053,      26.072,       1.886,      13.639,      27.806
 334000         ,      33.286,      28.438,       1.659,      17.516,      31.311
 334500         ,      33.617,      25.309,       2.449,      13.212,      30.263
 335000         ,      31.895,      26.578,       1.443,      14.267,      30.297
 335500         ,      32.167,      25.574,       2.205,      13.995,      30.190
 336000         ,      33.028,      27.775,       1.440,      15.967,      31.063
 336500         ,      32.670,      26.986,       1.610,      16.627,      29.903
 337000         ,      32.556,      26.117,       1.269,      13.884,      29.419
 337500         ,      32.693,      27.712,       1.248,      16.747,      30.750
 338000         ,      33.321,      27.255,       1.258,      14.985,      30.403
 338500         ,      32.684,      27.974,       1.343,      15.611,      31.125
 339000         ,      33.903,      25.616,       2.220,      13.360,      28.801
 339500         ,      30.758,      22.424,       2.237,      11.047,      24.583
 340000         ,      32.481,      27.903,       1.435,      16.795,      31.040
 340500         ,      33.076,      27.765,       2.225,      15.574,      30.908
 341000         ,      31.350,      27.085,       1.231,      14.880,      29.429
 341500         ,      33.746,      27.933,       1.797,      15.125,      31.142
 342000         ,      32.274,      27.067,       1.748,      16.087,      29.315
 342500         ,      32.610,      27.725,       1.371,      16.792,      30.751
 343000         ,      32.378,      26.622,       1.512,      16.032,      29.341
 343500         ,      33.434,      27.280,       1.462,      14.972,      29.695
 344000         ,      33.024,      27.613,       1.328,      14.772,      31.060
 344500         ,      30.993,      26.925,       1.272,      13.903,      28.999
 345000         ,      32.399,      27.253,       1.863,      15.792,      29.953
 345500         ,      32.708,      27.494,       1.067,      16.453,      30.720
 346000         ,      32.902,      24.459,       1.808,      11.589,      27.967
 346500         ,      31.137,      24.779,       1.210,      14.323,      27.760
 347000         ,      30.929,      26.405,       1.413,      14.267,      30.145
 347500         ,      32.730,      27.607,       1.553,      15.726,      29.358
 348000         ,      33.549,      25.602,       1.767,      14.354,      28.157
 348500         ,      33.008,      27.617,       1.634,      15.688,      31.468
 349000         ,      32.870,      27.067,       1.207,      16.031,      31.438
 349500         ,      32.441,      24.593,       2.243,      12.106,      27.412
 350000         ,      31.548,      27.699,       1.246,      14.796,      29.857
 350500         ,      32.680,      28.153,       0.903,      15.613,      30.996
 351000         ,      33.086,      28.270,       0.923,      15.563,      31.738
 351500         ,      31.411,      26.915,       1.100,      14.759,      29.644
 352000         ,      29.908,      26.160,       1.470,      15.081,      28.503
 352500         ,      31.226,      26.886,       1.690,      13.532,      29.517
 353000         ,      32.236,      25.337,       1.663,      12.502,      29.035
 353500         ,      32.310,      25.310,       2.255,      11.679,      27.538
 354000         ,      33.330,      27.879,       1.680,      15.312,      30.598
 354500         ,      33.556,      25.122,       1.686,      13.420,      28.256
 355000         ,      32.585,      23.259,       2.760,      12.841,      26.011
 355500         ,      32.038,      24.297,       1.756,      15.030,      27.611
 356000         ,      32.897,      28.761,       1.544,      16.118,      31.472
 356500         ,      32.730,      27.000,       1.254,      14.513,      30.693
 357000         ,      31.814,      24.923,       1.938,      12.731,      29.379
 357500         ,      32.296,      26.393,       1.665,      14.424,      28.366
 358000         ,      33.618,      28.351,       1.171,      15.357,      31.292
 358500         ,      32.253,      26.436,       1.699,      16.369,      29.942
 359000         ,      33.679,      27.744,       1.782,      16.515,      30.941
 359500         ,      31.855,      28.062,       1.664,      17.087,      31.088
 360000         ,      32.690,      24.973,       1.926,      14.447,      27.639
 360500         ,      33.641,      25.884,       1.612,      14.742,      29.404
 361000         ,      33.613,      26.324,       1.525,      14.338,      28.916
 361500         ,      33.378,      27.731,       1.743,      15.990,      29.876
 362000         ,      32.067,      27.648,       1.194,      16.088,      31.089
 362500         ,      31.802,      26.216,       1.266,      15.740,      29.123
 363000         ,      32.741,      27.312,       1.490,      15.184,      30.674
 363500         ,      31.103,      26.889,       1.556,      16.130,      29.571
 364000         ,      32.528,      27.158,       1.650,      15.391,      28.889
 364500         ,      30.166,      26.875,       1.864,      14.463,      28.596
 365000         ,      32.896,      26.536,       1.579,      14.914,      29.118
 365500         ,      31.570,      24.925,       2.327,      12.545,      27.109
 366000         ,      30.686,      25.744,       2.315,      13.601,      29.077
 366500         ,      31.035,      27.839,       1.894,      16.328,      30.749
 367000         ,      29.823,      26.606,       1.943,      14.258,      28.487
 367500         ,      31.699,      27.730,       1.466,      16.121,      30.756
 368000         ,      31.904,      27.949,       1.547,      16.126,      31.143
 368500         ,      29.870,      26.061,       1.626,      14.955,      28.016
 369000         ,      33.028,      28.404,       1.266,      15.925,      31.754
 369500         ,      32.429,      27.026,       1.042,      14.498,      29.348
 370000         ,      33.194,      26.669,       1.279,      15.022,      29.794
 370500         ,      32.190,      27.910,       1.571,      16.947,      30.918
 371000         ,      32.514,      28.857,       1.428,      16.234,      31.120
 371500         ,      32.840,      26.462,       1.118,      14.297,      29.136
 372000         ,      33.479,      26.767,       1.285,      15.491,      30.779
 372500         ,      30.833,      27.709,       1.556,      16.828,      31.054
 373000         ,      31.965,      28.119,       1.540,      16.334,      30.548
 373500         ,      31.704,      26.840,       1.425,      14.020,      29.929
 374000         ,      33.618,      27.189,       1.199,      15.754,      30.446
 374500         ,      31.809,      27.174,       1.245,      14.681,      29.736
 375000         ,      33.534,      28.181,       1.915,      15.778,      30.669
 375500         ,      32.035,      26.018,       1.092,      13.668,      28.774
 376000         ,      30.451,      27.786,       1.099,      15.747,      30.544
 376500         ,      31.588,      25.966,       1.298,      15.388,      29.780
 377000         ,      32.932,      26.711,       1.027,      14.190,      30.939
 377500         ,      32.012,      27.165,       1.794,      14.162,      29.592
 378000         ,      32.544,      27.367,       1.523,      14.727,      30.506
 378500         ,      30.694,      24.851,       2.035,      13.955,      26.535
 379000         ,      32.804,      27.645,       1.052,      15.650,      32.130
 379500         ,      31.235,      27.383,       1.474,      15.063,      29.741
 380000         ,      29.980,      27.532,       1.341,      15.399,      30.287
 380500         ,      32.813,      29.148,       1.190,      16.671,      31.541
 381000         ,      32.788,      27.313,       1.202,      15.300,      30.669
 381500         ,      33.353,      27.729,       1.518,      15.813,      31.217
 382000         ,      33.041,      26.200,       1.377,      14.133,      30.943
 382500         ,      33.114,      28.801,       1.410,      16.701,      31.947
 383000         ,      32.549,      28.645,       1.040,      16.580,      32.032
 383500         ,      31.764,      26.242,       1.722,      15.238,      30.003
 384000         ,      32.745,      25.621,       1.990,      13.889,      28.330
 384500         ,      29.671,      26.567,       1.188,      15.578,      28.473
 385000         ,      33.613,      27.667,       1.334,      16.137,      31.456
 385500         ,      32.619,      28.299,       0.817,      15.260,      31.248
 386000         ,      30.718,      25.785,       1.574,      14.534,      28.885
 386500         ,      32.940,      25.469,       1.890,      13.898,      28.323
 387000         ,      32.096,      28.342,       1.575,      16.880,      31.384
 387500         ,      31.961,      26.752,       1.265,      15.152,      29.946
 388000         ,      31.577,      27.212,       0.975,      15.506,      29.914
 388500         ,      33.559,      27.263,       1.584,      14.664,      30.316
 389000         ,      31.756,      27.026,       1.034,      14.442,      30.621
 389500         ,      31.694,      26.473,       1.752,      14.995,      28.617
 390000         ,      31.275,      27.799,       0.957,      15.053,      30.557
 390500         ,      32.494,      28.251,       1.061,      16.146,      30.780
 391000         ,      32.473,      23.670,       2.605,      11.436,      26.737
 391500         ,      31.505,      27.381,       1.382,      15.854,      29.523
 392000         ,      29.769,      24.464,       1.729,      14.561,      28.566
 392500         ,      32.419,      26.806,       1.183,      14.120,      30.327
 393000         ,      31.576,      27.302,       1.475,      15.051,      30.123
 393500         ,      31.322,      24.417,       1.339,      12.498,      29.195
 394000         ,      32.995,      27.543,       1.365,      15.422,      31.066
 394500         ,      30.818,      25.186,       1.921,      12.176,      27.544
 395000         ,      31.365,      26.060,       2.059,      13.586,      28.394
 395500         ,      30.488,      27.762,       1.156,      15.653,      30.594
 396000         ,      31.999,      27.778,       0.982,      15.282,      30.986
 396500         ,      31.819,      27.031,       1.149,      14.564,      30.785
 397000         ,      32.281,      27.981,       0.853,      16.044,      30.940
 397500         ,      32.809,      26.373,       0.983,      13.648,      29.828
 398000         ,      32.845,      27.281,       1.192,      15.403,      29.777
 398500         ,      33.065,      27.156,       1.002,      14.085,      31.055
 399000         ,      32.408,      26.722,       2.377,      16.025,      30.566
 399500         ,      32.737,      27.418,       1.518,      16.637,      30.597
 400000         ,      30.884,      28.325,       1.374,      16.013,      30.108
 400500         ,      32.136,      24.597,       1.695,      13.942,      27.585
 401000         ,      32.369,      26.651,       1.248,      15.282,      31.098
 401500         ,      30.785,      26.688,       1.573,      15.593,      29.390
 402000         ,      33.090,      27.530,       1.714,      15.196,      30.420
 402500         ,      32.328,      27.052,       1.147,      15.664,      29.693
 403000         ,      33.374,      27.080,       1.279,      15.513,      30.092
 403500         ,      32.610,      27.741,       1.161,      14.967,      31.076
 404000         ,      31.543,      26.810,       1.283,      14.837,      28.860
 404500         ,      32.639,      27.389,       1.324,      15.622,      29.325
 405000         ,      31.438,      26.736,       1.532,      14.566,      29.675
 405500         ,      32.945,      27.472,       1.358,      15.484,      30.705
 406000         ,      32.926,      26.966,       1.832,      15.304,      30.086
 406500         ,      32.734,      26.854,       1.363,      15.733,      29.487
 407000         ,      31.541,      25.673,       1.650,      15.305,      28.468
 407500         ,      32.581,      28.334,       1.232,      16.067,      30.594
 408000         ,      33.644,      27.044,       1.810,      13.839,      29.915
 408500         ,      31.633,      26.969,       1.728,      15.056,      29.851
 409000         ,      31.459,      27.257,       1.026,      14.589,      29.990
 409500         ,      29.337,      26.254,       1.412,      15.310,      28.374
 410000         ,      32.208,      26.144,       1.299,      15.300,      30.906
 410500         ,      32.208,      28.082,       0.948,      15.518,      31.850
 411000         ,      33.103,      25.458,       1.574,      11.916,      28.402
 411500         ,      32.619,      27.065,       1.170,      14.822,      29.995
 412000         ,      33.251,      27.771,       1.268,      16.065,      31.408
 412500         ,      31.739,      24.919,       1.711,      13.239,      28.408
 413000         ,      31.656,      28.146,       1.143,      15.413,      30.940
 413500         ,      31.772,      26.715,       1.782,      15.190,      30.117
 414000         ,      33.227,      27.111,       1.019,      15.548,      31.420
 414500         ,      30.963,      26.012,       1.610,      14.800,      28.503
 415000         ,      32.112,      28.070,       1.390,      15.580,      30.673
 415500         ,      33.188,      26.118,       1.958,      13.641,      30.370
 416000         ,      31.834,      24.951,       1.591,      13.224,      27.215
 416500         ,      32.299,      26.371,       1.212,      13.720,      29.560
 417000         ,      31.569,      25.266,       1.722,      12.694,      27.746
 417500         ,      32.408,      25.399,       2.021,      14.335,      28.180
 418000         ,      30.828,      25.899,       1.562,      13.293,      29.178
 418500         ,      32.049,      25.766,       1.847,      13.592,      29.924
 419000         ,      32.859,      25.603,       1.732,      13.318,      28.598
 419500         ,      29.599,      22.582,       2.268,      12.150,      26.781
 420000         ,      31.861,      26.832,       1.670,      13.618,      30.879
 420500         ,      32.428,      27.812,       1.492,      15.484,      30.460
 421000         ,      32.279,      27.285,       0.986,      14.053,      30.657
 421500         ,      31.815,      27.392,       1.312,      16.109,      30.052
 422000         ,      33.389,      26.419,       2.128,      13.974,      31.056
 422500         ,      31.917,      25.326,       1.471,      15.610,      28.380
 423000         ,      32.229,      28.641,       0.941,      16.607,      31.524
 423500         ,      33.215,      27.026,       1.711,      14.942,      30.527
 424000         ,      33.432,      27.081,       1.734,      16.228,      30.492
 424500         ,      33.575,      27.817,       1.730,      17.425,      30.891
 425000         ,      32.906,      26.209,       1.693,      15.018,      29.334
 425500         ,      32.881,      28.372,       1.500,      15.782,      31.538
 426000         ,      33.122,      28.814,       1.741,      17.173,      31.669
 426500         ,      32.404,      27.759,       1.012,      15.088,      29.972
 427000         ,      30.844,      25.097,       1.810,      13.690,      27.272
 427500         ,      31.483,      27.200,       1.038,      16.599,      29.328
 428000         ,      31.793,      26.713,       1.583,      14.189,      29.361
 428500         ,      30.888,      24.515,       1.979,      12.493,      26.775
 429000         ,      32.130,      27.956,       1.526,      16.251,      31.133
 429500         ,      32.773,      25.343,       2.324,      13.205,      28.305
 430000         ,      31.016,      26.368,       2.209,      14.191,      28.836
 430500         ,      32.188,      27.639,       1.672,      16.641,      30.682
 431000         ,      32.509,      27.760,       1.399,      16.298,      30.530
 431500         ,      32.377,      25.690,       1.691,      12.744,      28.713
 432000         ,      33.029,      26.130,       1.399,      14.116,      29.819
 432500         ,      30.901,      22.435,       2.082,      12.402,      26.859
 433000         ,      31.782,      27.313,       0.969,      14.840,      29.716
 433500         ,      31.135,      25.298,       1.382,      13.007,      28.792
 434000         ,      30.821,      27.078,       1.447,      14.726,      29.539
 434500         ,      33.565,      27.447,       1.316,      14.421,      31.201
 435000         ,      30.983,      24.893,       1.761,      13.359,      29.266
 435500         ,      32.264,      28.069,       1.683,      15.209,      29.870
 436000         ,      32.019,      27.712,       1.257,      15.729,      31.039
 436500         ,      31.974,      27.128,       1.346,      16.193,      31.328
 437000         ,      31.266,      24.923,       1.953,      12.523,      28.270
 437500         ,      30.046,      26.912,       1.273,      14.692,      28.837
 438000         ,      32.082,      27.469,       1.462,      16.220,      31.537
 438500         ,      33.637,      25.860,       2.630,      14.660,      29.478
 439000         ,      32.740,      26.206,       1.396,      15.102,      28.381
 439500         ,      33.157,      27.503,       1.567,      15.840,      31.041
 440000         ,      31.471,      26.408,       1.733,      15.343,      29.768
 440500         ,      32.179,      27.903,       1.087,      16.170,      30.978
 441000         ,      32.568,      27.730,       1.117,      15.749,      31.930
 441500         ,      32.587,      26.721,       1.105,      13.459,      29.918
 442000         ,      31.955,      27.380,       2.964,      14.242,      28.738
 442500         ,      31.753,      25.949,       1.925,      14.235,      27.798
 443000         ,      31.207,      21.937,       2.189,       9.818,      26.093
 443500         ,      31.471,      28.162,       0.864,      15.836,      30.632
 444000         ,      30.512,      27.325,       1.654,      15.611,      28.991
 444500         ,      31.911,      28.812,       0.808,      15.738,      31.223
 445000         ,      31.877,      27.817,       1.362,      15.602,      30.751
 445500         ,      32.182,      26.298,       2.005,      15.382,      30.875
 446000         ,      32.385,      27.349,       1.330,      14.885,      29.968
 446500         ,      32.884,      27.100,       1.288,      16.478,      29.799
 447000         ,      33.525,      27.103,       1.801,      14.469,      30.122
 447500         ,      32.025,      26.760,       1.529,      13.976,      28.671
 448000         ,      31.639,      26.541,       1.622,      13.339,      28.828
 448500         ,      32.312,      25.152,       1.669,      14.388,      29.198
 449000         ,      32.992,      26.310,       1.793,      13.566,      29.550
 449500         ,      32.617,      28.668,       1.330,      16.689,      31.944
 450000         ,      33.308,      27.932,       1.068,      14.965,      31.290
 450500         ,      33.555,      26.594,       2.075,      14.265,      31.081
 451000         ,      31.423,      25.359,       1.420,      12.959,      28.414
 451500         ,      31.989,      26.737,       1.344,      14.848,      29.788
 452000         ,      31.467,      25.330,       1.194,      13.577,      28.211
 452500         ,      30.604,      25.821,       1.264,      15.923,      28.332
 453000         ,      33.542,      25.502,       1.572,      13.993,      29.613
 453500         ,      32.557,      26.157,       1.916,      14.497,      29.764
 454000         ,      30.883,      28.129,       1.717,      17.019,      30.575
 454500         ,      31.693,      28.150,       1.513,      16.636,      31.296
 455000         ,      32.400,      27.861,       1.262,      15.907,      31.104
 455500         ,      33.027,      26.882,       1.338,      15.349,      30.239
 456000         ,      33.265,      27.513,       1.333,      16.235,      31.219
 456500         ,      31.771,      28.033,       0.993,      15.769,      31.248
 457000         ,      32.655,      26.476,       1.775,      14.823,      30.774
 457500         ,      32.198,      26.496,       1.123,      14.458,      30.512
 458000         ,      31.756,      25.705,       1.767,      13.864,      30.002
 458500         ,      32.217,      25.888,       1.540,      13.719,      30.781
 459000         ,      30.632,      24.300,       2.081,      14.273,      28.500
 459500         ,      33.484,      27.867,       1.516,      14.979,      30.983
 460000         ,      31.100,      24.883,       1.693,      13.790,      29.297
 460500         ,      32.068,      26.407,       1.148,      13.628,      29.386
 461000         ,      31.793,      27.895,       1.270,      16.148,      31.122
 461500         ,      32.505,      27.591,       1.222,      15.352,      30.431
 462000         ,      32.602,      26.126,       2.149,      13.361,      28.049
 462500         ,      32.374,      26.959,       1.635,      15.413,      31.020
 463000         ,      32.595,      28.322,       1.545,      15.418,      30.722
 463500         ,      33.240,      27.439,       1.858,      15.844,      30.926
 464000         ,      32.147,      27.224,       1.316,      14.998,      29.999
 464500         ,      33.494,      27.970,       1.698,      15.846,      31.252
 465000         ,      32.340,      27.237,       1.680,      15.525,      29.350
 465500         ,      33.664,      25.908,       1.653,      14.444,      29.383
 466000         ,      33.650,      28.183,       1.210,      16.117,      31.476
 466500         ,      32.065,      28.012,       1.080,      14.752,      30.611
 467000         ,      30.015,      27.309,       1.619,      16.693,      29.481
 467500         ,      33.433,      28.549,       1.452,      15.507,      31.597
 468000         ,      32.030,      27.161,       1.411,      15.776,      30.648
 468500         ,      32.286,      26.414,       1.526,      13.452,      28.904
 469000         ,      31.766,      26.346,       1.597,      13.629,      29.159
 469500         ,      31.527,      27.491,       1.448,      16.123,      30.521
 470000         ,      31.655,      25.723,       1.369,      12.436,      29.285
 470500         ,      32.771,      24.797,       2.477,      13.447,      29.640
 471000         ,      30.205,      26.278,       1.093,      16.212,      29.862
 471500         ,      32.776,      26.884,       1.723,      13.429,      29.356
 472000         ,      32.061,      27.304,       1.401,      14.400,      30.324
 472500         ,      32.536,      25.996,       2.007,      12.808,      29.303
 473000         ,      31.961,      26.761,       1.854,      14.646,      28.865
 473500         ,      32.155,      25.579,       2.156,      14.117,      27.493
 474000         ,      32.654,      26.569,       1.071,      13.012,      29.872
 474500         ,      32.920,      25.585,       1.577,      13.715,      28.641
 475000         ,      30.924,      27.784,       1.775,      15.429,      29.770
 475500         ,      33.131,      27.573,       1.129,      14.719,      30.354
 476000         ,      33.365,      25.833,       1.454,      14.327,      30.388
 476500         ,      32.807,      25.921,       1.707,      14.786,      29.281
 477000         ,      32.955,      28.233,       1.469,      15.875,      30.928
 477500         ,      30.608,      25.018,       1.824,      13.446,      27.995
 478000         ,      32.468,      25.345,       2.397,      14.346,      27.855
 478500         ,      33.744,      26.057,       2.004,      13.790,      28.785
 479000         ,      32.114,      26.730,       1.417,      13.255,      28.937
 479500         ,      32.364,      26.937,       1.864,      14.813,      30.646
 480000         ,      31.178,      25.988,       2.158,      14.193,      27.907
 480500         ,      32.686,      27.293,       1.537,      14.716,      29.859
 481000         ,      32.365,      24.834,       1.756,      13.228,      28.483
 481500         ,      33.131,      24.080,       3.140,      12.283,      29.013
 482000         ,      33.334,      24.747,       2.075,      13.224,      29.239
 482500         ,      32.176,      26.843,       1.263,      14.734,      29.896
 483000         ,      32.627,      24.104,       2.397,      13.139,      27.390
 483500         ,      32.527,      27.358,       1.820,      15.685,      30.056
 484000         ,      31.437,      25.330,       2.489,      14.247,      27.019
 484500         ,      33.078,      27.474,       1.381,      14.824,      30.378
 485000         ,      33.115,      27.586,       0.935,      14.954,      30.477
 485500         ,      33.537,      27.534,       1.845,      16.404,      31.375
 486000         ,      32.270,      27.297,       1.335,      15.452,      30.585
 486500         ,      31.829,      27.700,       1.661,      16.003,      29.947
 487000         ,      32.268,      24.209,       1.857,      12.419,      28.777
 487500         ,      32.302,      27.671,       1.415,      14.669,      30.123
 488000         ,      32.804,      25.986,       1.529,      12.694,      28.912
 488500         ,      32.458,      28.128,       1.482,      17.167,      32.171
 489000         ,      31.993,      26.572,       1.601,      14.676,      29.705
 489500         ,      32.466,      27.146,       1.024,      15.805,      30.530
 490000         ,      33.475,      28.207,       1.077,      16.169,      30.987
 490500         ,      32.562,      26.358,       1.421,      15.160,      29.492
 491000         ,      33.017,      27.251,       1.385,      14.919,      29.888
 491500         ,      33.027,      25.690,       1.446,      13.711,      29.835
 492000         ,      31.215,      27.875,       1.436,      16.134,      30.466
 492500         ,      32.136,      27.246,       1.562,      14.798,      30.141
 493000         ,      32.532,      24.770,       1.597,      13.640,      29.229
 493500         ,      31.430,      27.760,       1.644,      15.509,      30.466
 494000         ,      31.792,      27.936,       1.649,      15.580,      30.447
 494500         ,      32.939,      27.740,       1.580,      15.879,      30.316
 495000         ,      31.876,      27.915,       1.567,      14.710,      29.714
 495500         ,      31.873,      26.912,       1.417,      15.773,      30.033
 496000         ,      31.827,      26.843,       1.209,      14.935,      30.516
 496500         ,      31.365,      26.665,       1.881,      14.275,      29.379
 497000         ,      32.164,      26.891,       1.060,      14.902,      30.999
 497500         ,      32.283,      27.471,       2.007,      15.941,      30.240
 498000         ,      32.758,      28.320,       0.573,      15.505,      31.809
 498500         ,      31.990,      26.168,       1.384,      14.492,      29.782
 499000         ,      31.772,      26.203,       1.743,      14.184,      29.612
 499500         ,      30.245,      28.084,       1.614,      15.981,      30.010
 500000         ,      30.176,      24.628,       1.713,      13.936,      26.967
