--------------------------------------------------------------------------------
S H A P E   v2.1         Continuous Shape Measures calculation
(c) 2013  Electronic Structure Group, Universitat de Barcelona
                   Contact:  llunell@ub.edu                   
--------------------------------------------------------------------------------

coordination ZF2 

HP-6            1 D6h   Hexagon                                            
PPY-6           2 C5v   Pentagonal pyramid                                 
OC-6            3 Oh    Octahedron                                         
TPR-6           4 D3h   Trigonal prism                                     
JPPY-6          5 C5v   Johnson pentagonal pyramid J2                      

Structure [ML6 ]         HP-6        PPY-6         OC-6        TPR-6       JPPY-6
 0              ,      31.976,      26.940,       2.353,      14.499,      29.932
 500            ,      32.272,      24.541,       2.183,      14.712,      29.490
 1000           ,      33.083,      27.742,       2.109,      15.623,      31.118
 1500           ,      32.778,      28.309,       2.010,      15.979,      30.887
 2000           ,      32.796,      26.645,       1.550,      15.060,      31.288
 2500           ,      32.722,      27.942,       1.521,      17.106,      32.307
 3000           ,      32.393,      27.537,       1.578,      15.905,      32.227
 3500           ,      33.510,      28.306,       1.636,      16.642,      32.021
 4000           ,      33.161,      25.873,       1.731,      14.535,      29.364
 4500           ,      33.681,      26.700,       1.746,      15.907,      31.208
 5000           ,      33.562,      26.559,       1.738,      13.992,      31.104
 5500           ,      31.666,      26.383,       2.097,      15.460,      30.935
 6000           ,      31.658,      26.741,       1.734,      14.771,      29.612
 6500           ,      32.829,      19.711,       3.871,      11.409,      23.970
 7000           ,      32.279,      28.988,       1.718,      16.809,      32.036
 7500           ,      32.256,      27.490,       2.131,      16.037,      31.213
 8000           ,      32.705,      27.969,       1.625,      15.563,      31.550
 8500           ,      31.205,      27.866,       1.591,      14.883,      30.091
 9000           ,      32.332,      25.839,       1.891,      13.914,      28.844
 9500           ,      32.074,      27.947,       1.402,      16.417,      30.773
 10000          ,      32.924,      28.873,       1.792,      17.072,      31.418
 10500          ,      31.706,      27.080,       1.670,      15.090,      30.134
 11000          ,      31.376,      27.444,       2.279,      17.071,      31.335
 11500          ,      33.036,      26.649,       1.488,      14.425,      29.803
 12000          ,      32.899,      26.746,       2.386,      14.997,      29.952
 12500          ,      30.595,      26.757,       1.898,      15.399,      29.060
 13000          ,      30.362,      27.043,       2.158,      15.574,      29.140
 13500          ,      30.780,      27.795,       2.070,      16.391,      30.782
 14000          ,      32.579,      26.393,       2.298,      13.657,      29.350
 14500          ,      30.956,      26.961,       1.971,      15.971,      29.172
 15000          ,      30.634,      25.871,       2.374,      15.118,      27.880
 15500          ,      30.376,      26.410,       2.674,      13.859,      28.083
 16000          ,      33.106,      28.349,       1.787,      16.364,      31.908
 16500          ,      32.158,      28.855,       1.478,      16.092,      31.769
 17000          ,      32.994,      27.714,       1.579,      16.374,      31.758
 17500          ,      30.005,      26.264,       2.084,      14.978,      29.061
 18000          ,      29.542,      27.633,       1.683,      16.596,      29.811
 18500          ,      30.407,      27.823,       1.646,      16.562,      29.803
 19000          ,      29.856,      27.200,       2.261,      16.373,      29.124
 19500          ,      31.587,      28.412,       1.577,      16.175,      30.787
 20000          ,      32.532,      28.314,       1.780,      16.765,      32.181
 20500          ,      32.261,      28.174,       1.678,      17.097,      31.579
 21000          ,      32.364,      26.556,       1.774,      16.353,      31.363
 21500          ,      30.885,      27.489,       1.433,      14.709,      30.936
 22000          ,      32.571,      29.051,       1.763,      17.178,      31.200
 22500          ,      28.258,      26.368,       1.707,      15.440,      29.093
 23000          ,      32.339,      25.555,       1.893,      14.208,      29.683
 23500          ,      30.104,      27.781,       1.438,      15.620,      30.548
 24000          ,      33.505,      26.814,       1.773,      15.081,      31.589
 24500          ,      33.330,      27.232,       1.681,      15.232,      31.971
 25000          ,      32.913,      27.379,       1.708,      16.132,      31.482
 25500          ,      31.125,      25.860,       1.422,      14.197,      29.995
 26000          ,      33.054,      27.723,       1.549,      16.368,      31.621
 26500          ,      34.248,      27.152,       1.927,      15.436,      31.701
 27000          ,      31.326,      26.022,       1.433,      14.909,      29.865
 27500          ,      32.297,      27.489,       1.916,      16.008,      30.678
 28000          ,      32.444,      26.594,       1.497,      15.594,      31.320
 28500          ,      29.750,      26.264,       1.835,      14.677,      29.205
 29000          ,      31.528,      28.540,       2.317,      15.577,      31.046
 29500          ,      32.985,      27.863,       1.631,      16.048,      31.547
 30000          ,      32.655,      25.481,       1.725,      14.014,      29.808
 30500          ,      31.590,      25.585,       1.746,      14.554,      28.811
 31000          ,      31.100,      25.497,       1.831,      14.651,      28.078
 31500          ,      32.002,      26.656,       2.094,      14.223,      30.794
 32000          ,      33.727,      28.219,       1.565,      17.174,      32.518
 32500          ,      32.177,      28.097,       1.444,      15.530,      30.735
 33000          ,      31.206,      25.645,       1.807,      13.631,      30.262
 33500          ,      32.826,      27.959,       1.817,      15.562,      31.240
 34000          ,      32.582,      28.540,       1.875,      16.934,      32.106
 34500          ,      32.133,      28.585,       1.810,      17.085,      31.908
 35000          ,      31.230,      28.499,       1.183,      15.547,      30.918
 35500          ,      33.101,      25.675,       1.721,      15.062,      30.363
 36000          ,      31.157,      27.012,       2.189,      15.316,      29.671
 36500          ,      32.302,      28.047,       2.034,      16.595,      30.096
 37000          ,      31.191,      26.937,       1.993,      15.635,      28.632
 37500          ,      31.452,      26.804,       1.899,      15.084,      30.918
 38000          ,      33.588,      25.956,       1.613,      14.477,      30.486
 38500          ,      32.566,      28.463,       0.933,      16.519,      32.630
 39000          ,      32.910,      26.215,       2.299,      15.036,      29.368
 39500          ,      30.559,      26.774,       2.432,      15.916,      29.602
 40000          ,      31.717,      27.357,       2.078,      15.182,      31.495
 40500          ,      32.416,      27.891,       1.295,      15.975,      31.256
 41000          ,      30.754,      27.584,       1.628,      15.869,      31.199
 41500          ,      32.170,      27.991,       1.691,      15.069,      31.475
 42000          ,      31.603,      28.413,       1.057,      16.458,      32.302
 42500          ,      32.191,      27.595,       2.130,      14.650,      29.705
 43000          ,      31.415,      28.384,       1.993,      16.818,      31.004
 43500          ,      31.901,      27.616,       2.502,      16.391,      32.201
 44000          ,      33.650,      26.038,       1.899,      15.589,      30.757
 44500          ,      29.067,      26.414,       2.085,      14.759,      28.499
 45000          ,      32.877,      27.830,       2.025,      16.184,      31.706
 45500          ,      33.373,      26.528,       1.388,      15.548,      30.377
 46000          ,      32.083,      25.891,       1.805,      14.722,      28.435
 46500          ,      31.875,      28.537,       1.873,      16.672,      30.923
 47000          ,      31.781,      26.129,       1.493,      16.327,      31.052
 47500          ,      33.008,      27.393,       1.464,      15.315,      31.384
 48000          ,      32.551,      27.882,       1.723,      15.754,      30.741
 48500          ,      32.382,      26.692,       2.112,      15.078,      30.741
 49000          ,      32.769,      26.479,       1.933,      14.966,      30.062
 49500          ,      31.875,      26.762,       2.065,      14.347,      30.240
 50000          ,      31.332,      25.174,       1.831,      13.800,      28.045
 50500          ,      31.879,      27.705,       1.634,      15.501,      30.687
 51000          ,      30.659,      26.700,       1.879,      14.433,      28.778
 51500          ,      32.771,      27.165,       1.693,      15.124,      31.797
 52000          ,      30.929,      28.852,       1.492,      16.098,      31.033
 52500          ,      32.991,      27.482,       1.515,      14.732,      31.040
 53000          ,      31.830,      27.485,       2.551,      15.673,      29.706
 53500          ,      31.774,      25.475,       2.423,      13.154,      28.884
 54000          ,      34.114,      27.867,       1.641,      15.760,      31.662
 54500          ,      32.172,      27.463,       2.102,      15.713,      29.998
 55000          ,      33.148,      27.616,       1.625,      16.433,      32.357
 55500          ,      33.804,      26.104,       2.012,      15.023,      30.899
 56000          ,      30.901,      28.763,       1.205,      16.353,      31.369
 56500          ,      33.344,      27.869,       1.617,      15.266,      30.498
 57000          ,      33.468,      28.136,       2.286,      16.807,      31.878
 57500          ,      33.636,      28.597,       1.878,      16.765,      32.407
 58000          ,      33.700,      27.451,       1.677,      15.063,      31.236
 58500          ,      32.520,      25.482,       1.247,      14.109,      29.024
 59000          ,      32.295,      26.220,       2.169,      14.069,      29.121
 59500          ,      32.979,      27.552,       2.212,      15.447,      31.010
 60000          ,      32.092,      28.196,       1.791,      15.321,      31.151
 60500          ,      32.432,      28.146,       1.456,      16.887,      32.168
 61000          ,      32.237,      27.770,       1.500,      16.059,      32.003
 61500          ,      32.268,      27.567,       1.557,      16.008,      32.263
 62000          ,      31.671,      26.756,       1.843,      13.694,      30.034
 62500          ,      31.908,      26.697,       1.403,      14.964,      29.961
 63000          ,      32.899,      28.088,       1.810,      16.989,      32.669
 63500          ,      31.319,      27.978,       1.686,      15.160,      30.152
 64000          ,      32.297,      28.030,       1.346,      16.288,      31.411
 64500          ,      33.793,      26.847,       1.831,      16.298,      30.541
 65000          ,      32.394,      25.563,       1.607,      14.476,      28.713
 65500          ,      32.929,      26.800,       1.238,      15.259,      30.174
 66000          ,      32.924,      26.780,       1.597,      14.736,      31.103
 66500          ,      32.933,      26.573,       1.753,      15.119,      30.150
 67000          ,      33.307,      27.603,       1.188,      15.526,      31.716
 67500          ,      32.449,      26.821,       1.999,      15.194,      30.040
 68000          ,      32.630,      28.358,       1.347,      15.789,      32.394
 68500          ,      32.508,      28.233,       1.435,      15.660,      32.394
 69000          ,      30.939,      25.604,       2.498,      14.851,      28.937
 69500          ,      31.580,      26.506,       1.877,      15.105,      29.462
 70000          ,      31.685,      26.183,       2.252,      13.489,      28.994
 70500          ,      32.251,      27.108,       1.403,      15.247,      31.172
 71000          ,      33.252,      26.295,       2.078,      14.835,      30.861
 71500          ,      32.032,      23.436,       2.631,      13.013,      25.670
 72000          ,      33.110,      27.934,       1.524,      16.974,      32.404
 72500          ,      32.523,      26.444,       1.684,      15.578,      30.572
 73000          ,      31.527,      27.088,       1.598,      15.420,      29.745
 73500          ,      32.606,      28.351,       1.343,      15.502,      31.616
 74000          ,      32.427,      25.822,       1.633,      14.519,      30.509
 74500          ,      31.401,      26.555,       1.611,      15.721,      29.175
 75000          ,      32.382,      28.721,       1.535,      15.869,      32.060
 75500          ,      31.076,      27.216,       1.887,      16.272,      30.122
 76000          ,      32.642,      27.665,       1.914,      16.310,      30.960
 76500          ,      32.938,      28.215,       2.059,      15.608,      30.970
 77000          ,      33.071,      26.677,       1.789,      15.751,      29.890
 77500          ,      33.051,      27.187,       1.045,      15.786,      31.880
 78000          ,      32.276,      28.387,       1.165,      15.883,      31.613
 78500          ,      31.164,      27.499,       1.774,      15.939,      30.396
 79000          ,      32.051,      26.909,       1.483,      16.555,      31.228
 79500          ,      32.037,      24.329,       2.111,      12.603,      28.811
 80000          ,      31.171,      28.176,       1.532,      16.269,      31.039
 80500          ,      31.064,      26.034,       1.369,      13.743,      29.015
 81000          ,      32.161,      25.170,       2.948,      12.366,      27.518
 81500          ,      31.118,      26.145,       1.494,      15.155,      28.115
 82000          ,      31.757,      28.635,       2.036,      16.201,      31.317
 82500          ,      32.552,      26.243,       2.857,      14.094,      29.363
 83000          ,      32.052,      27.896,       1.916,      15.592,      31.094
 83500          ,      32.526,      27.587,       1.409,      15.271,      30.076
 84000          ,      32.112,      24.431,       2.225,      11.846,      27.976
 84500          ,      32.333,      27.976,       1.809,      16.602,      31.440
 85000          ,      33.416,      26.483,       1.787,      16.088,      30.453
 85500          ,      30.900,      28.928,       1.451,      16.819,      31.314
 86000          ,      30.780,      27.042,       1.456,      16.131,      31.604
 86500          ,      32.066,      26.652,       1.796,      14.646,      29.220
 87000          ,      31.861,      27.909,       2.063,      16.624,      31.054
 87500          ,      33.039,      26.138,       2.023,      13.876,      28.730
 88000          ,      32.559,      27.228,       1.942,      15.122,      29.755
 88500          ,      33.433,      25.708,       1.602,      14.923,      29.945
 89000          ,      33.476,      27.459,       1.672,      16.127,      31.257
 89500          ,      32.956,      27.080,       2.189,      14.326,      29.862
 90000          ,      33.113,      26.792,       1.689,      14.544,      31.038
 90500          ,      33.034,      27.139,       1.362,      15.963,      32.005
 91000          ,      33.026,      28.076,       1.975,      16.803,      30.341
 91500          ,      32.384,      28.740,       1.530,      16.629,      32.310
 92000          ,      31.372,      28.210,       1.696,      16.042,      30.988
 92500          ,      33.877,      25.694,       1.916,      13.162,      29.582
 93000          ,      31.898,      24.901,       1.582,      14.344,      27.600
 93500          ,      32.863,      26.178,       1.917,      14.764,      29.772
 94000          ,      32.779,      24.740,       2.157,      13.137,      29.361
 94500          ,      32.854,      27.260,       1.826,      16.254,      30.073
 95000          ,      30.041,      26.495,       1.826,      15.653,      28.669
 95500          ,      32.377,      23.366,       2.089,      13.634,      28.317
 96000          ,      33.636,      27.413,       1.889,      16.542,      31.640
 96500          ,      33.455,      28.113,       1.453,      16.393,      32.374
 97000          ,      32.917,      26.684,       1.763,      16.715,      30.648
 97500          ,      32.468,      28.708,       1.365,      16.579,      32.085
 98000          ,      31.352,      24.844,       2.161,      14.085,      26.978
 98500          ,      31.521,      27.226,       2.138,      14.831,      30.725
 99000          ,      32.357,      26.671,       1.911,      14.629,      29.748
 99500          ,      32.512,      27.370,       1.307,      15.172,      30.906
 100000         ,      31.935,      27.837,       1.810,      15.939,      30.010
 100500         ,      30.960,      25.341,       2.041,      13.391,      28.221
 101000         ,      33.135,      28.039,       1.610,      16.099,      31.676
 101500         ,      32.565,      28.024,       1.161,      16.257,      32.686
 102000         ,      33.373,      25.429,       2.045,      13.610,      30.261
 102500         ,      32.884,      27.849,       2.357,      16.578,      31.895
 103000         ,      32.824,      28.639,       1.559,      15.505,      31.588
 103500         ,      33.193,      26.969,       1.904,      15.227,      31.103
 104000         ,      31.961,      27.796,       1.502,      15.920,      30.891
 104500         ,      32.549,      27.565,       1.432,      14.981,      30.715
 105000         ,      32.580,      26.967,       1.812,      15.225,      31.060
 105500         ,      33.074,      27.957,       1.282,      16.377,      32.402
 106000         ,      33.343,      27.399,       1.720,      14.807,      31.653
 106500         ,      32.798,      27.791,       1.802,      15.829,      30.618
 107000         ,      33.648,      28.257,       1.666,      16.484,      32.124
 107500         ,      32.375,      26.999,       1.707,      15.311,      31.612
 108000         ,      31.729,      27.408,       1.304,      15.467,      29.935
 108500         ,      32.179,      27.540,       1.481,      15.312,      31.436
 109000         ,      31.872,      28.212,       2.073,      15.489,      30.926
 109500         ,      32.204,      27.146,       1.535,      15.249,      30.875
 110000         ,      32.897,      28.414,       1.362,      16.323,      31.638
 110500         ,      32.604,      28.298,       1.289,      16.042,      32.220
 111000         ,      31.834,      24.680,       2.233,      14.565,      29.657
 111500         ,      33.108,      25.312,       1.520,      13.898,      29.249
 112000         ,      32.726,      27.485,       2.135,      15.312,      30.078
 112500         ,      32.865,      26.743,       1.802,      13.867,      29.779
 113000         ,      31.982,      28.242,       1.804,      15.944,      30.956
 113500         ,      32.388,      25.396,       2.602,      14.561,      29.257
 114000         ,      32.305,      26.937,       2.239,      17.029,      31.989
 114500         ,      32.705,      27.638,       1.446,      16.557,      32.247
 115000         ,      32.999,      26.950,       1.894,      14.642,      31.198
 115500         ,      31.820,      26.593,       1.619,      14.669,      31.224
 116000         ,      33.355,      27.299,       1.649,      15.407,      31.040
 116500         ,      30.671,      28.560,       1.777,      17.409,      30.924
 117000         ,      31.658,      26.636,       2.326,      14.146,      30.005
 117500         ,      32.700,      27.205,       1.923,      15.061,      30.534
 118000         ,      31.865,      28.072,       1.234,      16.025,      32.187
 118500         ,      32.658,      27.146,       1.736,      15.606,      30.038
 119000         ,      33.006,      25.941,       1.704,      15.508,      30.713
 119500         ,      33.506,      27.829,       1.781,      16.344,      32.761
 120000         ,      33.499,      27.348,       1.563,      15.171,      31.905
 120500         ,      31.966,      27.138,       1.524,      14.603,      30.741
 121000         ,      32.481,      28.678,       1.765,      17.002,      31.336
 121500         ,      32.300,      27.084,       2.525,      15.621,      30.804
 122000         ,      32.341,      28.228,       1.993,      16.222,      31.470
 122500         ,      33.460,      24.030,       2.133,      13.117,      29.143
 123000         ,      31.575,      26.818,       1.878,      15.275,      30.914
 123500         ,      31.095,      27.898,       1.317,      16.360,      32.129
 124000         ,      31.968,      25.900,       1.775,      15.295,      28.864
 124500         ,      32.398,      27.803,       1.374,      14.894,      31.087
 125000         ,      32.022,      26.906,       1.607,      14.730,      30.121
 125500         ,      32.318,      26.603,       1.798,      14.758,      29.181
 126000         ,      30.749,      27.046,       2.031,      15.628,      30.795
 126500         ,      32.549,      25.083,       1.801,      14.680,      29.083
 127000         ,      31.242,      25.839,       1.930,      15.145,      30.340
 127500         ,      33.063,      28.544,       1.562,      16.623,      32.505
 128000         ,      32.708,      27.646,       1.753,      14.791,      30.987
 128500         ,      32.609,      27.380,       2.192,      15.187,      31.188
 129000         ,      30.536,      27.037,       2.125,      15.486,      29.893
 129500         ,      32.950,      27.042,       1.358,      15.273,      30.881
 130000         ,      33.757,      25.689,       1.883,      13.856,      30.253
 130500         ,      32.425,      25.439,       1.359,      14.129,      28.732
 131000         ,      31.638,      28.765,       1.547,      17.041,      31.486
 131500         ,      33.649,      26.019,       1.542,      15.838,      30.735
 132000         ,      33.542,      26.213,       2.129,      15.606,      29.462
 132500         ,      32.006,      24.259,       2.050,      13.047,      26.996
 133000         ,      33.398,      26.777,       2.285,      15.228,      31.110
 133500         ,      33.785,      28.470,       1.771,      17.607,      33.647
 134000         ,      34.007,      27.405,       1.932,      16.085,      31.472
 134500         ,      32.209,      28.738,       1.560,      15.945,      31.923
 135000         ,      32.688,      26.248,       1.701,      15.275,      30.931
 135500         ,      33.142,      27.245,       1.638,      15.604,      31.474
 136000         ,      32.940,      27.450,       1.978,      15.914,      30.342
 136500         ,      33.376,      25.960,       2.473,      14.203,      29.412
 137000         ,      32.109,      28.288,       1.682,      15.256,      31.476
 137500         ,      32.691,      27.531,       1.909,      15.179,      31.112
 138000         ,      33.573,      26.930,       1.627,      15.976,      31.670
 138500         ,      32.923,      27.040,       1.810,      14.614,      31.043
 139000         ,      32.717,      28.926,       1.269,      16.731,      32.143
 139500         ,      31.595,      26.523,       1.704,      15.560,      29.290
 140000         ,      30.484,      26.980,       2.055,      16.620,      30.145
 140500         ,      30.195,      27.266,       1.506,      15.351,      29.961
 141000         ,      32.436,      28.749,       1.682,      16.822,      31.944
 141500         ,      33.053,      28.286,       1.892,      16.110,      30.454
 142000         ,      31.172,      24.743,       1.715,      13.614,      29.814
 142500         ,      32.200,      27.587,       2.013,      16.264,      31.066
 143000         ,      30.299,      28.375,       1.546,      16.447,      30.806
 143500         ,      32.419,      28.968,       0.843,      16.190,      32.317
 144000         ,      31.127,      27.606,       1.145,      15.852,      30.161
 144500         ,      33.287,      28.013,       1.190,      16.323,      33.025
 145000         ,      32.062,      28.029,       1.580,      16.599,      31.041
 145500         ,      32.840,      27.439,       1.653,      15.789,      31.647
 146000         ,      31.781,      26.731,       1.936,      15.417,      31.143
 146500         ,      33.497,      26.882,       1.844,      14.701,      30.255
 147000         ,      33.041,      26.573,       1.348,      15.949,      31.358
 147500         ,      32.094,      26.967,       2.041,      16.060,      31.666
 148000         ,      32.778,      28.673,       1.872,      16.952,      31.675
 148500         ,      33.532,      25.852,       1.741,      13.552,      29.642
 149000         ,      32.318,      28.596,       1.497,      16.451,      32.003
 149500         ,      33.739,      26.330,       1.697,      14.925,      31.203
 150000         ,      33.166,      25.616,       1.729,      13.828,      29.584
 150500         ,      32.273,      28.000,       1.454,      16.405,      32.270
 151000         ,      32.213,      26.969,       1.485,      15.449,      30.406
 151500         ,      32.119,      26.265,       1.513,      15.070,      29.545
 152000         ,      33.628,      26.037,       1.646,      15.203,      30.386
 152500         ,      33.254,      27.186,       1.713,      15.004,      30.795
 153000         ,      33.648,      27.134,       1.615,      15.645,      31.313
 153500         ,      32.368,      26.773,       2.043,      15.909,      30.140
 154000         ,      32.368,      27.847,       2.100,      17.271,      32.491
 154500         ,      32.427,      25.092,       1.629,      13.844,      29.129
 155000         ,      33.517,      27.326,       2.172,      15.565,      31.788
 155500         ,      33.122,      27.363,       1.561,      15.727,      30.356
 156000         ,      33.243,      28.080,       1.153,      16.178,      32.433
 156500         ,      32.001,      28.389,       1.639,      15.896,      32.029
 157000         ,      32.712,      28.547,       1.310,      16.023,      31.755
 157500         ,      32.420,      26.440,       2.069,      14.147,      30.066
 158000         ,      33.065,      27.977,       1.951,      16.500,      32.819
 158500         ,      32.007,      27.726,       1.999,      14.594,      30.940
 159000         ,      31.356,      27.964,       1.342,      16.632,      32.257
 159500         ,      32.360,      27.562,       2.094,      16.678,      31.742
 160000         ,      31.839,      28.635,       1.847,      16.057,      31.988
 160500         ,      33.235,      27.374,       1.466,      14.724,      31.288
 161000         ,      33.058,      27.532,       1.698,      16.558,      32.008
 161500         ,      32.168,      27.046,       2.177,      16.412,      30.001
 162000         ,      31.910,      27.275,       1.412,      15.974,      30.302
 162500         ,      32.657,      28.154,       1.098,      16.460,      32.595
 163000         ,      33.080,      28.326,       1.871,      16.532,      32.124
 163500         ,      33.090,      28.304,       1.691,      15.819,      32.066
 164000         ,      31.677,      26.412,       2.344,      15.607,      29.250
 164500         ,      33.050,      27.042,       1.597,      15.500,      31.601
 165000         ,      33.315,      27.021,       1.601,      14.976,      31.126
 165500         ,      30.445,      25.868,       1.614,      13.788,      28.310
 166000         ,      32.776,      26.009,       2.051,      15.633,      29.248
 166500         ,      31.920,      28.551,       1.552,      16.707,      32.057
 167000         ,      32.011,      25.341,       1.833,      15.241,      30.120
 167500         ,      31.447,      26.768,       1.575,      15.097,      30.661
 168000         ,      31.849,      26.433,       1.621,      14.985,      30.131
 168500         ,      30.949,      28.750,       1.634,      16.338,      31.424
 169000         ,      30.684,      27.100,       1.973,      14.871,      29.450
 169500         ,      31.985,      27.487,       1.742,      15.732,      30.701
 170000         ,      32.435,      25.461,       1.755,      14.583,      29.527
 170500         ,      32.452,      27.152,       2.008,      15.352,      30.046
 171000         ,      32.853,      25.138,       1.986,      13.023,      29.729
 171500         ,      33.377,      25.553,       1.917,      15.298,      30.255
 172000         ,      33.254,      28.092,       1.420,      16.633,      32.566
 172500         ,      32.290,      27.781,       1.906,      16.290,      30.341
 173000         ,      33.272,      26.668,       2.153,      15.840,      31.814
 173500         ,      32.674,      25.842,       1.788,      13.972,      29.282
 174000         ,      32.349,      26.815,       1.419,      15.380,      31.459
 174500         ,      31.150,      28.365,       1.347,      15.669,      31.032
 175000         ,      33.149,      28.792,       1.442,      16.949,      32.783
 175500         ,      32.649,      26.070,       1.741,      14.820,      29.065
 176000         ,      31.094,      27.765,       2.099,      16.163,      30.152
 176500         ,      33.449,      27.067,       1.788,      15.324,      30.889
 177000         ,      32.142,      27.241,       1.823,      14.240,      30.399
 177500         ,      31.714,      26.711,       1.500,      14.146,      29.222
 178000         ,      31.922,      27.027,       2.105,      14.764,      29.915
 178500         ,      32.588,      26.944,       1.196,      15.451,      31.493
 179000         ,      33.561,      26.684,       1.428,      15.143,      30.597
 179500         ,      32.495,      28.399,       1.459,      15.658,      31.254
 180000         ,      32.041,      27.922,       1.853,      15.294,      30.992
 180500         ,      32.913,      26.389,       1.858,      14.973,      29.663
 181000         ,      32.043,      28.550,       1.890,      17.127,      31.330
 181500         ,      33.045,      28.382,       1.241,      16.080,      31.979
 182000         ,      31.876,      27.937,       1.870,      16.217,      30.971
 182500         ,      33.211,      28.868,       1.659,      16.609,      32.184
 183000         ,      30.299,      25.795,       2.135,      14.322,      28.760
 183500         ,      33.274,      26.314,       1.847,      15.494,      30.501
 184000         ,      33.138,      26.985,       1.633,      15.241,      31.761
 184500         ,      31.818,      28.407,       1.135,      16.154,      32.497
 185000         ,      32.071,      26.974,       1.870,      15.650,      31.422
 185500         ,      32.897,      26.380,       1.493,      14.597,      29.788
 186000         ,      33.679,      25.298,       1.830,      14.637,      30.031
 186500         ,      31.954,      28.794,       1.860,      16.604,      31.925
 187000         ,      31.412,      28.042,       1.155,      15.905,      31.281
 187500         ,      31.199,      27.686,       1.657,      15.469,      30.743
 188000         ,      32.330,      27.069,       1.748,      15.165,      29.798
 188500         ,      31.692,      28.115,       1.735,      16.027,      31.167
 189000         ,      33.243,      28.506,       1.682,      16.760,      31.698
 189500         ,      29.825,      28.393,       2.514,      16.804,      30.437
 190000         ,      32.552,      27.572,       1.536,      15.329,      30.582
 190500         ,      32.163,      28.323,       1.449,      16.093,      31.771
 191000         ,      31.980,      28.146,       1.538,      15.768,      31.812
 191500         ,      31.904,      27.180,       1.823,      15.334,      30.831
 192000         ,      32.960,      26.490,       2.163,      14.457,      30.498
 192500         ,      33.417,      28.318,       1.387,      15.502,      32.487
 193000         ,      32.764,      27.595,       1.501,      16.067,      30.931
 193500         ,      32.623,      27.922,       1.311,      15.776,      31.880
 194000         ,      33.496,      28.298,       1.870,      16.674,      32.366
 194500         ,      31.092,      28.238,       2.039,      16.372,      30.842
 195000         ,      32.277,      28.542,       1.871,      16.537,      31.401
 195500         ,      32.237,      26.211,       1.860,      14.843,      29.240
 196000         ,      31.731,      26.924,       1.417,      16.317,      31.240
 196500         ,      32.981,      28.588,       1.574,      17.081,      31.446
 197000         ,      32.680,      27.302,       1.666,      15.044,      31.793
 197500         ,      31.962,      27.531,       1.913,      15.649,      30.800
 198000         ,      33.015,      27.074,       1.353,      14.596,      31.255
 198500         ,      32.612,      28.537,       1.886,      17.241,      31.868
 199000         ,      32.606,      28.542,       1.693,      16.186,      32.256
 199500         ,      30.883,      25.607,       1.787,      13.517,      29.418
 200000         ,      32.882,      26.910,       1.759,      14.574,      31.104
 200500         ,      32.889,      26.410,       1.293,      14.738,      30.809
 201000         ,      33.564,      26.232,       1.851,      14.237,      29.496
 201500         ,      33.261,      27.450,       1.389,      16.086,      32.126
 202000         ,      32.720,      28.211,       1.572,      16.590,      32.077
 202500         ,      34.052,      27.611,       1.603,      16.469,      32.317
 203000         ,      32.272,      26.037,       1.904,      15.011,      29.109
 203500         ,      31.315,      26.716,       1.124,      13.948,      30.431
 204000         ,      32.741,      27.363,       1.211,      16.329,      31.711
 204500         ,      33.417,      26.152,       2.072,      15.078,      30.624
 205000         ,      32.984,      25.002,       1.962,      14.314,      28.380
 205500         ,      32.014,      27.793,       1.987,      15.208,      30.363
 206000         ,      31.602,      28.256,       1.861,      16.695,      30.144
 206500         ,      32.876,      28.015,       1.592,      15.868,      31.192
 207000         ,      31.885,      26.599,       1.434,      16.000,      31.085
 207500         ,      32.460,      27.378,       1.561,      15.507,      30.167
 208000         ,      30.821,      28.318,       1.872,      16.801,      31.169
 208500         ,      32.160,      25.943,       2.022,      13.997,      29.279
 209000         ,      33.372,      27.529,       1.392,      15.652,      31.674
 209500         ,      31.984,      27.905,       1.798,      16.365,      30.280
 210000         ,      33.674,      26.848,       1.884,      13.925,      30.855
 210500         ,      33.432,      27.348,       1.557,      15.743,      30.798
 211000         ,      33.003,      27.602,       1.690,      15.906,      30.290
 211500         ,      32.072,      27.744,       1.709,      15.461,      30.878
 212000         ,      32.811,      28.284,       1.597,      16.061,      30.891
 212500         ,      33.511,      28.020,       2.194,      16.852,      32.050
 213000         ,      32.306,      28.074,       1.686,      16.008,      30.155
 213500         ,      33.348,      28.558,       1.637,      16.389,      32.608
 214000         ,      32.177,      28.999,       1.921,      16.351,      31.945
 214500         ,      32.639,      26.215,       1.552,      15.607,      30.702
 215000         ,      32.653,      26.995,       1.507,      16.027,      30.447
 215500         ,      30.894,      26.451,       2.163,      16.808,      31.655
 216000         ,      32.445,      26.407,       2.128,      14.260,      28.891
 216500         ,      32.814,      27.777,       1.563,      16.043,      32.018
 217000         ,      32.417,      28.210,       1.181,      16.215,      31.088
 217500         ,      30.339,      26.310,       1.228,      14.601,      28.840
 218000         ,      31.680,      27.051,       1.587,      15.728,      30.798
 218500         ,      33.207,      28.721,       2.150,      16.421,      30.963
 219000         ,      32.418,      27.826,       1.151,      15.453,      31.463
 219500         ,      33.639,      27.751,       1.493,      16.246,      32.640
 220000         ,      32.518,      27.374,       1.873,      16.734,      32.054
 220500         ,      33.250,      27.732,       1.504,      15.602,      31.904
 221000         ,      31.488,      27.841,       1.540,      16.151,      30.288
 221500         ,      31.219,      26.495,       1.389,      13.658,      29.137
 222000         ,      33.830,      27.552,       1.905,      16.063,      31.897
 222500         ,      32.542,      25.587,       1.361,      13.300,      29.313
 223000         ,      31.354,      27.456,       1.820,      15.681,      30.836
 223500         ,      30.207,      26.325,       2.248,      14.993,      29.102
 224000         ,      29.528,      27.748,       1.802,      16.238,      30.758
 224500         ,      30.886,      28.760,       1.897,      16.657,      31.475
 225000         ,      30.426,      27.146,       1.578,      15.593,      30.135
 225500         ,      31.633,      27.402,       1.502,      15.997,      31.391
 226000         ,      31.555,      27.611,       1.552,      15.478,      30.670
 226500         ,      33.435,      27.154,       2.118,      16.289,      30.705
 227000         ,      32.326,      28.245,       1.838,      15.677,      31.416
 227500         ,      30.210,      26.697,       1.416,      15.474,      29.562
 228000         ,      32.949,      27.479,       1.511,      15.062,      31.093
 228500         ,      30.682,      26.365,       1.245,      14.253,      30.063
 229000         ,      32.423,      25.360,       1.437,      13.935,      28.441
 229500         ,      31.714,      27.333,       2.059,      15.660,      29.549
 230000         ,      31.385,      27.503,       1.995,      16.536,      30.948
 230500         ,      31.673,      25.939,       1.482,      14.672,      28.104
 231000         ,      33.024,      28.426,       1.733,      17.087,      32.611
 231500         ,      31.976,      27.164,       1.215,      15.396,      30.799
 232000         ,      32.071,      28.276,       2.117,      15.231,      30.809
 232500         ,      32.916,      28.259,       1.195,      16.437,      32.555
 233000         ,      30.509,      26.202,       1.783,      15.507,      28.367
 233500         ,      32.627,      25.861,       1.416,      13.958,      28.726
 234000         ,      33.010,      27.910,       1.529,      15.261,      31.460
 234500         ,      31.020,      27.240,       2.802,      16.491,      29.445
 235000         ,      32.126,      27.514,       1.821,      14.645,      29.981
 235500         ,      32.688,      27.078,       1.552,      16.536,      31.847
 236000         ,      32.880,      28.568,       1.585,      17.103,      32.601
 236500         ,      32.003,      27.738,       1.566,      15.027,      30.355
 237000         ,      32.729,      28.144,       1.907,      16.681,      30.339
 237500         ,      32.757,      28.841,       1.292,      16.502,      31.534
 238000         ,      31.959,      27.708,       0.913,      15.208,      31.081
 238500         ,      30.968,      26.807,       1.783,      15.542,      30.369
 239000         ,      32.588,      28.083,       1.488,      15.041,      30.668
 239500         ,      32.450,      24.115,       1.644,      13.754,      28.457
 240000         ,      30.732,      26.844,       1.303,      15.811,      29.207
 240500         ,      32.693,      28.733,       1.334,      15.497,      32.086
 241000         ,      32.773,      24.841,       2.025,      14.871,      29.890
 241500         ,      31.236,      28.295,       1.926,      16.779,      30.586
 242000         ,      30.976,      24.817,       1.516,      14.388,      27.690
 242500         ,      29.861,      25.896,       1.166,      14.813,      28.787
 243000         ,      31.671,      26.450,       1.832,      14.801,      28.266
 243500         ,      31.987,      26.910,       1.553,      16.159,      31.604
 244000         ,      32.652,      25.934,       1.037,      14.341,      30.299
 244500         ,      32.269,      28.923,       1.248,      16.750,      32.014
 245000         ,      31.344,      28.569,       1.488,      15.997,      30.862
 245500         ,      33.272,      28.123,       1.844,      16.947,      32.289
 246000         ,      31.377,      28.640,       1.723,      16.691,      31.151
 246500         ,      32.342,      26.328,       1.649,      14.720,      30.814
 247000         ,      30.995,      27.681,       1.222,      14.759,      29.652
 247500         ,      32.947,      26.307,       1.626,      15.629,      30.479
 248000         ,      31.596,      26.516,       1.631,      15.099,      29.102
 248500         ,      33.209,      28.115,       1.476,      16.396,      32.925
 249000         ,      32.021,      29.117,       1.759,      17.371,      31.973
 249500         ,      32.229,      28.118,       1.452,      15.464,      30.906
 250000         ,      33.295,      27.697,       1.813,      16.950,      32.145
 250500         ,      32.046,      27.979,       1.650,      15.637,      30.788
 251000         ,      32.761,      27.163,       1.600,      15.590,      31.557
 251500         ,      31.132,      24.995,       2.690,      12.113,      28.569
 252000         ,      30.904,      25.120,       2.060,      14.551,      27.493
 252500         ,      32.335,      27.434,       1.855,      14.535,      30.259
 253000         ,      32.859,      27.697,       1.738,      15.535,      31.814
 253500         ,      32.679,      26.379,       2.336,      15.194,      29.059
 254000         ,      33.519,      26.533,       2.381,      13.499,      29.966
 254500         ,      32.212,      26.469,       1.888,      14.503,      30.737
 255000         ,      33.101,      28.030,       2.127,      16.464,      31.752
 255500         ,      30.989,      28.163,       1.501,      16.225,      31.476
 256000         ,      33.822,      27.516,       1.184,      15.894,      32.189
 256500         ,      31.514,      26.742,       1.763,      14.971,      29.320
 257000         ,      32.921,      26.921,       2.231,      16.908,      30.693
 257500         ,      33.005,      24.592,       1.990,      13.671,      29.698
 258000         ,      33.130,      27.416,       1.891,      15.933,      32.096
 258500         ,      30.841,      25.450,       2.509,      14.743,      27.565
 259000         ,      32.280,      28.242,       2.391,      14.979,      30.223
 259500         ,      31.429,      27.234,       1.938,      15.195,      29.303
 260000         ,      30.585,      27.395,       2.135,      16.145,      29.073
 260500         ,      32.038,      27.954,       2.017,      16.814,      30.398
 261000         ,      32.249,      27.897,       1.516,      15.977,      32.045
 261500         ,      33.421,      26.024,       2.043,      14.344,      30.177
 262000         ,      30.644,      26.785,       2.627,      14.519,      28.695
 262500         ,      31.423,      26.585,       2.317,      14.645,      29.325
 263000         ,      31.389,      28.642,       2.629,      17.219,      31.297
 263500         ,      32.670,      26.996,       1.954,      15.838,      30.464
 264000         ,      32.497,      27.309,       1.832,      15.844,      30.072
 264500         ,      29.948,      24.912,       3.140,      12.617,      27.193
 265000         ,      30.708,      26.914,       1.971,      14.489,      29.274
 265500         ,      32.767,      24.230,       2.169,      13.952,      29.475
 266000         ,      30.901,      28.015,       1.654,      16.630,      31.304
 266500         ,      33.507,      26.114,       2.528,      13.934,      30.589
 267000         ,      31.894,      27.657,       1.807,      14.712,      29.977
 267500         ,      31.442,      28.244,       1.982,      16.299,      31.410
 268000         ,      32.264,      24.956,       2.314,      12.529,      29.786
 268500         ,      32.257,      27.174,       2.149,      15.645,      30.753
 269000         ,      33.921,      27.190,       2.396,      15.841,      30.815
 269500         ,      32.890,      27.867,       1.822,      15.920,      31.992
 270000         ,      31.675,      26.875,       2.205,      16.282,      31.190
 270500         ,      33.398,      23.716,       3.138,      13.698,      26.363
 271000         ,      31.875,      26.952,       2.006,      15.039,      31.031
 271500         ,      33.349,      26.875,       1.901,      14.752,      29.845
 272000         ,      30.882,      27.002,       2.453,      16.522,      29.304
 272500         ,      33.686,      28.252,       1.617,      16.429,      32.894
 273000         ,      32.903,      27.884,       2.268,      15.919,      30.804
 273500         ,      33.037,      27.154,       1.656,      15.384,      31.736
 274000         ,      31.351,      24.616,       2.752,      14.235,      26.238
 274500         ,      33.069,      27.592,       1.183,      16.014,      32.316
 275000         ,      33.329,      27.084,       1.428,      15.071,      31.446
 275500         ,      33.042,      27.728,       2.133,      16.160,      30.274
 276000         ,      31.467,      26.969,       2.407,      16.609,      31.366
 276500         ,      32.546,      26.203,       2.077,      13.783,      29.920
 277000         ,      32.755,      25.883,       1.477,      13.498,      30.580
 277500         ,      32.397,      27.131,       1.958,      16.604,      30.564
 278000         ,      32.651,      27.631,       2.444,      15.921,      29.335
 278500         ,      33.835,      26.253,       2.159,      15.299,      31.229
 279000         ,      32.695,      26.611,       2.138,      16.215,      30.753
 279500         ,      32.427,      27.825,       1.809,      16.145,      30.595
 280000         ,      32.711,      28.023,       2.181,      17.230,      32.421
 280500         ,      32.641,      25.500,       2.337,      13.224,      27.574
 281000         ,      33.348,      27.717,       1.628,      15.385,      31.775
 281500         ,      31.473,      26.559,       2.595,      15.566,      29.277
 282000         ,      32.148,      27.072,       2.034,      14.529,      30.601
 282500         ,      34.056,      27.306,       1.549,      16.407,      32.239
 283000         ,      33.314,      27.119,       2.178,      15.298,      31.680
 283500         ,      32.460,      27.593,       2.012,      16.191,      31.852
 284000         ,      31.002,      26.957,       2.128,      15.242,      29.914
 284500         ,      32.304,      27.851,       2.787,      16.301,      30.889
 285000         ,      33.883,      26.923,       2.102,      15.927,      32.013
 285500         ,      33.567,      27.432,       1.870,      15.326,      32.037
 286000         ,      32.938,      26.654,       2.100,      15.367,      30.631
 286500         ,      32.100,      28.386,       2.050,      16.770,      31.461
 287000         ,      33.107,      28.218,       1.769,      15.937,      32.437
 287500         ,      32.899,      28.441,       1.531,      16.615,      31.858
 288000         ,      33.325,      26.927,       1.758,      16.164,      32.092
 288500         ,      33.619,      27.061,       1.978,      16.239,      31.552
 289000         ,      30.558,      25.891,       2.382,      13.978,      28.059
 289500         ,      32.087,      27.568,       2.173,      15.792,      30.389
 290000         ,      32.214,      25.391,       2.056,      14.813,      30.111
 290500         ,      31.952,      26.792,       1.266,      15.228,      31.170
 291000         ,      32.989,      28.153,       1.358,      15.655,      32.141
 291500         ,      33.193,      27.665,       2.603,      15.841,      31.170
 292000         ,      33.734,      28.135,       1.734,      16.521,      32.649
 292500         ,      32.678,      26.671,       2.167,      14.358,      30.159
 293000         ,      30.948,      28.030,       1.317,      15.952,      31.117
 293500         ,      30.270,      28.041,       1.966,      15.253,      29.860
 294000         ,      32.259,      27.500,       2.183,      15.716,      29.944
 294500         ,      33.176,      26.317,       1.633,      14.972,      30.670
 295000         ,      33.036,      26.697,       2.135,      15.983,      31.769
 295500         ,      32.016,      27.753,       1.568,      16.565,      31.722
 296000         ,      32.485,      23.307,       1.684,      13.768,      27.993
 296500         ,      31.724,      26.866,       2.026,      14.341,      29.817
 297000         ,      31.048,      27.680,       1.469,      16.297,      31.977
 297500         ,      32.181,      26.157,       2.398,      12.993,      28.987
 298000         ,      33.586,      24.965,       2.270,      12.182,      29.075
 298500         ,      30.936,      27.344,       2.212,      13.720,      29.528
 299000         ,      33.239,      28.441,       2.204,      16.247,      31.264
 299500         ,      32.165,      28.331,       2.188,      17.109,      31.740
 300000         ,      32.082,      26.552,       1.852,      14.606,      29.977
 300500         ,      33.009,      26.529,       2.050,      15.134,      29.723
 301000         ,      32.922,      28.988,       2.532,      16.754,      32.210
 301500         ,      32.034,      28.897,       2.033,      17.413,      32.114
 302000         ,      33.108,      27.955,       2.064,      16.012,      31.324
 302500         ,      30.963,      27.385,       1.677,      16.128,      29.254
 303000         ,      32.136,      28.326,       2.211,      16.430,      30.302
 303500         ,      32.948,      26.059,       1.588,      15.917,      30.668
 304000         ,      31.522,      26.214,       1.963,      14.841,      30.731
 304500         ,      31.895,      25.731,       1.707,      13.399,      30.219
 305000         ,      30.363,      26.067,       1.317,      15.658,      30.111
 305500         ,      32.620,      27.655,       1.873,      15.542,      30.783
 306000         ,      31.137,      25.924,       2.083,      15.787,      30.532
 306500         ,      32.634,      27.631,       1.667,      15.908,      32.279
 307000         ,      31.906,      26.665,       1.799,      16.455,      31.436
 307500         ,      31.809,      24.306,       2.389,      10.500,      27.986
 308000         ,      30.998,      25.742,       2.338,      15.364,      28.309
 308500         ,      33.661,      26.678,       1.784,      14.705,      31.461
 309000         ,      32.183,      27.196,       1.582,      14.829,      31.666
 309500         ,      33.006,      25.394,       1.683,      14.824,      30.293
 310000         ,      32.496,      26.068,       1.741,      15.395,      30.904
 310500         ,      33.455,      26.187,       2.129,      14.443,      30.979
 311000         ,      32.457,      28.109,       2.373,      16.884,      30.338
 311500         ,      32.570,      27.214,       2.392,      15.597,      30.456
 312000         ,      33.284,      26.052,       1.817,      15.120,      30.850
 312500         ,      30.745,      25.561,       2.425,      13.531,      28.077
 313000         ,      31.876,      25.410,       2.490,      14.908,      30.071
 313500         ,      33.627,      25.483,       2.069,      13.796,      28.887
 314000         ,      33.456,      27.013,       3.032,      15.298,      29.464
 314500         ,      32.326,      28.062,       1.688,      16.309,      31.799
 315000         ,      32.038,      26.193,       1.592,      15.940,      30.689
 315500         ,      33.478,      28.489,       2.240,      16.029,      32.364
 316000         ,      31.216,      28.818,       1.914,      16.332,      31.557
 316500         ,      31.938,      28.460,       1.578,      15.860,      32.137
 317000         ,      32.900,      25.574,       2.433,      13.659,      28.615
 317500         ,      31.507,      28.479,       2.030,      16.522,      31.582
 318000         ,      33.893,      28.007,       1.798,      16.944,      32.566
 318500         ,      32.392,      28.408,       1.854,      15.649,      32.244
 319000         ,      33.133,      26.754,       2.267,      14.106,      29.692
 319500         ,      31.065,      28.480,       2.023,      16.374,      30.377
 320000         ,      30.390,      23.154,       3.176,      12.874,      27.456
 320500         ,      31.383,      25.111,       2.399,      14.662,      29.360
 321000         ,      32.827,      24.637,       1.923,      13.484,      29.542
 321500         ,      33.857,      25.321,       2.566,      13.937,      29.689
 322000         ,      32.555,      26.974,       1.411,      15.024,      30.645
 322500         ,      32.780,      25.140,       2.223,      14.027,      29.879
 323000         ,      33.781,      26.138,       2.378,      14.146,      31.271
 323500         ,      32.139,      25.861,       2.634,      12.459,      28.608
 324000         ,      33.794,      24.430,       2.529,      12.620,      28.484
 324500         ,      32.009,      24.425,       2.552,      13.144,      27.777
 325000         ,      32.614,      25.793,       1.870,      13.263,      30.248
 325500         ,      33.118,      27.155,       2.032,      15.289,      31.085
 326000         ,      33.043,      26.709,       2.218,      14.353,      30.918
 326500         ,      32.821,      28.217,       1.558,      15.982,      32.075
 327000         ,      32.836,      25.706,       2.482,      14.781,      29.304
 327500         ,      33.143,      27.644,       2.610,      16.300,      31.867
 328000         ,      32.492,      25.584,       2.078,      14.866,      29.813
 328500         ,      33.298,      27.579,       2.160,      16.060,      32.033
 329000         ,      31.352,      25.068,       2.231,      12.748,      29.508
 329500         ,      32.546,      26.795,       2.069,      15.342,      29.931
 330000         ,      32.282,      26.302,       2.715,      15.922,      28.762
 330500         ,      31.738,      26.034,       2.854,      13.834,      29.321
 331000         ,      32.937,      26.349,       1.550,      13.528,      30.066
 331500         ,      31.091,      27.510,       2.165,      16.477,      30.486
 332000         ,      31.997,      26.094,       2.022,      14.066,      28.382
 332500         ,      31.477,      28.167,       2.385,      16.714,      30.937
 333000         ,      32.934,      28.523,       1.429,      17.095,      31.835
 333500         ,      33.448,      27.447,       1.198,      16.035,      31.916
 334000         ,      30.758,      25.678,       1.746,      15.867,      30.049
 334500         ,      32.060,      25.354,       1.520,      13.083,      29.263
 335000         ,      30.201,      27.974,       2.491,      16.270,      29.971
 335500         ,      33.827,      28.415,       1.645,      16.759,      32.959
 336000         ,      33.374,      23.956,       2.010,      12.260,      27.616
 336500         ,      32.714,      25.736,       1.873,      14.831,      29.949
 337000         ,      32.974,      20.840,       4.036,       7.879,      23.555
 337500         ,      29.794,      27.087,       2.082,      13.707,      28.741
 338000         ,      30.810,      25.053,       2.463,      13.105,      27.564
 338500         ,      33.134,      24.881,       1.992,      12.334,      29.256
 339000         ,      33.049,      27.493,       2.322,      15.960,      31.956
 339500         ,      32.321,      27.524,       1.652,      14.975,      30.347
 340000         ,      31.992,      26.713,       1.185,      15.342,      31.231
 340500         ,      31.496,      25.389,       3.473,      12.804,      28.549
 341000         ,      32.204,      27.680,       2.326,      16.192,      31.149
 341500         ,      33.203,      27.531,       2.171,      15.062,      30.704
 342000         ,      32.196,      25.501,       2.457,      12.721,      28.788
 342500         ,      30.934,      27.056,       2.467,      14.316,      30.294
 343000         ,      32.427,      27.898,       2.104,      15.330,      31.391
 343500         ,      33.830,      25.289,       1.902,      13.555,      30.361
 344000         ,      33.290,      27.149,       2.424,      14.983,      30.639
 344500         ,      30.336,      25.687,       2.523,      12.325,      27.855
 345000         ,      31.872,      26.030,       2.282,      12.144,      28.755
 345500         ,      32.471,      26.769,       2.739,      15.770,      29.077
 346000         ,      30.439,      26.697,       2.038,      14.533,      29.013
 346500         ,      31.483,      26.162,       1.437,      13.281,      29.455
 347000         ,      31.871,      25.350,       1.683,      14.061,      29.678
 347500         ,      32.141,      28.360,       2.079,      16.620,      30.596
 348000         ,      30.421,      26.051,       3.161,      12.667,      27.459
 348500         ,      32.271,      27.998,       1.752,      16.720,      32.623
 349000         ,      33.806,      27.691,       2.031,      16.019,      32.182
 349500         ,      31.633,      26.199,       2.319,      13.530,      30.345
 350000         ,      32.538,      26.485,       2.080,      15.590,      29.027
 350500         ,      32.328,      25.488,       2.221,      15.042,      30.556
 351000         ,      30.116,      26.839,       2.259,      14.181,      28.353
 351500         ,      32.756,      27.063,       1.679,      14.500,      31.412
 352000         ,      29.936,      25.937,       2.289,      13.312,      29.493
 352500         ,      33.109,      27.552,       2.371,      15.172,      31.176
 353000         ,      31.867,      28.383,       1.888,      16.296,      31.208
 353500         ,      31.369,      28.097,       1.841,      15.829,      31.132
 354000         ,      32.474,      26.576,       1.803,      14.932,      31.204
 354500         ,      33.336,      26.400,       2.430,      14.239,      30.309
 355000         ,      32.924,      27.554,       2.053,      16.725,      32.084
 355500         ,      32.603,      28.256,       1.898,      16.070,      31.465
 356000         ,      31.307,      27.673,       1.580,      16.075,      31.553
 356500         ,      33.908,      26.956,       2.184,      15.527,      31.601
 357000         ,      32.126,      28.095,       1.277,      15.129,      31.244
 357500         ,      31.019,      28.144,       1.781,      15.745,      31.362
 358000         ,      33.293,      27.345,       1.692,      15.489,      31.709
 358500         ,      32.832,      26.160,       1.828,      14.324,      30.727
 359000         ,      32.814,      26.175,       1.728,      14.339,      29.984
 359500         ,      30.542,      27.073,       2.353,      14.784,      30.120
 360000         ,      32.547,      28.401,       2.244,      15.931,      30.932
 360500         ,      30.374,      27.472,       2.328,      14.112,      28.874
 361000         ,      32.124,      26.720,       2.506,      14.825,      29.537
 361500         ,      30.163,      25.741,       1.672,      16.071,      30.474
 362000         ,      30.981,      24.953,       2.287,      11.696,      27.825
 362500         ,      32.597,      25.211,       1.763,      15.291,      29.905
 363000         ,      33.061,      25.980,       2.032,      14.819,      30.643
 363500         ,      31.887,      27.890,       2.086,      15.422,      31.523
 364000         ,      33.462,      29.272,       2.518,      16.879,      31.970
 364500         ,      33.482,      26.496,       2.088,      14.222,      31.109
 365000         ,      33.097,      24.505,       2.499,      14.153,      28.241
 365500         ,      31.226,      21.659,       2.880,      11.019,      26.083
 366000         ,      31.329,      27.207,       1.859,      15.173,      30.428
 366500         ,      31.940,      26.684,       1.740,      14.735,      31.174
 367000         ,      33.830,      26.026,       1.864,      14.487,      30.313
 367500         ,      33.130,      27.885,       1.840,      16.584,      31.247
 368000         ,      32.377,      24.664,       1.746,      13.456,      29.557
 368500         ,      31.342,      25.977,       2.287,      14.640,      29.353
 369000         ,      31.764,      26.710,       1.720,      14.809,      29.714
 369500         ,      33.832,      25.732,       2.227,      15.237,      30.534
 370000         ,      33.294,      27.456,       1.708,      15.213,      32.147
 370500         ,      33.198,      23.376,       3.672,      10.267,      27.067
 371000         ,      30.326,      26.942,       2.255,      15.144,      30.469
 371500         ,      30.307,      27.618,       1.756,      15.354,      29.346
 372000         ,      31.750,      23.640,       2.670,      12.458,      28.228
 372500         ,      31.136,      27.419,       1.998,      17.398,      31.833
 373000         ,      34.018,      26.016,       2.049,      13.675,      29.897
 373500         ,      32.102,      28.835,       2.174,      16.860,      31.264
 374000         ,      32.620,      28.412,       1.940,      17.523,      33.311
 374500         ,      31.580,      25.630,       2.290,      13.610,      28.789
 375000         ,      31.400,      27.438,       2.475,      16.150,      30.687
 375500         ,      31.459,      26.775,       2.656,      14.728,      29.351
 376000         ,      31.521,      26.664,       2.013,      14.632,      29.555
 376500         ,      31.525,      22.812,       2.745,      12.266,      26.861
 377000         ,      31.702,      24.688,       2.574,      11.917,      28.284
 377500         ,      33.359,      26.737,       2.990,      15.714,      28.500
 378000         ,      31.516,      23.179,       2.668,      11.379,      27.668
 378500         ,      33.517,      26.161,       1.941,      13.402,      30.196
 379000         ,      33.415,      27.916,       1.848,      16.735,      32.609
 379500         ,      33.557,      26.815,       2.086,      14.843,      31.277
 380000         ,      32.089,      24.725,       1.879,      12.892,      28.636
 380500         ,      32.222,      28.299,       2.042,      16.148,      31.676
 381000         ,      33.003,      27.524,       2.492,      15.288,      30.788
 381500         ,      32.039,      28.940,       1.635,      17.092,      31.554
 382000         ,      33.103,      27.153,       2.455,      15.899,      31.732
 382500         ,      31.457,      27.403,       2.128,      14.858,      29.788
 383000         ,      33.120,      27.611,       1.335,      15.903,      31.538
 383500         ,      30.885,      25.269,       2.953,      12.889,      28.300
 384000         ,      33.751,      25.579,       2.170,      14.477,      28.546
 384500         ,      31.656,      27.407,       2.257,      15.824,      30.947
 385000         ,      31.963,      27.526,       1.806,      15.483,      31.633
 385500         ,      33.606,      27.821,       1.978,      17.011,      32.523
 386000         ,      32.269,      26.595,       1.828,      14.123,      30.585
 386500         ,      31.667,      27.222,       2.201,      15.905,      30.799
 387000         ,      33.352,      24.791,       2.318,      13.729,      28.446
 387500         ,      30.220,      22.775,       2.893,      13.825,      25.490
 388000         ,      32.372,      26.509,       1.745,      15.062,      30.704
 388500         ,      32.495,      24.363,       2.198,      11.510,      27.256
 389000         ,      33.381,      26.833,       2.214,      13.730,      30.773
 389500         ,      33.905,      27.427,       1.842,      16.653,      31.563
 390000         ,      30.261,      24.802,       2.434,      14.435,      29.574
 390500         ,      31.736,      23.915,       3.599,      13.370,      28.171
 391000         ,      32.133,      27.120,       1.957,      15.990,      30.126
 391500         ,      33.217,      26.182,       1.785,      15.248,      31.317
 392000         ,      34.212,      26.334,       2.403,      14.287,      30.273
 392500         ,      32.809,      23.613,       3.183,      13.215,      27.387
 393000         ,      33.581,      28.599,       1.967,      16.424,      32.568
 393500         ,      33.591,      26.472,       1.636,      15.083,      30.336
 394000         ,      33.204,      26.060,       2.788,      14.768,      29.227
 394500         ,      34.246,      26.327,       2.448,      14.677,      31.441
 395000         ,      33.790,      27.197,       1.449,      15.763,      31.862
 395500         ,      32.524,      25.005,       1.696,      12.989,      28.567
 396000         ,      31.801,      26.928,       1.548,      15.773,      31.181
 396500         ,      31.499,      25.272,       1.840,      14.186,      29.550
 397000         ,      33.616,      28.168,       1.974,      15.915,      31.791
 397500         ,      33.220,      25.840,       2.354,      14.357,      29.658
 398000         ,      32.338,      27.470,       1.685,      15.284,      30.985
 398500         ,      30.772,      26.352,       1.276,      15.149,      30.689
 399000         ,      32.340,      27.311,       2.289,      14.331,      29.746
 399500         ,      32.580,      26.132,       1.990,      14.851,      30.575
 400000         ,      33.098,      25.851,       2.630,      14.166,      29.819
 400500         ,      30.643,      22.287,       2.635,      11.718,      26.982
 401000         ,      32.683,      26.750,       1.434,      14.401,      30.257
 401500         ,      33.610,      25.771,       2.554,      13.384,      29.805
 402000         ,      33.657,      27.874,       2.445,      15.552,      30.857
 402500         ,      31.732,      26.034,       2.010,      14.338,      29.014
 403000         ,      31.641,      28.123,       1.787,      15.968,      30.556
 403500         ,      32.128,      26.777,       1.688,      14.442,      30.907
 404000         ,      32.351,      27.191,       2.042,      14.645,      30.762
 404500         ,      32.656,      26.590,       1.493,      15.694,      29.606
 405000         ,      33.445,      25.906,       2.067,      14.539,      30.819
 405500         ,      31.637,      24.310,       2.781,      12.675,      28.793
 406000         ,      31.469,      26.797,       1.469,      16.143,      31.404
 406500         ,      31.669,      27.675,       2.321,      16.295,      29.127
 407000         ,      31.942,      25.006,       2.342,      13.334,      29.673
 407500         ,      33.758,      28.136,       1.902,      16.731,      32.029
 408000         ,      32.077,      28.233,       1.626,      16.342,      31.996
 408500         ,      29.914,      28.054,       2.383,      15.025,      29.986
 409000         ,      33.105,      27.673,       1.727,      15.471,      30.924
 409500         ,      32.418,      25.379,       1.771,      15.039,      30.558
 410000         ,      32.587,      27.714,       1.910,      15.480,      31.120
 410500         ,      34.171,      27.755,       1.854,      15.327,      32.269
 411000         ,      33.178,      26.492,       1.736,      15.517,      31.063
 411500         ,      30.796,      24.181,       1.852,      13.792,      28.622
 412000         ,      30.659,      23.884,       1.914,      13.256,      26.970
 412500         ,      33.072,      26.234,       2.453,      13.691,      30.161
 413000         ,      31.786,      27.569,       2.153,      16.416,      31.126
 413500         ,      32.252,      27.574,       2.087,      14.515,      30.706
 414000         ,      33.164,      26.118,       2.056,      16.116,      30.489
 414500         ,      32.900,      26.500,       1.981,      14.277,      30.474
 415000         ,      31.967,      27.009,       2.670,      14.982,      29.769
 415500         ,      32.505,      28.347,       1.919,      15.871,      31.112
 416000         ,      32.435,      27.955,       1.507,      16.506,      30.909
 416500         ,      34.028,      27.025,       2.407,      15.344,      31.046
 417000         ,      33.266,      27.207,       1.960,      14.849,      30.708
 417500         ,      32.491,      27.171,       2.058,      16.067,      31.060
 418000         ,      30.048,      28.443,       2.101,      16.408,      30.595
 418500         ,      32.112,      24.989,       1.937,      14.288,      28.701
 419000         ,      32.538,      27.710,       1.690,      14.446,      30.582
 419500         ,      32.736,      27.175,       1.145,      15.340,      29.760
 420000         ,      30.616,      26.638,       2.162,      13.800,      28.386
 420500         ,      33.384,      25.777,       1.926,      15.570,      30.954
 421000         ,      32.328,      27.272,       1.874,      15.197,      30.108
 421500         ,      32.405,      27.538,       2.070,      14.860,      30.680
 422000         ,      32.038,      28.486,       2.351,      17.146,      30.370
 422500         ,      31.540,      25.907,       2.069,      15.606,      28.687
 423000         ,      32.914,      27.025,       2.075,      14.943,      30.727
 423500         ,      33.007,      27.303,       1.697,      16.269,      32.336
 424000         ,      32.091,      24.567,       2.331,      13.677,      29.271
 424500         ,      31.655,      25.750,       1.772,      14.260,      29.560
 425000         ,      33.133,      27.803,       1.478,      14.882,      31.903
 425500         ,      32.477,      27.609,       1.792,      16.322,      31.536
 426000         ,      32.526,      27.147,       1.637,      15.196,      30.589
 426500         ,      32.475,      28.058,       1.424,      16.792,      32.407
 427000         ,      32.193,      28.179,       2.050,      16.733,      31.628
 427500         ,      34.746,      24.843,       2.672,      13.002,      29.379
 428000         ,      31.358,      26.342,       2.054,      15.649,      29.100
 428500         ,      33.041,      28.574,       1.851,      17.562,      32.871
 429000         ,      32.885,      28.087,       1.968,      16.057,      31.409
 429500         ,      32.870,      28.073,       1.343,      16.043,      31.412
 430000         ,      33.436,      25.130,       2.441,      14.617,      29.487
 430500         ,      32.836,      28.355,       1.561,      16.168,      32.054
 431000         ,      32.464,      27.994,       1.819,      16.350,      32.238
 431500         ,      33.720,      28.643,       1.831,      17.537,      33.715
 432000         ,      31.430,      27.624,       2.747,      16.746,      30.377
 432500         ,      31.691,      25.398,       1.851,      13.527,      30.332
 433000         ,      32.833,      26.163,       2.796,      16.235,      31.281
 433500         ,      32.874,      26.887,       2.219,      14.906,      30.957
 434000         ,      32.671,      25.297,       1.644,      12.746,      28.535
 434500         ,      32.945,      26.923,       2.204,      15.689,      31.552
 435000         ,      32.702,      27.726,       1.859,      16.184,      31.892
 435500         ,      33.109,      27.507,       1.535,      16.198,      31.476
 436000         ,      32.916,      26.950,       1.229,      15.587,      31.651
 436500         ,      32.679,      28.597,       1.868,      16.894,      31.708
 437000         ,      32.180,      27.591,       1.705,      16.908,      32.068
 437500         ,      32.857,      28.333,       1.937,      16.518,      31.302
 438000         ,      32.321,      27.650,       1.762,      15.902,      32.163
 438500         ,      32.522,      26.867,       1.871,      14.974,      30.098
 439000         ,      31.590,      28.960,       1.504,      16.487,      31.613
 439500         ,      32.298,      26.678,       1.776,      14.236,      29.654
 440000         ,      32.458,      25.021,       1.095,      14.637,      29.401
 440500         ,      32.433,      28.690,       1.366,      16.199,      32.086
 441000         ,      31.746,      28.227,       1.700,      16.664,      32.446
 441500         ,      32.865,      26.578,       1.610,      15.724,      30.755
 442000         ,      32.153,      28.186,       1.420,      16.375,      32.753
 442500         ,      30.868,      24.974,       1.575,      13.143,      28.872
 443000         ,      31.924,      28.524,       1.594,      16.319,      30.914
 443500         ,      32.739,      27.996,       1.183,      15.818,      31.406
 444000         ,      32.810,      25.991,       1.402,      14.627,      30.617
 444500         ,      32.343,      26.379,       0.884,      15.617,      30.663
 445000         ,      33.226,      26.125,       1.542,      14.648,      31.055
 445500         ,      32.173,      28.551,       1.787,      16.909,      31.772
 446000         ,      32.610,      26.170,       2.389,      15.290,      29.700
 446500         ,      31.354,      26.042,       2.487,      14.280,      29.715
 447000         ,      30.362,      24.083,       1.676,      14.765,      29.065
 447500         ,      31.216,      27.755,       1.380,      16.016,      32.061
 448000         ,      31.860,      21.638,       2.886,      11.128,      26.314
 448500         ,      32.080,      26.529,       1.472,      15.327,      30.193
 449000         ,      33.541,      28.453,       1.566,      16.331,      31.808
 449500         ,      32.054,      27.969,       1.192,      15.970,      31.913
 450000         ,      30.807,      25.725,       2.009,      14.288,      29.706
 450500         ,      33.205,      27.423,       2.240,      15.888,      29.923
 451000         ,      32.827,      27.383,       1.270,      15.342,      31.570
 451500         ,      33.040,      27.704,       1.629,      15.542,      32.266
 452000         ,      33.334,      27.245,       2.097,      16.564,      31.222
 452500         ,      31.602,      27.741,       1.985,      15.641,      31.258
 453000         ,      32.872,      26.920,       1.674,      15.470,      30.051
 453500         ,      31.804,      27.946,       2.136,      16.231,      32.206
 454000         ,      34.330,      24.246,       2.803,      13.602,      29.507
 454500         ,      32.485,      26.313,       2.439,      14.500,      30.160
 455000         ,      32.505,      25.945,       2.178,      14.460,      30.779
 455500         ,      32.931,      25.932,       1.681,      15.916,      31.158
 456000         ,      31.476,      26.940,       1.321,      16.036,      32.010
 456500         ,      32.319,      27.551,       2.185,      16.629,      31.701
 457000         ,      32.636,      28.100,       1.395,      16.550,      32.744
 457500         ,      32.117,      24.975,       2.122,      13.698,      29.721
 458000         ,      33.480,      26.789,       2.270,      14.361,      30.702
 458500         ,      32.094,      27.786,       1.814,      16.955,      31.415
 459000         ,      30.935,      27.424,       1.606,      15.033,      29.576
 459500         ,      32.436,      23.428,       2.178,      13.671,      28.084
 460000         ,      33.599,      27.344,       2.457,      14.806,      30.419
 460500         ,      31.813,      26.659,       1.519,      15.571,      31.376
 461000         ,      33.784,      26.918,       1.883,      15.192,      31.399
 461500         ,      32.793,      27.726,       1.587,      15.338,      31.053
 462000         ,      31.579,      25.275,       2.442,      13.490,      28.800
 462500         ,      30.936,      26.860,       2.054,      16.244,      31.657
 463000         ,      31.844,      28.037,       1.902,      15.449,      30.281
 463500         ,      31.267,      25.835,       1.460,      12.669,      29.810
 464000         ,      32.527,      27.709,       1.302,      14.849,      31.340
 464500         ,      33.616,      26.759,       1.707,      14.586,      30.671
 465000         ,      32.439,      27.279,       1.433,      16.138,      30.458
 465500         ,      29.717,      25.901,       2.449,      15.589,      28.412
 466000         ,      32.407,      25.235,       1.983,      12.999,      29.423
 466500         ,      32.015,      28.068,       2.027,      15.893,      29.846
 467000         ,      33.224,      26.394,       2.178,      14.880,      30.998
 467500         ,      32.114,      26.984,       1.773,      14.536,      29.721
 468000         ,      31.459,      28.573,       2.382,      16.668,      30.489
 468500         ,      33.604,      26.306,       2.388,      15.629,      31.297
 469000         ,      32.193,      24.277,       2.639,      11.789,      28.563
 469500         ,      33.006,      24.949,       2.081,      13.445,      29.601
 470000         ,      31.891,      24.427,       1.924,      14.550,      29.081
 470500         ,      32.872,      28.248,       1.799,      15.704,      31.678
 471000         ,      32.263,      28.469,       1.823,      16.515,      30.590
 471500         ,      30.355,      25.233,       1.838,      14.160,      27.716
 472000         ,      32.623,      28.383,       1.407,      16.581,      32.201
 472500         ,      34.113,      27.533,       1.881,      16.240,      31.963
 473000         ,      31.951,      27.296,       2.304,      16.875,      31.874
 473500         ,      32.760,      27.805,       1.573,      15.336,      31.878
 474000         ,      30.813,      24.923,       2.844,      12.781,      27.736
 474500         ,      30.841,      24.321,       2.241,      14.264,      28.895
 475000         ,      33.700,      26.960,       1.310,      14.813,      31.496
 475500         ,      32.597,      28.984,       1.161,      16.208,      32.020
 476000         ,      32.474,      28.314,       2.237,      15.895,      30.818
 476500         ,      32.603,      27.654,       0.972,      15.686,      32.156
 477000         ,      31.468,      26.312,       2.732,      15.287,      27.825
 477500         ,      31.359,      24.252,       1.817,      13.881,      28.679
 478000         ,      33.929,      26.320,       2.191,      14.741,      30.983
 478500         ,      32.803,      28.209,       1.988,      17.179,      31.943
 479000         ,      32.817,      27.776,       1.801,      15.734,      31.116
 479500         ,      33.415,      27.852,       1.249,      15.735,      32.067
 480000         ,      32.169,      27.231,       1.440,      15.561,      30.783
 480500         ,      33.073,      28.939,       1.655,      16.707,      32.257
 481000         ,      32.515,      26.835,       1.923,      14.801,      31.467
 481500         ,      32.918,      25.454,       1.825,      14.522,      29.923
 482000         ,      29.950,      25.352,       2.464,      12.703,      30.000
 482500         ,      33.708,      26.905,       1.934,      15.079,      30.697
 483000         ,      31.188,      27.495,       2.073,      17.085,      30.252
 483500         ,      31.824,      26.963,       2.550,      15.806,      28.842
 484000         ,      33.386,      26.771,       2.155,      14.794,      29.581
 484500         ,      30.462,      25.216,       1.732,      13.634,      29.090
 485000         ,      32.902,      26.563,       1.985,      16.262,      30.043
 485500         ,      32.714,      26.160,       1.870,      14.464,      29.890
 486000         ,      32.892,      25.283,       1.840,      14.499,      30.057
 486500         ,      31.340,      26.320,       2.569,      15.755,      29.007
 487000         ,      32.306,      25.645,       2.197,      14.290,      29.847
 487500         ,      30.033,      24.181,       1.957,      14.385,      27.299
 488000         ,      33.188,      27.748,       2.351,      16.119,      30.703
 488500         ,      32.076,      26.769,       2.007,      16.035,      31.230
 489000         ,      32.000,      27.167,       1.670,      15.412,      30.143
 489500         ,      32.457,      26.966,       1.362,      15.952,      31.548
 490000         ,      29.771,      27.376,       2.031,      14.808,      29.582
 490500         ,      32.700,      28.059,       2.343,      16.510,      32.476
 491000         ,      31.299,      28.320,       2.229,      16.777,      30.893
 491500         ,      33.085,      27.440,       2.304,      15.314,      30.204
 492000         ,      32.432,      28.366,       1.841,      16.990,      32.157
 492500         ,      32.755,      26.382,       2.567,      15.069,      30.477
 493000         ,      32.261,      26.665,       1.963,      14.575,      30.973
 493500         ,      32.535,      28.587,       1.837,      16.296,      31.335
 494000         ,      31.962,      27.541,       2.629,      14.860,      29.831
 494500         ,      32.191,      25.843,       1.518,      12.524,      29.417
 495000         ,      31.604,      27.342,       1.844,      15.274,      30.609
 495500         ,      32.024,      26.708,       2.056,      15.137,      31.379
 496000         ,      32.429,      27.548,       1.740,      15.532,      30.434
 496500         ,      33.268,      27.698,       1.565,      15.324,      31.051
 497000         ,      33.609,      26.478,       2.020,      14.825,      30.445
 497500         ,      32.441,      27.763,       1.842,      15.816,      30.339
 498000         ,      32.434,      26.495,       1.463,      14.805,      31.077
 498500         ,      33.190,      27.066,       1.843,      15.266,      32.103
 499000         ,      33.739,      26.903,       1.600,      15.286,      31.504
 499500         ,      33.124,      25.841,       1.496,      14.551,      30.133
 500000         ,      32.196,      25.394,       2.190,      13.756,      29.695
