--------------------------------------------------------------------------------
S H A P E   v2.1         Continuous Shape Measures calculation
(c) 2013  Electronic Structure Group, Universitat de Barcelona
                   Contact:  llunell@ub.edu                   
--------------------------------------------------------------------------------

coordination ZF1 

SP-4            1 D4h   Square                                             
T-4             2 Td    Tetrahedron                                        
SS-4            3 C2v   Seesaw                                             
vTBPY-4         4 C3v   Vacant trigonal bipyramid                          

Structure [ML4 ]         SP-4          T-4         SS-4      vTBPY-4
 0              ,      29.793,       0.552,       8.427,       2.844
 1000           ,      31.031,       0.797,       8.622,       2.369
 2000           ,      24.736,       1.505,       6.972,       3.630
 3000           ,      32.066,       0.293,       8.243,       2.422
 4000           ,      30.717,       0.908,       7.684,       2.309
 5000           ,      32.304,       0.238,       8.336,       2.551
 6000           ,      30.332,       0.244,       8.160,       3.475
 7000           ,      29.479,       0.861,       7.753,       2.686
 8000           ,      32.361,       0.381,       8.397,       1.982
 9000           ,      28.395,       0.546,       7.160,       3.052
 10000          ,      32.002,       0.234,       8.820,       2.583
 11000          ,      24.470,       1.476,       5.318,       2.705
 12000          ,      31.079,       0.642,       8.136,       2.014
 13000          ,      31.116,       0.258,       8.341,       2.522
 14000          ,      31.157,       0.626,       7.552,       2.647
 15000          ,      27.438,       0.790,       6.496,       2.739
 16000          ,      31.213,       0.269,       8.593,       2.850
 17000          ,      30.670,       0.425,       8.065,       2.440
 18000          ,      32.552,       0.339,       8.965,       2.216
 19000          ,      32.139,       0.109,       9.025,       2.973
 20000          ,      30.394,       0.870,       7.769,       2.437
 21000          ,      31.652,       0.534,       8.189,       2.104
 22000          ,      30.652,       0.316,       8.065,       2.866
 23000          ,      29.857,       0.457,       8.434,       3.069
 24000          ,      30.714,       0.690,       7.686,       2.013
 25000          ,      27.472,       0.909,       5.808,       2.530
 26000          ,      29.847,       0.466,       8.547,       3.369
 27000          ,      30.958,       0.817,       6.453,       1.846
 28000          ,      26.960,       1.058,       6.940,       2.500
 29000          ,      27.668,       0.876,       7.756,       2.803
 30000          ,      29.288,       0.725,       7.901,       3.088
 31000          ,      31.426,       0.270,       8.747,       2.686
 32000          ,      31.314,       0.183,       8.952,       2.919
 33000          ,      26.980,       0.655,       6.271,       3.121
 34000          ,      29.465,       0.532,       8.127,       3.188
 35000          ,      29.395,       0.544,       8.345,       3.026
 36000          ,      32.041,       0.250,       7.930,       2.428
 37000          ,      31.377,       0.513,       8.108,       3.066
 38000          ,      30.357,       0.715,       7.903,       3.074
 39000          ,      30.413,       0.803,       7.509,       1.886
 40000          ,      31.206,       0.439,       6.939,       2.524
 41000          ,      29.920,       0.639,       8.274,       2.932
 42000          ,      30.771,       0.397,       7.985,       2.752
 43000          ,      33.095,       0.447,       8.438,       1.796
 44000          ,      31.552,       0.108,       8.406,       2.918
 45000          ,      30.156,       0.567,       7.217,       2.217
 46000          ,      30.255,       0.500,       7.651,       2.524
 47000          ,      33.189,       0.154,       8.873,       2.437
 48000          ,      32.132,       0.327,       9.098,       2.746
 49000          ,      32.380,       0.130,       8.793,       3.142
 50000          ,      28.715,       0.490,       7.851,       2.628
 51000          ,      27.941,       0.639,       7.171,       2.799
 52000          ,      32.190,       0.212,       9.193,       2.947
 53000          ,      31.297,       0.308,       8.046,       2.398
 54000          ,      24.773,       1.336,       5.132,       3.341
 55000          ,      30.404,       0.246,       8.065,       2.619
 56000          ,      25.612,       0.922,       6.737,       4.157
 57000          ,      31.932,       0.696,       8.521,       2.832
 58000          ,      31.928,       0.435,       7.858,       2.233
 59000          ,      31.715,       0.393,       7.502,       3.028
 60000          ,      30.852,       0.478,       7.141,       2.463
 61000          ,      29.798,       0.577,       6.778,       2.579
 62000          ,      31.608,       0.214,       8.834,       2.877
 63000          ,      29.526,       0.570,       6.415,       2.768
 64000          ,      31.841,       0.358,       7.616,       2.749
 65000          ,      31.171,       0.432,       7.081,       2.749
 66000          ,      31.612,       0.384,       7.576,       2.623
 67000          ,      28.076,       0.475,       7.010,       3.426
 68000          ,      31.017,       0.330,       8.852,       2.779
 69000          ,      27.448,       0.533,       6.894,       3.174
 70000          ,      29.279,       0.600,       7.440,       2.342
 71000          ,      28.780,       0.558,       6.947,       3.231
 72000          ,      29.694,       0.296,       8.070,       2.912
 73000          ,      29.809,       0.636,       6.418,       2.263
 74000          ,      29.336,       0.687,       8.279,       2.825
 75000          ,      29.763,       0.445,       8.493,       2.516
 76000          ,      30.381,       0.474,       8.388,       3.039
 77000          ,      28.839,       0.551,       7.359,       2.243
 78000          ,      28.255,       0.393,       7.669,       3.443
 79000          ,      29.435,       0.325,       7.573,       2.951
 80000          ,      28.518,       0.437,       7.250,       3.157
 81000          ,      32.311,       0.249,       8.690,       3.029
 82000          ,      27.773,       1.309,       7.495,       2.651
 83000          ,      31.325,       0.252,       8.297,       2.372
 84000          ,      33.035,       0.360,       8.427,       2.001
 85000          ,      31.512,       0.353,       8.295,       2.477
 86000          ,      30.018,       0.340,       7.401,       2.812
 87000          ,      27.802,       0.927,       7.227,       3.311
 88000          ,      25.636,       1.082,       6.665,       4.220
 89000          ,      31.200,       0.502,       7.877,       2.267
 90000          ,      32.048,       0.282,       8.422,       2.705
 91000          ,      29.845,       0.646,       8.329,       3.361
 92000          ,      29.936,       0.699,       7.501,       2.069
 93000          ,      32.691,       0.152,       9.313,       3.299
 94000          ,      32.539,       0.446,       8.812,       2.017
 95000          ,      32.702,       0.219,       8.868,       2.708
 96000          ,      31.038,       0.653,       8.251,       2.685
 97000          ,      32.774,       0.274,       8.135,       2.382
 98000          ,      31.066,       0.275,       8.622,       2.793
 99000          ,      29.713,       0.610,       6.917,       2.395
 100000         ,      32.269,       0.939,       8.283,       1.099
 101000         ,      25.834,       1.915,       3.985,       1.909
 102000         ,      30.920,       0.668,       7.214,       2.070
 103000         ,      30.993,       0.400,       8.939,       2.758
 104000         ,      29.600,       0.527,       8.487,       2.830
 105000         ,      29.849,       1.104,       6.975,       2.798
 106000         ,      31.642,       0.465,       7.862,       2.567
 107000         ,      30.536,       0.881,       7.591,       2.259
 108000         ,      30.301,       0.606,       8.402,       3.287
 109000         ,      31.211,       0.369,       8.356,       2.787
 110000         ,      31.775,       0.383,       8.182,       2.336
 111000         ,      31.272,       0.549,       7.744,       1.846
 112000         ,      27.859,       0.625,       6.175,       2.816
 113000         ,      28.525,       0.777,       6.743,       3.417
 114000         ,      30.975,       0.240,       7.414,       2.939
 115000         ,      32.165,       1.004,       7.218,       1.249
 116000         ,      26.008,       0.993,       6.088,       3.145
 117000         ,      32.620,       0.363,       8.135,       2.417
 118000         ,      27.046,       0.820,       5.776,       2.971
 119000         ,      32.116,       0.313,       8.531,       3.019
 120000         ,      26.200,       0.790,       7.183,       3.391
 121000         ,      31.953,       0.287,       8.270,       2.532
 122000         ,      32.216,       0.247,       8.647,       2.478
 123000         ,      28.546,       0.636,       7.051,       2.337
 124000         ,      32.233,       0.226,       8.640,       3.023
 125000         ,      33.224,       0.281,       8.415,       2.798
 126000         ,      31.355,       0.487,       7.940,       1.853
 127000         ,      31.774,       0.741,       7.005,       1.624
 128000         ,      31.334,       1.170,       7.139,       0.958
 129000         ,      32.782,       0.495,       7.932,       2.781
 130000         ,      31.328,       0.296,       7.774,       2.794
 131000         ,      29.763,       0.512,       7.460,       2.392
 132000         ,      28.989,       0.819,       7.548,       1.896
 133000         ,      29.096,       1.293,       5.093,       2.151
 134000         ,      32.023,       0.724,       8.606,       1.476
 135000         ,      31.149,       0.494,       8.023,       2.048
 136000         ,      26.742,       0.677,       7.184,       3.416
 137000         ,      28.806,       0.525,       7.722,       2.889
 138000         ,      27.171,       1.599,       6.068,       2.331
 139000         ,      32.442,       0.182,       8.728,       2.774
 140000         ,      31.003,       0.169,       7.762,       2.906
 141000         ,      25.904,       1.264,       4.781,       3.163
 142000         ,      32.743,       0.428,       8.359,       2.361
 143000         ,      31.811,       0.321,       8.441,       2.459
 144000         ,      32.358,       0.136,       9.138,       3.167
 145000         ,      28.751,       0.367,       7.609,       3.340
 146000         ,      29.055,       0.982,       7.794,       3.552
 147000         ,      31.943,       0.374,       8.479,       2.536
 148000         ,      32.591,       0.454,       8.800,       2.375
 149000         ,      31.964,       0.077,       8.930,       3.270
 150000         ,      31.983,       0.061,       9.208,       3.296
 151000         ,      31.750,       0.291,       8.726,       2.187
 152000         ,      31.675,       0.595,       7.515,       1.893
 153000         ,      28.921,       0.520,       7.185,       2.720
 154000         ,      31.003,       0.832,       8.046,       2.430
 155000         ,      31.080,       0.425,       8.337,       2.197
 156000         ,      31.324,       0.760,       7.299,       1.561
 157000         ,      29.242,       0.601,       7.835,       2.239
 158000         ,      31.339,       0.521,       6.867,       2.820
 159000         ,      30.565,       0.560,       7.101,       3.039
 160000         ,      31.026,       0.578,       7.884,       2.411
 161000         ,      30.398,       0.587,       6.625,       1.941
 162000         ,      32.248,       0.301,       8.230,       2.256
 163000         ,      32.383,       0.349,       8.416,       2.059
 164000         ,      29.897,       0.461,       6.982,       2.689
 165000         ,      30.078,       0.661,       7.859,       2.357
 166000         ,      27.408,       0.857,       6.508,       2.451
 167000         ,      29.252,       0.805,       7.173,       2.008
 168000         ,      30.170,       0.702,       7.328,       2.402
 169000         ,      30.218,       0.854,       7.460,       1.869
 170000         ,      29.698,       0.848,       6.424,       1.693
 171000         ,      26.989,       0.752,       6.927,       3.361
 172000         ,      32.036,       0.368,       7.644,       2.762
 173000         ,      32.113,       0.515,       7.533,       1.988
 174000         ,      30.351,       0.524,       6.840,       2.497
 175000         ,      32.163,       0.270,       7.842,       2.409
 176000         ,      30.074,       0.369,       8.563,       2.634
 177000         ,      32.137,       0.613,       7.943,       1.506
 178000         ,      31.287,       0.503,       7.546,       1.926
 179000         ,      30.890,       0.495,       7.085,       2.779
 180000         ,      31.237,       0.490,       7.653,       2.089
 181000         ,      32.197,       0.782,       7.137,       2.182
 182000         ,      30.738,       0.536,       8.207,       2.042
 183000         ,      31.435,       0.747,       6.711,       1.562
 184000         ,      30.027,       0.447,       7.334,       2.468
 185000         ,      32.767,       0.266,       8.058,       2.713
 186000         ,      31.377,       0.183,       8.239,       2.996
 187000         ,      32.408,       0.632,       8.308,       1.564
 188000         ,      32.794,       0.887,       6.858,       1.702
 189000         ,      28.795,       0.927,       6.991,       2.186
 190000         ,      29.933,       0.485,       8.110,       2.354
 191000         ,      29.584,       0.429,       7.445,       3.018
 192000         ,      31.944,       0.210,       8.172,       3.034
 193000         ,      31.076,       0.324,       7.275,       3.011
 194000         ,      28.064,       0.697,       7.742,       3.238
 195000         ,      30.332,       0.270,       7.812,       2.527
 196000         ,      30.523,       0.256,       7.785,       2.654
 197000         ,      30.871,       0.417,       7.876,       2.435
 198000         ,      32.574,       0.564,       7.599,       1.773
 199000         ,      26.124,       1.051,       6.112,       3.944
 200000         ,      31.174,       0.391,       7.832,       2.835
 201000         ,      30.744,       0.298,       8.645,       3.398
 202000         ,      31.664,       0.924,       6.770,       1.380
 203000         ,      31.843,       0.253,       8.772,       2.960
 204000         ,      32.682,       0.106,       8.673,       3.027
 205000         ,      30.035,       0.692,       6.379,       2.718
 206000         ,      30.631,       0.505,       7.541,       2.843
 207000         ,      30.305,       0.728,       7.537,       1.930
 208000         ,      32.632,       0.730,       6.897,       2.089
 209000         ,      32.137,       0.301,       8.892,       2.919
 210000         ,      28.218,       0.531,       7.122,       3.262
 211000         ,      30.645,       0.765,       7.641,       1.915
 212000         ,      30.319,       0.513,       8.335,       2.171
 213000         ,      32.284,       0.120,       8.955,       2.826
 214000         ,      28.342,       0.626,       7.585,       2.495
 215000         ,      31.822,       0.341,       8.086,       2.371
 216000         ,      25.015,       1.263,       5.825,       2.940
 217000         ,      29.501,       0.530,       8.259,       3.106
 218000         ,      29.784,       0.603,       7.784,       2.713
 219000         ,      31.728,       0.382,       8.928,       2.788
 220000         ,      31.198,       0.474,       8.313,       2.324
 221000         ,      32.025,       0.259,       8.436,       2.622
 222000         ,      28.680,       0.438,       7.011,       2.878
 223000         ,      33.112,       0.292,       8.846,       2.383
 224000         ,      27.692,       0.856,       6.171,       3.428
 225000         ,      30.407,       0.537,       8.430,       2.881
 226000         ,      32.868,       0.523,       7.849,       1.762
 227000         ,      28.256,       0.697,       6.559,       3.123
 228000         ,      31.697,       0.259,       8.093,       2.929
 229000         ,      30.461,       0.419,       8.207,       2.429
 230000         ,      30.183,       0.793,       8.015,       2.795
 231000         ,      31.445,       0.209,       7.917,       3.032
 232000         ,      26.160,       0.757,       6.751,       3.830
 233000         ,      32.503,       0.173,       9.118,       3.138
 234000         ,      30.264,       1.056,       7.414,       1.569
 235000         ,      28.977,       0.423,       7.817,       2.640
 236000         ,      29.969,       0.611,       8.137,       2.722
 237000         ,      32.737,       0.686,       7.819,       1.585
 238000         ,      31.577,       0.286,       8.381,       2.615
 239000         ,      29.545,       0.522,       8.159,       3.318
 240000         ,      31.581,       1.100,       6.970,       2.250
 241000         ,      29.351,       0.309,       7.441,       3.345
 242000         ,      29.823,       0.600,       7.017,       2.756
 243000         ,      33.164,       0.336,       8.431,       2.002
 244000         ,      31.324,       0.238,       8.490,       3.081
 245000         ,      30.908,       0.240,       8.906,       2.814
 246000         ,      28.986,       0.446,       7.087,       3.195
 247000         ,      31.686,       0.601,       7.813,       2.987
 248000         ,      27.008,       0.831,       6.987,       2.856
 249000         ,      32.043,       0.073,       9.020,       3.223
 250000         ,      29.908,       0.994,       6.469,       1.977
 251000         ,      33.081,       0.448,       7.880,       1.854
 252000         ,      32.191,       0.362,       8.098,       2.442
 253000         ,      29.913,       0.284,       7.919,       3.155
 254000         ,      31.158,       0.781,       7.764,       1.482
 255000         ,      31.456,       0.128,       8.806,       3.104
 256000         ,      27.605,       0.948,       6.280,       2.947
 257000         ,      27.756,       1.234,       7.416,       3.138
 258000         ,      31.378,       0.360,       8.363,       2.922
 259000         ,      33.046,       0.103,       9.158,       3.318
 260000         ,      32.990,       0.519,       8.214,       1.544
 261000         ,      31.926,       0.516,       7.363,       2.336
 262000         ,      32.643,       0.701,       7.982,       1.826
 263000         ,      29.578,       0.236,       8.043,       3.501
 264000         ,      29.552,       0.553,       7.829,       2.506
 265000         ,      26.163,       0.976,       5.835,       3.686
 266000         ,      28.016,       0.728,       7.846,       3.337
 267000         ,      28.048,       0.590,       6.631,       3.280
 268000         ,      32.032,       0.308,       7.955,       2.339
 269000         ,      27.622,       0.968,       6.672,       2.112
 270000         ,      30.056,       1.100,       7.343,       1.144
 271000         ,      31.560,       0.200,       8.324,       3.292
 272000         ,      32.856,       0.331,       7.740,       2.557
 273000         ,      29.579,       0.630,       8.223,       2.187
 274000         ,      33.410,       0.737,       7.735,       1.911
 275000         ,      30.390,       0.599,       8.040,       2.693
 276000         ,      28.493,       0.431,       7.310,       3.042
 277000         ,      30.579,       0.403,       8.314,       2.937
 278000         ,      30.942,       0.401,       8.596,       2.461
 279000         ,      28.932,       0.807,       6.935,       2.165
 280000         ,      30.630,       0.377,       7.608,       2.113
 281000         ,      30.143,       0.629,       7.872,       1.984
 282000         ,      29.546,       0.379,       7.592,       3.362
 283000         ,      27.551,       0.636,       6.275,       3.170
 284000         ,      27.763,       1.010,       6.736,       1.926
 285000         ,      31.824,       0.623,       8.324,       1.891
 286000         ,      30.557,       0.612,       7.838,       2.298
 287000         ,      32.078,       0.613,       8.056,       1.696
 288000         ,      30.298,       0.504,       8.015,       3.463
 289000         ,      29.714,       0.579,       6.818,       2.790
 290000         ,      31.555,       0.292,       7.831,       2.973
 291000         ,      27.366,       0.634,       7.571,       3.404
 292000         ,      31.831,       0.133,       9.153,       3.228
 293000         ,      27.464,       0.941,       7.743,       3.219
 294000         ,      28.984,       0.917,       6.696,       1.870
 295000         ,      32.157,       0.802,       7.580,       1.649
 296000         ,      25.719,       1.093,       6.847,       3.983
 297000         ,      31.297,       0.547,       7.097,       2.648
 298000         ,      29.304,       0.298,       7.824,       3.424
 299000         ,      30.869,       0.349,       7.324,       2.490
 300000         ,      31.550,       0.386,       8.796,       2.882
 301000         ,      30.019,       0.448,       7.047,       2.992
 302000         ,      26.319,       1.246,       4.879,       3.139
 303000         ,      30.334,       0.579,       7.477,       2.975
 304000         ,      33.189,       0.070,       8.916,       2.961
 305000         ,      31.670,       0.322,       8.291,       2.230
 306000         ,      30.508,       0.366,       7.962,       2.293
 307000         ,      31.802,       0.300,       8.294,       2.684
 308000         ,      28.451,       0.539,       7.695,       3.116
 309000         ,      28.180,       0.502,       6.985,       2.891
 310000         ,      27.090,       0.977,       5.563,       2.478
 311000         ,      28.364,       0.779,       7.255,       3.449
 312000         ,      26.591,       1.548,       7.425,       2.853
 313000         ,      31.080,       1.548,       6.906,       0.953
 314000         ,      29.748,       0.971,       5.920,       2.090
 315000         ,      32.107,       0.506,       7.607,       2.110
 316000         ,      29.337,       0.469,       6.854,       2.876
 317000         ,      32.207,       0.141,       9.077,       3.007
 318000         ,      30.468,       0.708,       6.863,       2.480
 319000         ,      31.344,       0.857,       7.328,       1.682
 320000         ,      26.886,       0.643,       7.242,       3.480
 321000         ,      30.619,       0.434,       8.165,       2.177
 322000         ,      32.564,       0.220,       8.982,       2.760
 323000         ,      30.103,       0.440,       7.123,       3.215
 324000         ,      32.206,       0.479,       7.607,       1.787
 325000         ,      30.178,       0.633,       7.428,       2.054
 326000         ,      27.394,       0.585,       7.503,       3.744
 327000         ,      32.760,       0.402,       8.371,       2.098
 328000         ,      31.056,       0.385,       9.033,       2.492
 329000         ,      31.897,       0.511,       7.957,       2.996
 330000         ,      32.507,       0.365,       8.068,       1.869
 331000         ,      32.195,       0.432,       8.537,       1.924
 332000         ,      26.460,       1.275,       5.346,       1.951
 333000         ,      26.196,       1.064,       5.728,       2.757
 334000         ,      31.738,       0.469,       7.793,       2.127
 335000         ,      29.663,       1.032,       7.123,       1.725
 336000         ,      31.370,       0.498,       7.393,       2.038
 337000         ,      31.360,       0.509,       8.254,       1.830
 338000         ,      29.282,       0.346,       7.418,       2.732
 339000         ,      32.531,       0.100,       8.806,       2.969
 340000         ,      26.643,       0.752,       6.268,       3.012
 341000         ,      32.029,       0.317,       8.180,       2.389
 342000         ,      26.357,       0.929,       6.750,       3.345
 343000         ,      30.408,       0.705,       7.375,       2.567
 344000         ,      27.213,       0.523,       7.295,       3.621
 345000         ,      29.178,       1.181,       6.979,       1.449
 346000         ,      28.629,       0.664,       8.134,       2.886
 347000         ,      28.979,       0.700,       7.089,       2.530
 348000         ,      31.394,       0.234,       8.594,       3.049
 349000         ,      29.874,       0.532,       8.546,       2.666
 350000         ,      30.150,       0.371,       8.387,       3.077
 351000         ,      30.670,       0.453,       7.903,       2.928
 352000         ,      29.030,       0.356,       6.984,       3.067
 353000         ,      29.533,       0.790,       6.365,       2.295
 354000         ,      29.511,       0.732,       8.305,       2.568
 355000         ,      32.153,       0.420,       7.268,       2.623
 356000         ,      30.952,       0.554,       7.494,       2.420
 357000         ,      27.755,       0.919,       7.226,       2.949
 358000         ,      32.034,       0.514,       8.193,       2.825
 359000         ,      30.615,       0.652,       7.276,       2.178
 360000         ,      28.640,       0.994,       6.636,       3.031
 361000         ,      30.109,       0.960,       6.589,       1.496
 362000         ,      32.517,       0.309,       8.966,       2.612
 363000         ,      32.191,       0.106,       8.603,       3.074
 364000         ,      29.437,       0.587,       7.663,       2.977
 365000         ,      31.343,       0.114,       8.592,       3.010
 366000         ,      30.884,       0.487,       8.634,       2.525
 367000         ,      27.904,       0.596,       6.795,       2.512
 368000         ,      30.306,       0.248,       7.589,       2.612
 369000         ,      28.360,       0.542,       7.585,       3.374
 370000         ,      29.921,       0.491,       7.204,       3.242
 371000         ,      32.485,       0.147,       8.853,       2.597
 372000         ,      29.821,       1.086,       7.801,       3.261
 373000         ,      32.053,       0.267,       7.860,       2.817
 374000         ,      28.340,       0.378,       7.873,       3.528
 375000         ,      32.036,       0.369,       8.655,       2.164
 376000         ,      31.832,       0.473,       7.721,       1.796
 377000         ,      31.556,       0.788,       8.653,       1.642
 378000         ,      32.094,       0.799,       6.433,       2.536
 379000         ,      31.895,       0.570,       7.073,       2.651
 380000         ,      25.287,       1.062,       7.000,       3.473
 381000         ,      31.533,       0.494,       6.984,       2.340
 382000         ,      30.658,       0.506,       7.109,       2.591
 383000         ,      31.870,       0.660,       8.056,       1.645
 384000         ,      31.945,       0.458,       8.476,       2.088
 385000         ,      31.634,       0.168,       8.425,       2.607
 386000         ,      28.761,       0.538,       6.311,       3.096
 387000         ,      26.490,       0.938,       6.066,       2.804
 388000         ,      30.951,       1.322,       7.717,       1.071
 389000         ,      32.437,       1.187,       6.980,       1.224
 390000         ,      28.136,       0.971,       5.867,       2.163
 391000         ,      30.645,       0.443,       7.648,       2.525
 392000         ,      25.013,       1.186,       6.088,       3.820
 393000         ,      29.216,       0.486,       6.695,       2.864
 394000         ,      31.337,       0.208,       8.456,       3.009
 395000         ,      31.144,       0.463,       7.370,       2.188
 396000         ,      31.642,       0.207,       8.079,       3.064
 397000         ,      32.010,       0.203,       8.951,       2.876
 398000         ,      32.896,       0.324,       7.957,       2.015
 399000         ,      30.645,       0.829,       7.386,       1.836
 400000         ,      31.921,       0.340,       8.511,       3.304
 401000         ,      32.487,       0.482,       8.634,       1.678
 402000         ,      29.258,       0.444,       7.636,       2.775
 403000         ,      32.539,       0.580,       7.601,       2.432
 404000         ,      32.139,       0.193,       8.665,       3.127
 405000         ,      31.361,       0.231,       7.824,       2.539
 406000         ,      31.770,       0.188,       8.994,       3.016
 407000         ,      31.743,       0.138,       8.702,       2.989
 408000         ,      30.957,       0.518,       7.977,       2.365
 409000         ,      30.246,       0.337,       8.191,       2.714
 410000         ,      29.680,       0.392,       8.227,       2.872
 411000         ,      26.690,       1.219,       7.219,       2.724
 412000         ,      31.790,       0.160,       8.727,       2.765
 413000         ,      32.281,       0.167,       8.271,       2.905
 414000         ,      31.460,       0.356,       7.665,       2.439
 415000         ,      29.579,       0.438,       6.911,       2.856
 416000         ,      29.382,       0.597,       6.323,       2.518
 417000         ,      27.775,       0.876,       5.798,       2.737
 418000         ,      28.709,       0.519,       8.073,       3.394
 419000         ,      27.719,       0.749,       6.106,       2.499
 420000         ,      31.780,       0.463,       8.371,       2.439
 421000         ,      30.408,       0.763,       8.286,       2.193
 422000         ,      28.859,       1.464,       5.046,       1.795
 423000         ,      28.231,       0.576,       7.538,       3.292
 424000         ,      30.402,       0.551,       8.291,       3.133
 425000         ,      28.736,       0.423,       7.992,       3.291
 426000         ,      29.823,       0.658,       8.076,       3.032
 427000         ,      31.730,       0.544,       7.003,       2.412
 428000         ,      31.071,       1.083,       8.083,       1.232
 429000         ,      31.036,       0.450,       8.061,       1.984
 430000         ,      31.664,       0.530,       8.282,       2.857
 431000         ,      30.732,       0.312,       7.755,       3.005
 432000         ,      30.191,       0.467,       7.915,       2.268
 433000         ,      30.737,       0.644,       7.152,       2.474
 434000         ,      29.549,       0.580,       7.647,       2.282
 435000         ,      29.309,       0.385,       7.019,       2.841
 436000         ,      31.876,       0.415,       8.104,       2.084
 437000         ,      30.157,       0.642,       6.796,       2.524
 438000         ,      26.553,       0.675,       7.228,       3.777
 439000         ,      32.469,       0.226,       8.689,       2.839
 440000         ,      31.637,       0.508,       8.192,       2.039
 441000         ,      32.724,       0.372,       8.867,       2.493
 442000         ,      27.453,       0.830,       7.209,       3.538
 443000         ,      28.147,       0.875,       5.739,       2.564
 444000         ,      32.859,       0.384,       8.707,       2.424
 445000         ,      30.471,       1.093,       6.771,       1.803
 446000         ,      31.140,       0.666,       8.506,       2.168
 447000         ,      31.652,       0.375,       7.155,       2.538
 448000         ,      29.765,       0.616,       8.491,       3.324
 449000         ,      29.134,       1.763,       5.995,       2.676
 450000         ,      28.324,       0.541,       6.808,       2.748
 451000         ,      29.672,       0.211,       7.789,       3.427
 452000         ,      29.708,       0.372,       7.865,       3.165
 453000         ,      27.513,       0.916,       6.895,       2.968
 454000         ,      30.836,       0.279,       8.262,       2.935
 455000         ,      28.859,       0.513,       8.063,       2.722
 456000         ,      32.078,       0.743,       7.538,       1.286
 457000         ,      28.682,       0.366,       7.678,       3.308
 458000         ,      25.994,       0.956,       5.982,       3.125
 459000         ,      31.812,       0.480,       7.822,       1.980
 460000         ,      30.308,       0.429,       8.339,       2.294
 461000         ,      30.365,       0.949,       6.823,       1.465
 462000         ,      32.462,       0.166,       8.436,       3.164
 463000         ,      30.195,       0.294,       8.222,       3.298
 464000         ,      31.087,       0.392,       8.237,       2.365
 465000         ,      31.822,       0.435,       7.546,       2.616
 466000         ,      30.653,       0.742,       7.574,       2.603
 467000         ,      32.758,       0.445,       7.401,       2.281
 468000         ,      31.719,       0.491,       7.541,       2.029
 469000         ,      30.869,       0.512,       7.123,       1.837
 470000         ,      32.565,       0.310,       8.287,       2.003
 471000         ,      29.701,       0.916,       7.270,       2.256
 472000         ,      31.540,       0.257,       8.329,       2.794
 473000         ,      32.233,       0.159,       8.891,       2.688
 474000         ,      31.274,       0.230,       8.120,       3.105
 475000         ,      31.189,       0.246,       8.345,       3.473
 476000         ,      28.111,       0.927,       6.619,       2.114
 477000         ,      28.357,       0.718,       8.043,       3.251
 478000         ,      30.477,       0.374,       8.074,       2.462
 479000         ,      32.184,       0.248,       8.156,       2.566
 480000         ,      31.584,       0.229,       8.679,       2.613
 481000         ,      32.864,       0.500,       7.649,       2.002
 482000         ,      31.066,       0.508,       8.567,       2.188
 483000         ,      32.199,       0.238,       8.246,       2.480
 484000         ,      31.649,       0.120,       8.286,       2.828
 485000         ,      26.406,       0.920,       5.984,       3.055
 486000         ,      22.959,       2.304,       4.590,       2.769
 487000         ,      31.573,       0.454,       8.231,       1.991
 488000         ,      31.886,       0.513,       7.757,       2.479
 489000         ,      31.966,       0.301,       7.978,       2.270
 490000         ,      30.123,       0.531,       8.270,       2.631
 491000         ,      31.889,       0.386,       8.685,       2.112
 492000         ,      28.974,       2.422,       4.820,       1.231
 493000         ,      30.421,       0.684,       7.466,       1.922
 494000         ,      28.460,       0.544,       7.811,       2.985
 495000         ,      31.489,       0.539,       8.401,       2.852
 496000         ,      30.681,       1.273,       7.031,       1.523
 497000         ,      28.699,       1.085,       6.222,       1.460
 498000         ,      29.970,       1.061,       5.762,       2.395
 499000         ,      28.882,       0.563,       8.071,       2.944
 500000         ,      32.493,       0.113,       8.843,       3.136
 501000         ,      28.614,       0.572,       7.363,       2.905
 502000         ,      31.824,       0.723,       7.881,       1.490
 503000         ,      32.823,       0.316,       8.189,       2.806
 504000         ,      28.445,       0.600,       7.688,       3.340
 505000         ,      31.054,       0.315,       7.771,       2.435
 506000         ,      29.747,       0.650,       7.635,       2.199
 507000         ,      30.932,       0.167,       8.388,       2.989
 508000         ,      32.668,       0.242,       8.663,       2.420
 509000         ,      29.789,       0.368,       7.258,       2.666
 510000         ,      31.136,       0.471,       7.180,       2.923
 511000         ,      30.927,       0.279,       8.510,       3.314
 512000         ,      32.244,       0.511,       8.829,       1.955
 513000         ,      31.508,       0.346,       7.400,       2.194
 514000         ,      28.763,       0.489,       6.689,       2.742
 515000         ,      28.200,       0.522,       7.922,       3.037
 516000         ,      28.798,       0.619,       7.983,       2.473
 517000         ,      32.788,       0.365,       8.358,       2.676
 518000         ,      28.724,       0.404,       7.984,       3.181
 519000         ,      27.938,       0.730,       5.946,       2.724
 520000         ,      32.619,       0.315,       8.188,       2.213
 521000         ,      31.907,       0.884,       6.914,       1.560
 522000         ,      28.590,       0.391,       7.304,       2.967
 523000         ,      31.011,       0.140,       8.291,       3.235
 524000         ,      30.301,       0.808,       7.539,       1.945
 525000         ,      27.152,       0.842,       7.649,       3.191
 526000         ,      31.946,       0.430,       7.080,       2.698
 527000         ,      32.223,       0.212,       8.654,       2.692
 528000         ,      29.841,       0.833,       6.645,       2.116
 529000         ,      32.060,       0.563,       7.932,       1.569
 530000         ,      29.974,       0.366,       7.596,       2.422
 531000         ,      32.015,       0.372,       8.564,       2.247
 532000         ,      31.906,       0.371,       8.986,       2.852
 533000         ,      32.339,       0.665,       7.802,       2.375
 534000         ,      28.244,       0.606,       6.649,       2.931
 535000         ,      32.022,       0.311,       8.583,       2.648
 536000         ,      31.973,       0.191,       8.682,       2.870
 537000         ,      31.003,       0.249,       8.648,       3.042
 538000         ,      31.736,       0.586,       7.274,       1.795
 539000         ,      31.554,       0.397,       7.819,       2.429
 540000         ,      29.506,       0.762,       8.270,       2.834
 541000         ,      27.788,       0.608,       7.520,       3.192
 542000         ,      33.079,       0.681,       8.300,       1.352
 543000         ,      31.812,       0.351,       9.310,       2.799
 544000         ,      27.754,       0.840,       5.558,       2.409
 545000         ,      30.612,       0.420,       7.293,       2.853
 546000         ,      30.151,       0.868,       7.519,       2.236
 547000         ,      29.677,       0.356,       7.796,       3.110
 548000         ,      31.366,       0.342,       7.749,       2.055
 549000         ,      32.118,       0.297,       8.215,       2.828
 550000         ,      32.222,       0.571,       7.952,       2.005
 551000         ,      31.658,       0.504,       8.427,       2.661
 552000         ,      30.997,       0.745,       6.534,       1.938
 553000         ,      28.957,       0.876,       7.016,       2.096
 554000         ,      32.475,       0.533,       8.072,       1.855
 555000         ,      29.912,       0.537,       8.068,       2.794
 556000         ,      27.723,       0.705,       7.178,       3.302
 557000         ,      30.617,       0.747,       6.421,       2.508
 558000         ,      31.767,       0.613,       6.952,       2.352
 559000         ,      28.396,       0.653,       7.768,       3.190
 560000         ,      31.130,       0.333,       7.902,       2.943
 561000         ,      30.158,       0.852,       7.527,       2.961
 562000         ,      33.026,       0.221,       8.610,       2.581
 563000         ,      31.981,       0.395,       9.107,       2.618
 564000         ,      32.210,       0.330,       8.027,       2.253
 565000         ,      32.396,       0.132,       9.385,       3.179
 566000         ,      29.030,       0.923,       7.975,       2.281
 567000         ,      29.980,       0.729,       7.033,       2.696
 568000         ,      28.609,       1.603,       6.361,       1.683
 569000         ,      29.486,       0.595,       7.884,       2.339
 570000         ,      30.989,       0.536,       8.073,       2.190
 571000         ,      26.943,       0.607,       7.327,       3.653
 572000         ,      31.207,       0.467,       7.840,       2.076
 573000         ,      29.643,       0.806,       8.077,       2.074
 574000         ,      30.787,       0.427,       7.811,       1.973
 575000         ,      31.730,       0.356,       7.465,       2.045
 576000         ,      30.974,       0.275,       8.310,       2.478
 577000         ,      32.776,       0.497,       7.682,       2.548
 578000         ,      32.140,       0.295,       8.329,       2.475
 579000         ,      29.943,       1.120,       7.678,       2.214
 580000         ,      32.257,       1.023,       7.457,       1.344
 581000         ,      29.472,       0.455,       8.327,       2.777
 582000         ,      28.988,       1.344,       6.771,       1.218
 583000         ,      30.666,       0.605,       7.896,       2.591
 584000         ,      31.156,       0.364,       8.356,       2.507
 585000         ,      31.783,       0.352,       8.330,       2.551
 586000         ,      30.068,       0.526,       7.400,       2.345
 587000         ,      28.456,       0.708,       8.114,       2.655
 588000         ,      29.711,       0.429,       7.791,       2.516
 589000         ,      31.304,       0.725,       6.862,       1.685
 590000         ,      29.403,       0.850,       7.003,       1.948
 591000         ,      31.926,       0.281,       8.836,       2.314
 592000         ,      28.973,       0.563,       6.713,       2.604
 593000         ,      30.485,       0.299,       7.343,       3.052
 594000         ,      31.158,       0.420,       8.584,       2.907
 595000         ,      28.086,       0.741,       6.360,       2.363
 596000         ,      29.346,       0.363,       8.018,       3.134
 597000         ,      31.633,       0.157,       8.905,       2.902
 598000         ,      31.046,       0.705,       6.279,       2.304
 599000         ,      31.356,       0.316,       8.611,       3.127
 600000         ,      29.635,       0.564,       8.031,       2.893
 601000         ,      26.636,       0.782,       7.384,       2.931
 602000         ,      32.354,       0.174,       8.628,       3.027
 603000         ,      26.187,       0.903,       5.801,       3.576
 604000         ,      30.716,       0.348,       8.424,       2.543
 605000         ,      31.439,       0.273,       7.567,       2.848
 606000         ,      30.884,       0.444,       7.067,       2.192
 607000         ,      29.259,       0.888,       5.852,       2.358
 608000         ,      24.492,       1.640,       4.229,       3.206
 609000         ,      30.111,       0.271,       8.467,       3.233
 610000         ,      29.369,       1.026,       7.140,       3.118
 611000         ,      29.645,       0.260,       7.469,       3.321
 612000         ,      29.865,       0.669,       8.309,       3.106
 613000         ,      31.676,       0.474,       8.541,       2.385
 614000         ,      27.550,       1.001,       7.484,       2.396
 615000         ,      30.138,       0.705,       8.279,       3.267
 616000         ,      32.768,       0.537,       7.611,       2.104
 617000         ,      30.486,       0.152,       8.617,       3.200
 618000         ,      30.040,       0.445,       7.516,       2.793
 619000         ,      28.509,       0.464,       6.912,       2.998
 620000         ,      29.430,       0.671,       8.103,       3.375
 621000         ,      30.224,       0.687,       7.528,       3.357
 622000         ,      31.263,       0.524,       8.575,       2.079
 623000         ,      31.821,       0.713,       8.276,       1.773
 624000         ,      31.696,       1.156,       7.084,       1.306
 625000         ,      28.936,       0.604,       6.254,       2.670
 626000         ,      28.318,       1.041,       5.713,       1.904
 627000         ,      32.059,       0.738,       7.734,       2.613
 628000         ,      31.564,       0.110,       8.911,       3.248
 629000         ,      31.675,       0.632,       7.576,       1.975
 630000         ,      30.531,       0.538,       7.942,       2.471
 631000         ,      31.709,       0.208,       8.111,       3.038
 632000         ,      26.498,       1.502,       6.488,       1.811
 633000         ,      28.410,       0.582,       6.267,       2.804
 634000         ,      29.177,       0.355,       6.994,       2.893
 635000         ,      31.463,       0.533,       7.114,       2.032
 636000         ,      30.252,       0.826,       7.418,       1.566
 637000         ,      26.836,       0.589,       7.100,       3.927
 638000         ,      32.253,       0.180,       9.176,       2.599
 639000         ,      32.621,       0.326,       7.899,       2.550
 640000         ,      32.348,       0.694,       7.850,       2.574
 641000         ,      29.519,       0.383,       8.181,       2.508
 642000         ,      28.601,       0.717,       8.218,       3.358
 643000         ,      30.776,       0.573,       7.657,       2.412
 644000         ,      30.684,       0.184,       8.146,       3.218
 645000         ,      29.194,       0.462,       7.208,       2.654
 646000         ,      26.222,       1.002,       5.195,       3.013
 647000         ,      27.439,       1.118,       5.116,       2.273
 648000         ,      29.658,       0.247,       8.098,       3.106
 649000         ,      27.826,       0.966,       7.395,       2.873
 650000         ,      29.337,       0.552,       7.959,       2.874
 651000         ,      27.644,       0.691,       6.146,       2.832
 652000         ,      29.821,       0.880,       6.203,       2.018
 653000         ,      28.870,       0.783,       8.037,       2.386
 654000         ,      31.444,       0.554,       7.497,       1.939
 655000         ,      29.240,       0.664,       6.993,       2.949
 656000         ,      30.159,       0.711,       7.245,       2.478
 657000         ,      28.757,       0.582,       7.521,       3.746
 658000         ,      31.354,       0.602,       7.582,       2.008
 659000         ,      30.803,       0.814,       7.840,       1.685
 660000         ,      30.703,       0.140,       8.676,       3.304
 661000         ,      28.863,       0.737,       7.889,       2.479
 662000         ,      28.597,       0.627,       7.036,       2.638
 663000         ,      29.500,       0.388,       7.979,       2.796
 664000         ,      32.974,       0.183,       8.621,       3.063
 665000         ,      30.483,       0.471,       7.712,       2.225
 666000         ,      28.375,       0.530,       7.843,       3.239
 667000         ,      30.013,       0.209,       7.958,       2.926
 668000         ,      27.695,       0.801,       5.520,       2.656
 669000         ,      27.561,       0.528,       6.868,       3.507
 670000         ,      29.975,       0.621,       7.763,       2.736
 671000         ,      30.449,       0.379,       7.729,       3.038
 672000         ,      31.821,       0.368,       8.217,       2.191
 673000         ,      32.039,       0.252,       8.404,       2.449
 674000         ,      27.270,       1.024,       7.168,       2.614
 675000         ,      30.266,       0.670,       7.449,       2.825
 676000         ,      28.878,       0.903,       6.067,       1.994
 677000         ,      30.785,       0.556,       7.976,       3.402
 678000         ,      28.172,       1.269,       7.713,       2.247
 679000         ,      27.847,       2.264,       3.770,       1.811
 680000         ,      32.119,       0.144,       9.056,       3.170
 681000         ,      31.587,       0.797,       7.521,       2.065
 682000         ,      29.554,       0.362,       8.155,       2.833
 683000         ,      28.888,       0.633,       7.050,       2.426
 684000         ,      31.645,       0.332,       8.345,       2.311
 685000         ,      27.252,       0.776,       6.515,       2.551
 686000         ,      32.354,       0.390,       7.653,       2.156
 687000         ,      28.156,       0.541,       7.227,       2.594
 688000         ,      27.442,       0.997,       5.611,       2.026
 689000         ,      30.927,       0.757,       7.073,       1.583
 690000         ,      30.662,       0.484,       7.460,       2.529
 691000         ,      29.068,       1.166,       6.927,       1.988
 692000         ,      28.023,       0.677,       6.644,       2.427
 693000         ,      26.702,       0.749,       6.202,       3.126
 694000         ,      33.137,       0.268,       8.573,       2.299
 695000         ,      32.544,       0.731,       7.738,       1.451
 696000         ,      31.270,       0.304,       8.542,       2.782
 697000         ,      30.883,       0.496,       7.941,       3.417
 698000         ,      32.814,       0.095,       8.873,       3.125
 699000         ,      31.773,       0.630,       7.189,       2.838
 700000         ,      29.772,       0.740,       7.474,       2.003
 701000         ,      26.417,       1.306,       7.269,       3.170
 702000         ,      31.246,       0.538,       7.315,       1.588
 703000         ,      28.633,       0.594,       8.147,       2.954
 704000         ,      30.600,       0.506,       7.973,       2.199
 705000         ,      29.591,       0.495,       6.649,       2.861
 706000         ,      27.812,       0.804,       7.070,       2.588
 707000         ,      29.246,       0.582,       6.955,       2.881
 708000         ,      31.829,       0.349,       8.670,       2.373
 709000         ,      30.808,       0.479,       7.222,       2.469
 710000         ,      32.212,       0.624,       7.729,       1.801
 711000         ,      30.162,       0.567,       7.013,       1.787
 712000         ,      30.569,       0.465,       8.349,       3.315
 713000         ,      28.116,       0.512,       7.571,       3.085
 714000         ,      29.986,       0.224,       8.335,       3.383
 715000         ,      28.487,       0.814,       7.977,       2.970
 716000         ,      31.157,       0.425,       7.389,       2.743
 717000         ,      31.899,       0.375,       7.637,       2.540
 718000         ,      28.100,       0.980,       6.164,       2.455
 719000         ,      29.173,       0.542,       7.294,       2.583
 720000         ,      27.892,       0.810,       5.576,       2.826
 721000         ,      29.089,       1.046,       5.938,       1.740
 722000         ,      33.557,       1.027,       7.042,       1.198
 723000         ,      29.657,       0.510,       6.709,       3.086
 724000         ,      30.080,       0.614,       6.385,       2.810
 725000         ,      31.919,       0.328,       8.408,       2.026
 726000         ,      31.469,       0.228,       9.065,       2.787
 727000         ,      29.924,       0.291,       6.998,       2.849
 728000         ,      29.378,       0.499,       7.767,       2.726
 729000         ,      27.702,       1.255,       6.227,       1.880
 730000         ,      28.109,       0.428,       7.795,       3.563
 731000         ,      29.966,       0.254,       7.698,       2.926
 732000         ,      32.565,       0.309,       8.844,       2.116
 733000         ,      30.719,       0.289,       7.562,       2.889
 734000         ,      29.911,       0.725,       8.033,       1.737
 735000         ,      31.106,       0.500,       8.285,       2.683
 736000         ,      30.144,       0.542,       8.701,       2.472
 737000         ,      30.467,       0.381,       8.787,       2.336
 738000         ,      31.146,       0.426,       8.330,       3.008
 739000         ,      31.791,       0.283,       7.962,       2.562
 740000         ,      25.900,       1.035,       6.092,       2.775
 741000         ,      30.386,       0.275,       7.962,       2.947
 742000         ,      31.014,       0.425,       7.943,       2.882
 743000         ,      31.454,       0.481,       7.981,       3.284
 744000         ,      30.230,       0.521,       7.335,       1.955
 745000         ,      29.863,       0.454,       7.358,       2.196
 746000         ,      29.057,       0.717,       6.538,       2.256
 747000         ,      28.224,       0.558,       6.440,       3.294
 748000         ,      30.501,       0.501,       8.249,       2.192
 749000         ,      31.058,       0.922,       6.680,       1.400
 750000         ,      29.737,       0.453,       8.230,       2.852
 751000         ,      29.960,       0.350,       7.961,       2.783
 752000         ,      31.027,       0.342,       8.423,       2.838
 753000         ,      29.787,       0.401,       7.555,       3.098
 754000         ,      32.812,       0.440,       8.155,       1.852
 755000         ,      32.316,       0.175,       8.913,       2.418
 756000         ,      32.930,       0.091,       8.750,       3.033
 757000         ,      32.114,       0.377,       7.745,       2.119
 758000         ,      31.941,       0.580,       8.054,       1.783
 759000         ,      27.790,       0.735,       6.194,       2.466
 760000         ,      32.513,       0.897,       7.718,       1.264
 761000         ,      32.154,       0.821,       8.024,       1.328
 762000         ,      28.901,       0.557,       7.695,       2.800
 763000         ,      31.599,       0.149,       8.766,       2.744
 764000         ,      30.933,       0.728,       7.279,       2.063
 765000         ,      27.134,       1.048,       7.559,       2.977
 766000         ,      30.117,       0.669,       6.902,       1.882
 767000         ,      28.898,       0.513,       8.108,       3.036
 768000         ,      29.978,       0.504,       7.960,       2.340
 769000         ,      31.900,       0.267,       8.462,       3.014
 770000         ,      31.331,       0.412,       8.455,       1.997
 771000         ,      28.698,       0.743,       7.507,       2.264
 772000         ,      32.108,       1.104,       7.083,       1.186
 773000         ,      32.631,       0.152,       8.529,       2.516
 774000         ,      28.294,       0.622,       6.462,       2.402
 775000         ,      31.312,       0.120,       8.504,       3.341
 776000         ,      27.320,       0.695,       7.546,       3.590
 777000         ,      31.078,       0.614,       8.596,       2.352
 778000         ,      30.793,       0.399,       7.927,       2.986
 779000         ,      31.556,       0.556,       7.486,       1.986
 780000         ,      27.113,       0.646,       6.428,       3.224
 781000         ,      32.046,       0.705,       8.593,       1.698
 782000         ,      31.124,       0.492,       7.176,       2.842
 783000         ,      30.150,       0.388,       7.254,       2.625
 784000         ,      32.396,       0.676,       8.436,       1.473
 785000         ,      29.205,       0.668,       6.397,       3.124
 786000         ,      28.572,       0.374,       7.182,       3.150
 787000         ,      29.750,       0.792,       7.326,       1.731
 788000         ,      27.470,       1.361,       5.892,       1.916
 789000         ,      31.713,       3.852,       6.131,       0.315
 790000         ,      29.936,       2.014,       6.074,       0.590
 791000         ,      29.875,       2.953,       5.675,       0.550
 792000         ,      31.159,       3.578,       6.943,       0.224
 793000         ,      24.497,       1.937,       5.459,       2.463
 794000         ,      32.366,       0.134,       9.136,       3.354
 795000         ,      29.384,       0.824,       7.985,       2.526
 796000         ,      26.818,       1.056,       7.587,       3.110
 797000         ,      28.460,       0.635,       7.334,       2.642
 798000         ,      31.203,       0.171,       8.972,       3.560
 799000         ,      29.642,       0.282,       7.696,       3.422
 800000         ,      31.484,       0.400,       7.984,       2.940
 801000         ,      30.840,       0.480,       8.008,       3.137
 802000         ,      28.973,       0.738,       7.836,       3.899
 803000         ,      31.770,       0.494,       7.440,       1.922
 804000         ,      30.377,       0.434,       8.545,       3.364
 805000         ,      31.377,       0.583,       8.223,       2.380
 806000         ,      32.729,       0.346,       8.347,       2.396
 807000         ,      29.189,       0.528,       7.875,       2.463
 808000         ,      31.688,       0.124,       8.726,       2.914
 809000         ,      30.663,       0.794,       6.707,       1.570
 810000         ,      31.287,       0.164,       8.176,       3.171
 811000         ,      30.193,       0.436,       8.693,       2.391
 812000         ,      29.339,       0.322,       8.083,       3.235
 813000         ,      29.836,       0.225,       7.936,       3.244
 814000         ,      30.680,       0.273,       8.107,       3.157
 815000         ,      28.798,       0.573,       6.765,       3.062
 816000         ,      32.303,       0.516,       8.527,       2.143
 817000         ,      28.497,       0.721,       7.893,       3.075
 818000         ,      29.756,       0.430,       7.953,       2.929
 819000         ,      27.759,       0.820,       7.862,       2.471
 820000         ,      27.326,       0.642,       6.699,       3.187
 821000         ,      30.141,       0.459,       6.879,       2.692
 822000         ,      32.485,       0.237,       8.291,       2.489
 823000         ,      30.798,       0.423,       8.602,       2.424
 824000         ,      26.864,       0.796,       6.692,       2.841
 825000         ,      29.290,       0.333,       7.010,       2.910
 826000         ,      29.499,       0.624,       6.603,       2.768
 827000         ,      32.031,       0.839,       6.884,       1.950
 828000         ,      32.836,       0.485,       8.471,       2.055
 829000         ,      31.267,       0.220,       8.992,       3.510
 830000         ,      31.144,       0.194,       8.418,       2.799
 831000         ,      31.983,       0.338,       8.901,       2.196
 832000         ,      30.000,       0.249,       7.583,       3.349
 833000         ,      33.406,       0.622,       7.390,       2.396
 834000         ,      32.078,       0.079,       8.516,       2.934
 835000         ,      28.600,       0.588,       6.700,       2.404
 836000         ,      30.495,       0.287,       8.563,       3.023
 837000         ,      25.543,       1.145,       5.667,       3.048
 838000         ,      29.900,       0.485,       8.426,       3.117
 839000         ,      30.117,       0.578,       7.664,       2.391
 840000         ,      31.671,       0.312,       7.555,       2.630
 841000         ,      31.643,       0.292,       7.614,       2.344
 842000         ,      30.202,       0.326,       7.576,       2.979
 843000         ,      31.722,       0.273,       8.464,       2.585
 844000         ,      31.623,       0.344,       8.460,       2.485
 845000         ,      31.835,       0.688,       7.733,       1.550
 846000         ,      29.385,       0.362,       7.826,       3.118
 847000         ,      30.456,       0.421,       8.035,       2.318
 848000         ,      29.924,       0.325,       7.492,       3.296
 849000         ,      30.452,       0.754,       5.879,       2.080
 850000         ,      28.989,       0.873,       7.205,       2.526
 851000         ,      31.560,       0.291,       8.638,       2.524
 852000         ,      29.022,       0.619,       7.747,       2.474
 853000         ,      31.412,       1.177,       7.133,       1.618
 854000         ,      25.719,       0.870,       6.844,       3.484
 855000         ,      26.281,       1.362,       6.884,       3.625
 856000         ,      29.240,       1.303,       7.211,       1.912
 857000         ,      32.079,       0.530,       8.225,       1.788
 858000         ,      32.035,       0.380,       8.550,       2.056
 859000         ,      30.459,       0.533,       7.432,       2.494
 860000         ,      32.039,       0.303,       8.591,       2.384
 861000         ,      30.541,       0.727,       7.279,       2.429
 862000         ,      30.392,       0.600,       8.012,       2.465
 863000         ,      32.262,       0.376,       7.707,       2.742
 864000         ,      33.156,       0.294,       8.388,       2.152
 865000         ,      31.078,       0.323,       8.166,       2.291
 866000         ,      29.323,       0.809,       7.935,       3.039
 867000         ,      24.985,       1.311,       5.971,       3.293
 868000         ,      26.909,       0.792,       5.709,       3.281
 869000         ,      31.525,       0.276,       8.113,       2.875
 870000         ,      31.669,       0.333,       8.087,       2.571
 871000         ,      31.923,       0.223,       8.622,       2.533
 872000         ,      30.451,       0.716,       7.890,       2.574
 873000         ,      29.222,       0.369,       7.110,       3.261
 874000         ,      30.262,       0.269,       7.553,       2.977
 875000         ,      29.181,       1.518,       7.108,       2.415
 876000         ,      30.489,       0.528,       8.123,       3.483
 877000         ,      28.693,       0.812,       7.681,       2.322
 878000         ,      31.286,       0.380,       7.730,       2.585
 879000         ,      27.695,       0.561,       7.046,       2.984
 880000         ,      31.104,       0.503,       7.637,       2.555
 881000         ,      29.781,       0.481,       6.736,       2.211
 882000         ,      31.870,       0.503,       7.874,       2.616
 883000         ,      31.880,       0.414,       8.866,       2.560
 884000         ,      29.294,       0.355,       8.124,       2.827
 885000         ,      29.837,       0.175,       8.393,       3.526
 886000         ,      29.320,       0.897,       8.229,       2.141
 887000         ,      30.822,       0.559,       7.385,       2.559
 888000         ,      30.792,       0.695,       6.871,       1.960
 889000         ,      28.046,       0.608,       7.710,       3.584
 890000         ,      27.684,       0.852,       7.935,       2.565
 891000         ,      31.577,       0.317,       8.718,       2.265
 892000         ,      28.043,       0.566,       6.718,       2.845
 893000         ,      28.345,       0.845,       5.394,       2.918
 894000         ,      27.515,       0.860,       7.747,       2.470
 895000         ,      29.244,       0.707,       7.784,       2.777
 896000         ,      30.922,       1.175,       6.507,       3.066
 897000         ,      32.245,       0.306,       8.853,       2.666
 898000         ,      30.347,       0.509,       7.747,       2.195
 899000         ,      31.497,       0.657,       8.160,       1.644
 900000         ,      32.625,       0.242,       7.969,       2.602
 901000         ,      29.536,       0.904,       6.623,       2.695
 902000         ,      28.077,       0.773,       6.352,       2.079
 903000         ,      30.346,       0.563,       8.781,       2.660
 904000         ,      31.736,       0.444,       8.331,       2.502
 905000         ,      29.314,       0.845,       7.368,       3.074
 906000         ,      32.469,       0.406,       7.589,       2.039
 907000         ,      32.777,       0.473,       7.733,       1.941
 908000         ,      32.453,       0.454,       8.575,       2.008
 909000         ,      31.343,       0.435,       8.121,       2.993
 910000         ,      28.214,       0.443,       6.765,       3.293
 911000         ,      32.334,       0.140,       8.336,       2.723
 912000         ,      30.750,       0.446,       8.332,       2.230
 913000         ,      32.099,       0.730,       8.010,       1.447
 914000         ,      29.980,       0.604,       8.127,       3.144
 915000         ,      30.753,       0.727,       7.396,       2.573
 916000         ,      30.624,       0.470,       6.815,       2.406
 917000         ,      31.240,       0.584,       7.605,       2.465
 918000         ,      31.426,       0.590,       7.490,       2.338
 919000         ,      31.365,       0.313,       8.156,       2.360
 920000         ,      26.584,       0.778,       6.796,       3.211
 921000         ,      31.700,       0.481,       8.347,       3.088
 922000         ,      26.667,       0.785,       6.094,       3.137
 923000         ,      31.536,       0.338,       8.519,       3.121
 924000         ,      31.608,       0.379,       8.538,       2.730
 925000         ,      31.810,       0.187,       8.298,       2.552
 926000         ,      29.069,       0.846,       7.240,       1.858
 927000         ,      33.135,       0.133,       9.391,       3.140
 928000         ,      30.350,       0.303,       8.701,       2.794
 929000         ,      30.748,       0.638,       6.738,       2.512
 930000         ,      32.260,       0.171,       8.784,       2.704
 931000         ,      31.387,       0.657,       7.675,       1.606
 932000         ,      30.453,       0.563,       8.347,       3.657
 933000         ,      32.049,       0.442,       7.339,       2.726
 934000         ,      28.002,       0.811,       5.588,       2.389
 935000         ,      31.460,       0.198,       8.975,       2.806
 936000         ,      31.457,       0.285,       8.409,       3.175
 937000         ,      27.801,       0.768,       7.020,       2.448
 938000         ,      29.755,       0.261,       8.144,       3.190
 939000         ,      32.845,       0.561,       7.869,       2.830
 940000         ,      31.377,       0.241,       8.313,       2.828
 941000         ,      29.360,       0.204,       7.939,       3.591
 942000         ,      32.776,       0.847,       8.009,       2.699
 943000         ,      32.715,       0.223,       8.658,       2.738
 944000         ,      29.717,       0.911,       7.481,       2.958
 945000         ,      28.786,       0.715,       7.695,       2.603
 946000         ,      30.429,       0.855,       7.786,       1.487
 947000         ,      31.916,       0.414,       8.273,       2.120
 948000         ,      31.484,       0.690,       7.064,       2.549
 949000         ,      30.634,       0.275,       8.009,       2.467
 950000         ,      28.524,       1.158,       7.568,       3.078
 951000         ,      26.937,       0.809,       6.087,       3.227
 952000         ,      28.969,       0.659,       7.501,       3.213
 953000         ,      32.172,       0.241,       9.081,       2.734
 954000         ,      29.691,       0.621,       8.403,       2.672
 955000         ,      30.447,       0.458,       8.136,       2.543
 956000         ,      32.977,       0.733,       7.618,       1.576
 957000         ,      29.431,       0.892,       5.614,       2.382
 958000         ,      31.211,       0.265,       8.384,       2.280
 959000         ,      31.160,       0.417,       8.280,       2.332
 960000         ,      29.843,       0.563,       8.134,       2.760
 961000         ,      32.381,       0.521,       8.235,       1.947
 962000         ,      25.996,       0.924,       6.854,       3.938
 963000         ,      28.093,       0.720,       6.780,       3.022
 964000         ,      27.187,       0.699,       6.866,       3.393
 965000         ,      32.302,       0.480,       8.153,       2.090
 966000         ,      29.532,       0.869,       7.883,       1.869
 967000         ,      29.379,       0.631,       7.861,       2.695
 968000         ,      32.029,       0.616,       6.858,       2.555
 969000         ,      28.577,       0.555,       6.796,       2.430
 970000         ,      29.299,       0.664,       6.604,       3.166
 971000         ,      32.642,       0.784,       8.026,       2.016
 972000         ,      26.287,       0.825,       7.156,       3.752
 973000         ,      30.442,       0.192,       8.207,       2.927
 974000         ,      30.339,       0.389,       7.782,       2.200
 975000         ,      30.154,       0.697,       6.673,       1.885
 976000         ,      28.993,       0.458,       6.995,       3.137
 977000         ,      28.853,       0.411,       7.015,       3.294
 978000         ,      32.055,       0.121,       9.017,       2.794
 979000         ,      28.564,       0.401,       7.147,       2.717
 980000         ,      29.449,       0.337,       7.706,       3.513
 981000         ,      30.625,       0.980,       7.520,       1.552
 982000         ,      30.951,       0.189,       8.166,       2.759
 983000         ,      30.151,       0.345,       8.598,       2.862
 984000         ,      30.729,       0.177,       8.328,       3.183
 985000         ,      28.681,       0.447,       6.709,       3.067
 986000         ,      27.190,       0.761,       6.379,       2.875
 987000         ,      30.786,       0.208,       8.208,       3.044
 988000         ,      32.131,       0.406,       7.857,       2.227
 989000         ,      30.054,       0.677,       8.185,       3.485
 990000         ,      29.355,       0.485,       7.572,       3.447
 991000         ,      27.951,       0.852,       6.683,       2.910
 992000         ,      31.796,       0.278,       8.899,       2.928
 993000         ,      30.672,       0.218,       8.096,       2.880
 994000         ,      30.911,       0.636,       7.506,       2.807
 995000         ,      30.212,       0.434,       7.274,       3.151
 996000         ,      30.267,       0.240,       8.134,       3.229
 997000         ,      33.001,       0.540,       8.307,       1.837
 998000         ,      29.684,       0.447,       7.907,       2.579
 999000         ,      26.865,       0.962,       6.365,       3.271
 1000000        ,      32.064,       0.412,       8.318,       2.387
