--------------------------------------------------------------------------------
S H A P E   v2.1         Continuous Shape Measures calculation
(c) 2013  Electronic Structure Group, Universitat de Barcelona
                   Contact:  llunell@ub.edu                   
--------------------------------------------------------------------------------

coordination ZF1 

SP-4            1 D4h   Square                                             
T-4             2 Td    Tetrahedron                                        
SS-4            3 C2v   Seesaw                                             
vTBPY-4         4 C3v   Vacant trigonal bipyramid                          

Structure [ML4 ]         SP-4          T-4         SS-4      vTBPY-4
 0              ,      31.132,       0.848,       9.358,       2.358
 500            ,      29.581,       0.970,       8.096,       2.651
 1000           ,      31.976,       0.502,       8.717,       2.466
 1500           ,      32.786,       0.865,       7.450,       1.712
 2000           ,      32.948,       0.813,       8.532,       2.122
 2500           ,      29.661,       0.618,       7.084,       2.547
 3000           ,      29.426,       0.865,       6.756,       1.901
 3500           ,      31.582,       0.564,       9.022,       2.311
 4000           ,      30.406,       1.095,       8.165,       1.544
 4500           ,      32.695,       0.369,       8.739,       2.751
 5000           ,      32.277,       0.836,       7.855,       1.614
 5500           ,      31.023,       0.829,       9.033,       2.054
 6000           ,      31.279,       0.541,       8.736,       2.674
 6500           ,      29.711,       1.103,       8.227,       2.174
 7000           ,      33.176,       0.667,       8.174,       1.661
 7500           ,      31.939,       0.689,       8.742,       2.241
 8000           ,      30.061,       0.736,       8.049,       2.825
 8500           ,      29.753,       0.575,       7.736,       2.312
 9000           ,      30.065,       0.607,       8.748,       2.934
 9500           ,      31.085,       1.148,       7.747,       1.720
 10000          ,      28.280,       1.090,       7.456,       3.245
 10500          ,      32.335,       0.530,       8.171,       2.274
 11000          ,      31.037,       0.775,       7.727,       2.274
 11500          ,      31.265,       0.648,       7.687,       2.617
 12000          ,      32.228,       0.536,       8.429,       2.007
 12500          ,      29.319,       0.475,       7.793,       3.162
 13000          ,      30.378,       0.900,       8.513,       2.460
 13500          ,      32.201,       0.573,       8.093,       2.753
 14000          ,      31.116,       0.554,       8.257,       2.835
 14500          ,      29.918,       0.584,       8.241,       2.610
 15000          ,      31.288,       0.609,       7.714,       2.511
 15500          ,      32.313,       0.407,       9.524,       2.848
 16000          ,      29.380,       0.940,       8.204,       2.685
 16500          ,      32.802,       0.591,       8.843,       2.355
 17000          ,      30.826,       0.387,       8.964,       3.245
 17500          ,      33.385,       0.571,       8.632,       2.397
 18000          ,      28.179,       0.846,       6.540,       2.392
 18500          ,      29.212,       0.698,       7.430,       2.359
 19000          ,      32.367,       0.500,       7.976,       1.967
 19500          ,      29.848,       0.612,       8.418,       3.059
 20000          ,      26.659,       0.810,       6.528,       3.052
 20500          ,      31.606,       0.624,       7.820,       3.035
 21000          ,      32.000,       0.462,       9.465,       2.903
 21500          ,      27.784,       1.027,       6.814,       2.249
 22000          ,      31.121,       0.765,       7.404,       2.062
 22500          ,      33.025,       0.411,       8.853,       2.312
 23000          ,      33.212,       0.903,       8.274,       1.592
 23500          ,      32.960,       0.752,       8.514,       1.881
 24000          ,      32.997,       0.980,       8.535,       1.370
 24500          ,      33.342,       0.478,       9.019,       2.411
 25000          ,      32.041,       0.576,       9.144,       2.553
 25500          ,      30.484,       0.645,       7.735,       2.428
 26000          ,      33.497,       0.602,       8.291,       2.180
 26500          ,      32.329,       0.948,       7.478,       2.240
 27000          ,      29.767,       1.094,       8.724,       2.484
 27500          ,      31.864,       0.315,       9.238,       2.645
 28000          ,      31.812,       1.062,       8.256,       1.899
 28500          ,      30.366,       0.555,       8.128,       2.483
 29000          ,      32.340,       0.517,       8.184,       2.403
 29500          ,      32.324,       0.312,       8.955,       2.685
 30000          ,      29.184,       0.856,       7.469,       2.000
 30500          ,      29.997,       0.532,       7.897,       2.349
 31000          ,      32.437,       0.575,       8.633,       2.327
 31500          ,      30.105,       0.522,       8.221,       3.206
 32000          ,      28.801,       0.897,       7.816,       2.429
 32500          ,      32.160,       0.887,       7.977,       1.767
 33000          ,      30.360,       0.877,       7.404,       2.130
 33500          ,      30.876,       0.652,       7.843,       2.473
 34000          ,      32.889,       0.666,       8.413,       2.018
 34500          ,      30.430,       0.496,       8.742,       2.702
 35000          ,      31.382,       0.391,       8.348,       2.407
 35500          ,      32.513,       0.415,       8.611,       2.167
 36000          ,      30.520,       0.791,       7.713,       2.384
 36500          ,      32.186,       0.929,       8.146,       1.159
 37000          ,      32.910,       0.932,       9.042,       1.839
 37500          ,      28.366,       1.020,       7.014,       2.279
 38000          ,      28.669,       0.636,       7.486,       2.870
 38500          ,      32.231,       0.772,       7.734,       2.090
 39000          ,      32.491,       0.914,       8.586,       1.857
 39500          ,      32.100,       0.750,       8.803,       2.166
 40000          ,      32.670,       0.817,       8.850,       1.849
 40500          ,      31.435,       0.715,       8.204,       2.214
 41000          ,      33.190,       0.720,       8.723,       1.892
 41500          ,      32.752,       0.855,       8.325,       1.706
 42000          ,      31.534,       0.642,       8.272,       2.139
 42500          ,      33.117,       0.472,       9.010,       2.345
 43000          ,      32.495,       0.791,       8.390,       1.803
 43500          ,      31.651,       0.684,       7.690,       1.937
 44000          ,      32.714,       0.982,       7.860,       1.528
 44500          ,      31.298,       0.737,       8.547,       2.573
 45000          ,      31.564,       0.931,       8.245,       1.787
 45500          ,      32.057,       0.724,       8.539,       1.774
 46000          ,      32.353,       0.970,       8.236,       1.377
 46500          ,      32.286,       0.480,       8.274,       2.086
 47000          ,      28.931,       1.062,       8.531,       2.419
 47500          ,      30.793,       1.000,       7.832,       1.653
 48000          ,      30.203,       0.696,       8.726,       2.416
 48500          ,      29.568,       0.670,       6.685,       2.519
 49000          ,      32.149,       0.373,       8.428,       2.625
 49500          ,      32.784,       0.786,       8.569,       1.574
 50000          ,      28.987,       0.783,       7.771,       2.240
 50500          ,      32.328,       0.865,       8.622,       1.609
 51000          ,      32.447,       0.497,       8.508,       2.334
 51500          ,      29.952,       0.720,       7.710,       2.443
 52000          ,      29.086,       0.848,       6.979,       2.635
 52500          ,      31.403,       0.948,       8.156,       1.843
 53000          ,      29.706,       0.828,       7.917,       2.399
 53500          ,      32.267,       0.672,       8.214,       1.828
 54000          ,      31.601,       1.081,       7.359,       1.804
 54500          ,      33.170,       0.621,       8.221,       2.557
 55000          ,      31.939,       0.577,       8.264,       2.046
 55500          ,      32.244,       0.859,       9.035,       2.511
 56000          ,      32.380,       0.787,       7.315,       1.951
 56500          ,      30.195,       0.489,       8.772,       2.714
 57000          ,      31.927,       0.787,       7.330,       1.809
 57500          ,      31.979,       0.762,       7.684,       1.716
 58000          ,      32.057,       0.497,       8.390,       2.109
 58500          ,      30.250,       0.591,       8.245,       2.871
 59000          ,      29.409,       0.861,       6.886,       2.529
 59500          ,      32.113,       0.514,       8.517,       2.329
 60000          ,      29.584,       0.968,       7.016,       1.873
 60500          ,      31.602,       0.635,       8.129,       2.182
 61000          ,      31.864,       0.659,       8.583,       2.442
 61500          ,      31.833,       0.902,       8.161,       2.000
 62000          ,      32.911,       0.478,       8.539,       2.195
 62500          ,      32.471,       0.493,       8.910,       2.157
 63000          ,      32.015,       0.877,       7.627,       2.064
 63500          ,      30.435,       1.107,       8.537,       2.306
 64000          ,      30.329,       1.261,       7.670,       2.340
 64500          ,      27.752,       1.440,       7.765,       2.425
 65000          ,      29.985,       0.714,       7.295,       2.055
 65500          ,      29.509,       0.565,       7.639,       3.142
 66000          ,      31.137,       0.687,       7.525,       3.130
 66500          ,      29.179,       1.169,       7.602,       1.755
 67000          ,      30.924,       1.024,       7.185,       1.870
 67500          ,      30.253,       0.897,       8.436,       2.115
 68000          ,      32.595,       0.844,       7.935,       1.603
 68500          ,      29.765,       0.329,       7.839,       2.977
 69000          ,      29.665,       1.002,       7.983,       2.199
 69500          ,      32.743,       0.896,       8.238,       1.636
 70000          ,      32.829,       0.880,       8.577,       1.892
 70500          ,      31.030,       0.706,       8.298,       2.541
 71000          ,      31.272,       1.144,       7.441,       1.282
 71500          ,      30.926,       0.571,       8.603,       2.252
 72000          ,      32.466,       0.638,       9.120,       2.358
 72500          ,      32.223,       0.477,       8.660,       2.350
 73000          ,      29.290,       0.726,       8.549,       2.388
 73500          ,      33.215,       0.468,       9.818,       3.551
 74000          ,      32.474,       0.668,       8.892,       2.279
 74500          ,      32.443,       0.507,       8.433,       1.987
 75000          ,      31.289,       0.628,       8.751,       2.414
 75500          ,      31.130,       0.540,       7.730,       2.309
 76000          ,      30.265,       0.751,       8.451,       2.244
 76500          ,      30.242,       1.017,       7.216,       2.186
 77000          ,      30.263,       0.663,       8.097,       2.086
 77500          ,      32.335,       0.671,       8.732,       2.142
 78000          ,      32.340,       0.534,       8.325,       2.070
 78500          ,      31.813,       0.981,       8.662,       2.039
 79000          ,      33.030,       0.637,       8.154,       2.052
 79500          ,      33.213,       0.925,       8.478,       1.683
 80000          ,      32.295,       0.592,       8.532,       2.106
 80500          ,      29.389,       0.937,       6.796,       1.901
 81000          ,      30.714,       0.928,       7.000,       1.815
 81500          ,      32.115,       0.631,       9.118,       2.615
 82000          ,      32.421,       0.616,       8.227,       1.824
 82500          ,      29.066,       0.802,       6.097,       2.158
 83000          ,      32.393,       0.835,       7.393,       1.841
 83500          ,      29.153,       0.857,       7.044,       2.433
 84000          ,      32.385,       1.002,       8.053,       1.660
 84500          ,      30.460,       0.985,       7.412,       1.691
 85000          ,      29.935,       0.950,       8.793,       2.372
 85500          ,      30.138,       0.735,       7.244,       1.977
 86000          ,      32.151,       1.087,       7.852,       1.277
 86500          ,      32.225,       0.447,       8.417,       2.453
 87000          ,      31.963,       0.833,       8.124,       1.510
 87500          ,      31.105,       1.090,       7.934,       1.861
 88000          ,      31.148,       1.052,       8.292,       2.085
 88500          ,      32.028,       0.598,       7.744,       1.916
 89000          ,      32.289,       0.555,       8.373,       2.328
 89500          ,      31.050,       1.357,       8.090,       1.626
 90000          ,      32.115,       0.502,       8.458,       2.318
 90500          ,      32.542,       0.613,       8.556,       1.786
 91000          ,      31.601,       0.594,       7.937,       1.920
 91500          ,      29.665,       1.139,       6.893,       1.756
 92000          ,      31.212,       0.473,       9.171,       3.318
 92500          ,      32.834,       1.198,       8.544,       1.741
 93000          ,      29.509,       0.620,       8.032,       2.930
 93500          ,      32.883,       0.816,       8.780,       1.974
 94000          ,      30.605,       0.577,       7.623,       2.276
 94500          ,      33.108,       0.758,       8.652,       1.767
 95000          ,      26.827,       1.145,       7.614,       3.412
 95500          ,      27.543,       1.185,       6.701,       2.286
 96000          ,      29.693,       0.677,       8.562,       2.782
 96500          ,      31.079,       1.006,       7.360,       2.267
 97000          ,      33.231,       1.103,       7.311,       1.979
 97500          ,      28.064,       0.917,       7.693,       3.372
 98000          ,      28.254,       0.997,       7.342,       2.416
 98500          ,      28.520,       0.920,       6.326,       2.178
 99000          ,      30.578,       1.237,       6.904,       2.098
 99500          ,      28.161,       0.835,       7.750,       2.467
 100000         ,      31.595,       0.441,       8.292,       2.422
 100500         ,      31.646,       0.659,       8.514,       2.264
 101000         ,      33.376,       0.975,       8.416,       1.352
 101500         ,      30.610,       0.509,       8.186,       3.002
 102000         ,      31.060,       0.672,       9.011,       2.913
 102500         ,      29.147,       0.648,       8.362,       2.844
 103000         ,      32.226,       0.711,       8.810,       1.760
 103500         ,      32.705,       0.734,       8.174,       1.947
 104000         ,      27.641,       1.375,       5.848,       2.193
 104500         ,      32.312,       0.379,       8.388,       2.396
 105000         ,      32.390,       0.755,       8.995,       1.932
 105500         ,      31.740,       0.460,       8.987,       2.680
 106000         ,      30.614,       0.855,       8.139,       1.993
 106500         ,      32.068,       1.175,       7.710,       1.545
 107000         ,      33.201,       0.682,       8.424,       1.966
 107500         ,      31.926,       0.984,       7.684,       1.767
 108000         ,      32.048,       0.595,       8.399,       2.166
 108500         ,      32.042,       0.733,       8.232,       1.549
 109000         ,      30.958,       0.717,       7.097,       2.628
 109500         ,      30.844,       0.964,       7.974,       2.252
 110000         ,      31.857,       0.825,       6.963,       2.237
 110500         ,      29.660,       0.494,       8.039,       2.480
 111000         ,      30.133,       0.704,       8.491,       2.340
 111500         ,      29.652,       1.432,       7.473,       1.337
 112000         ,      30.432,       0.994,       7.453,       1.755
 112500         ,      32.286,       0.422,       8.870,       2.266
 113000         ,      29.101,       0.719,       7.222,       2.225
 113500         ,      31.747,       0.636,       7.894,       1.892
 114000         ,      32.904,       0.788,       8.535,       2.100
 114500         ,      29.970,       0.868,       7.634,       2.143
 115000         ,      30.818,       0.832,       7.996,       2.300
 115500         ,      31.662,       0.924,       7.991,       1.482
 116000         ,      32.836,       0.476,       8.643,       2.269
 116500         ,      30.143,       0.764,       7.349,       2.305
 117000         ,      28.283,       0.871,       6.790,       2.364
 117500         ,      30.327,       0.588,       8.802,       2.542
 118000         ,      30.271,       0.944,       7.839,       1.742
 118500         ,      33.150,       0.499,       8.599,       2.677
 119000         ,      32.440,       0.468,       8.327,       1.904
 119500         ,      29.953,       0.762,       7.305,       2.488
 120000         ,      29.094,       0.719,       8.052,       2.339
 120500         ,      31.921,       0.534,       8.720,       2.372
 121000         ,      30.913,       1.154,       7.720,       2.714
 121500         ,      32.506,       0.638,       8.533,       1.917
 122000         ,      32.106,       0.306,       9.335,       3.067
 122500         ,      29.580,       0.745,       7.714,       2.355
 123000         ,      32.222,       0.628,       7.866,       1.848
 123500         ,      29.859,       0.864,       7.719,       2.192
 124000         ,      31.019,       0.859,       7.536,       1.891
 124500         ,      29.308,       0.901,       7.652,       1.832
 125000         ,      32.758,       0.798,       8.372,       2.375
 125500         ,      32.751,       0.537,       8.730,       1.876
 126000         ,      29.013,       1.457,       7.098,       1.860
 126500         ,      31.471,       0.824,       7.880,       2.236
 127000         ,      32.382,       1.044,       7.810,       1.549
 127500         ,      31.441,       0.960,       8.139,       2.099
 128000         ,      26.917,       1.031,       7.108,       3.243
 128500         ,      29.885,       0.813,       7.343,       1.858
 129000         ,      32.167,       0.506,       8.101,       2.039
 129500         ,      30.709,       0.922,       9.104,       2.702
 130000         ,      32.787,       0.541,       9.119,       2.530
 130500         ,      30.042,       0.626,       8.744,       2.698
 131000         ,      30.281,       0.706,       8.415,       2.817
 131500         ,      32.127,       0.955,       8.553,       1.912
 132000         ,      32.724,       0.604,       8.807,       2.138
 132500         ,      32.583,       0.722,       8.622,       2.145
 133000         ,      31.095,       0.743,       7.437,       3.175
 133500         ,      31.495,       0.471,       7.609,       2.647
 134000         ,      30.980,       0.934,       8.720,       2.694
 134500         ,      30.413,       1.324,       6.957,       1.480
 135000         ,      27.115,       1.184,       5.743,       2.025
 135500         ,      30.846,       0.631,       7.794,       2.665
 136000         ,      32.973,       0.536,       8.930,       2.318
 136500         ,      31.077,       0.806,       6.773,       2.488
 137000         ,      31.152,       0.497,       8.900,       2.903
 137500         ,      31.353,       0.364,       8.726,       3.092
 138000         ,      30.824,       0.493,       8.887,       2.762
 138500         ,      29.707,       1.558,       6.852,       1.189
 139000         ,      32.306,       0.448,       8.600,       2.159
 139500         ,      30.603,       1.064,       7.176,       1.801
 140000         ,      31.247,       0.634,       8.631,       2.169
 140500         ,      30.853,       0.929,       8.661,       1.869
 141000         ,      32.755,       0.904,       7.874,       2.116
 141500         ,      31.257,       0.645,       8.347,       2.251
 142000         ,      30.194,       0.881,       7.097,       2.039
 142500         ,      30.310,       0.734,       7.189,       2.330
 143000         ,      31.344,       0.652,       7.609,       2.176
 143500         ,      28.089,       1.055,       7.992,       2.411
 144000         ,      32.895,       0.760,       8.703,       1.569
 144500         ,      32.429,       0.643,       8.209,       2.100
 145000         ,      30.407,       0.617,       7.831,       2.249
 145500         ,      29.480,       0.787,       7.564,       2.179
 146000         ,      31.096,       0.793,       8.586,       2.039
 146500         ,      32.251,       0.490,       7.921,       2.853
 147000         ,      31.882,       0.599,       7.663,       1.951
 147500         ,      33.149,       0.536,       8.162,       1.954
 148000         ,      31.475,       0.721,       8.554,       2.346
 148500         ,      31.910,       0.427,       8.256,       2.567
 149000         ,      31.621,       0.681,       8.767,       2.546
 149500         ,      32.814,       0.900,       7.649,       2.434
 150000         ,      33.220,       0.486,       8.891,       2.345
 150500         ,      29.974,       0.613,       8.655,       2.945
 151000         ,      30.209,       0.865,       7.636,       2.169
 151500         ,      30.562,       0.599,       7.627,       2.507
 152000         ,      30.483,       0.889,       8.477,       2.084
 152500         ,      29.497,       0.961,       8.246,       2.406
 153000         ,      31.790,       0.791,       8.455,       1.806
 153500         ,      31.860,       0.456,       8.446,       2.258
 154000         ,      30.577,       0.535,       8.271,       2.713
 154500         ,      32.317,       0.909,       8.224,       1.643
 155000         ,      29.497,       0.723,       8.085,       2.337
 155500         ,      32.192,       0.669,       8.544,       2.044
 156000         ,      29.608,       0.730,       6.867,       2.078
 156500         ,      31.064,       1.023,       8.298,       1.986
 157000         ,      30.731,       0.359,       8.659,       3.078
 157500         ,      31.341,       0.721,       8.633,       2.521
 158000         ,      32.563,       0.434,       8.796,       2.371
 158500         ,      31.776,       0.638,       8.788,       1.805
 159000         ,      30.032,       1.275,       7.043,       1.822
 159500         ,      30.430,       0.901,       8.846,       2.231
 160000         ,      30.447,       0.617,       8.369,       2.715
 160500         ,      32.204,       0.490,       8.681,       2.358
 161000         ,      32.055,       1.036,       7.589,       1.903
 161500         ,      32.403,       0.541,       8.786,       2.258
 162000         ,      31.834,       0.968,       7.629,       1.759
 162500         ,      31.919,       0.606,       7.840,       1.889
 163000         ,      31.430,       0.606,       8.280,       2.175
 163500         ,      32.399,       0.847,       8.826,       1.776
 164000         ,      33.250,       0.757,       8.844,       2.013
 164500         ,      29.219,       1.085,       7.592,       1.816
 165000         ,      28.542,       1.196,       6.986,       2.051
 165500         ,      29.852,       0.669,       7.504,       2.662
 166000         ,      31.328,       0.921,       8.225,       2.219
 166500         ,      29.508,       0.926,       7.014,       2.359
 167000         ,      32.662,       1.055,       7.432,       1.297
 167500         ,      27.116,       0.905,       7.394,       3.304
 168000         ,      32.109,       0.844,       8.272,       1.845
 168500         ,      27.947,       0.968,       7.743,       2.900
 169000         ,      31.271,       0.924,       7.991,       1.722
 169500         ,      31.007,       0.518,       8.186,       2.536
 170000         ,      30.823,       0.548,       7.809,       2.540
 170500         ,      30.198,       0.820,       8.769,       2.482
 171000         ,      31.252,       0.681,       8.510,       2.123
 171500         ,      32.039,       0.791,       8.034,       2.067
 172000         ,      30.190,       0.581,       7.334,       2.235
 172500         ,      29.510,       0.942,       8.522,       2.440
 173000         ,      33.285,       0.684,       8.725,       1.977
 173500         ,      30.971,       0.572,       8.413,       2.999
 174000         ,      30.027,       0.908,       7.938,       3.100
 174500         ,      31.383,       1.310,       7.940,       1.381
 175000         ,      26.031,       1.196,       6.851,       3.546
 175500         ,      31.988,       0.496,       8.746,       2.379
 176000         ,      31.353,       0.688,       8.711,       2.150
 176500         ,      29.393,       0.729,       8.373,       2.464
 177000         ,      32.499,       0.449,       9.221,       2.714
 177500         ,      29.766,       0.635,       8.469,       2.935
 178000         ,      30.649,       0.884,       7.191,       1.950
 178500         ,      29.319,       1.090,       8.701,       2.607
 179000         ,      32.384,       0.692,       8.100,       2.307
 179500         ,      29.452,       0.831,       7.351,       2.442
 180000         ,      32.862,       0.600,       8.921,       1.982
 180500         ,      30.724,       0.597,       8.373,       2.322
 181000         ,      30.924,       0.626,       7.748,       2.126
 181500         ,      32.765,       0.640,       8.812,       2.366
 182000         ,      31.561,       0.636,       8.771,       2.477
 182500         ,      32.891,       0.415,       8.166,       2.177
 183000         ,      31.232,       0.802,       8.733,       2.068
 183500         ,      32.486,       0.684,       8.593,       1.598
 184000         ,      32.508,       0.518,       8.562,       2.446
 184500         ,      31.435,       1.028,       7.229,       1.899
 185000         ,      32.099,       0.733,       8.083,       1.703
 185500         ,      25.735,       1.272,       6.603,       2.957
 186000         ,      30.854,       0.681,       9.178,       2.722
 186500         ,      29.900,       0.517,       7.886,       2.105
 187000         ,      32.174,       0.618,       8.143,       2.249
 187500         ,      31.594,       0.593,       8.837,       2.498
 188000         ,      30.305,       0.825,       7.549,       2.061
 188500         ,      30.178,       0.726,       8.455,       2.163
 189000         ,      29.443,       0.889,       6.994,       1.953
 189500         ,      31.635,       0.464,       7.588,       2.126
 190000         ,      30.415,       1.056,       8.188,       2.037
 190500         ,      30.786,       0.547,       7.888,       2.691
 191000         ,      29.849,       0.647,       7.186,       2.879
 191500         ,      30.605,       0.731,       7.868,       2.058
 192000         ,      32.552,       0.831,       8.341,       2.182
 192500         ,      31.548,       0.437,       8.798,       3.209
 193000         ,      30.059,       0.938,       6.834,       1.863
 193500         ,      31.967,       0.798,       7.535,       1.709
 194000         ,      31.656,       0.717,       8.541,       2.194
 194500         ,      29.299,       0.637,       7.425,       2.625
 195000         ,      31.068,       0.432,       8.894,       2.398
 195500         ,      33.200,       0.594,       8.578,       1.669
 196000         ,      32.295,       0.446,       8.738,       2.201
 196500         ,      28.670,       0.485,       7.885,       3.089
 197000         ,      29.593,       0.946,       8.001,       2.418
 197500         ,      30.715,       0.508,       8.197,       2.489
 198000         ,      32.349,       0.528,       8.269,       2.499
 198500         ,      32.031,       0.785,       8.122,       1.632
 199000         ,      30.933,       1.086,       8.266,       1.690
 199500         ,      32.345,       1.078,       8.131,       1.906
 200000         ,      31.044,       0.848,       7.624,       2.061
 200500         ,      32.203,       0.711,       8.496,       1.971
 201000         ,      30.950,       0.498,       7.955,       2.762
 201500         ,      31.174,       0.968,       7.476,       1.685
 202000         ,      30.089,       0.775,       8.103,       2.019
 202500         ,      29.366,       0.737,       7.344,       2.195
 203000         ,      29.268,       0.617,       7.880,       3.196
 203500         ,      30.604,       0.717,       7.737,       2.550
 204000         ,      30.558,       0.755,       8.725,       2.875
 204500         ,      31.329,       0.647,       7.325,       2.361
 205000         ,      30.682,       0.727,       7.767,       2.596
 205500         ,      32.310,       0.615,       8.004,       2.321
 206000         ,      32.463,       0.905,       7.905,       1.527
 206500         ,      33.456,       0.537,       9.009,       2.572
 207000         ,      32.695,       0.571,       8.353,       1.665
 207500         ,      30.070,       0.538,       8.667,       3.101
 208000         ,      29.663,       1.002,       7.585,       2.173
 208500         ,      30.876,       1.018,       8.190,       1.838
 209000         ,      30.302,       0.628,       8.918,       2.817
 209500         ,      31.977,       0.624,       9.142,       2.426
 210000         ,      30.089,       0.893,       7.242,       1.984
 210500         ,      29.727,       0.766,       7.217,       2.247
 211000         ,      33.066,       0.547,       8.902,       2.216
 211500         ,      30.309,       0.732,       8.013,       2.332
 212000         ,      29.753,       0.958,       8.577,       2.542
 212500         ,      26.632,       1.411,       7.099,       2.530
 213000         ,      32.891,       0.678,       8.296,       2.088
 213500         ,      30.450,       0.881,       7.489,       1.865
 214000         ,      30.798,       0.485,       8.416,       2.901
 214500         ,      31.725,       0.685,       7.830,       2.097
 215000         ,      31.674,       0.706,       7.880,       2.560
 215500         ,      31.670,       0.564,       9.218,       2.494
 216000         ,      31.733,       0.525,       8.550,       2.181
 216500         ,      32.945,       0.573,       8.558,       2.466
 217000         ,      33.006,       1.235,       8.017,       1.571
 217500         ,      31.344,       0.723,       7.728,       1.911
 218000         ,      30.766,       0.665,       7.821,       1.884
 218500         ,      30.874,       0.628,       8.418,       2.945
 219000         ,      32.267,       0.925,       7.833,       1.568
 219500         ,      31.515,       1.176,       8.556,       1.335
 220000         ,      32.572,       0.707,       8.454,       1.793
 220500         ,      29.140,       1.753,       5.763,       1.513
 221000         ,      29.749,       1.194,       7.760,       2.257
 221500         ,      30.182,       0.561,       8.457,       2.776
 222000         ,      31.016,       0.851,       7.813,       2.531
 222500         ,      33.156,       0.678,       8.115,       1.738
 223000         ,      31.115,       1.075,       8.010,       2.604
 223500         ,      29.768,       0.964,       7.447,       2.428
 224000         ,      30.735,       0.415,       8.744,       2.914
 224500         ,      31.261,       0.847,       6.789,       1.994
 225000         ,      30.815,       0.493,       7.715,       1.942
 225500         ,      31.642,       0.963,       7.116,       1.665
 226000         ,      32.736,       0.481,       8.705,       2.126
 226500         ,      27.453,       1.183,       6.622,       2.391
 227000         ,      30.338,       1.018,       7.390,       1.663
 227500         ,      32.230,       0.500,       8.205,       2.091
 228000         ,      32.201,       0.947,       7.391,       1.750
 228500         ,      30.250,       0.909,       7.971,       2.234
 229000         ,      32.671,       0.885,       7.849,       1.804
 229500         ,      32.505,       0.405,       8.982,       3.360
 230000         ,      31.910,       0.554,       8.356,       2.892
 230500         ,      30.292,       0.711,       8.558,       2.186
 231000         ,      33.102,       0.432,       9.216,       2.833
 231500         ,      28.850,       1.157,       8.600,       2.579
 232000         ,      32.883,       0.738,       8.221,       2.062
 232500         ,      30.332,       0.507,       8.495,       2.694
 233000         ,      32.013,       0.756,       8.209,       1.964
 233500         ,      29.552,       1.250,       7.293,       1.942
 234000         ,      29.687,       0.939,       8.321,       2.248
 234500         ,      30.211,       0.853,       7.333,       2.158
 235000         ,      29.880,       1.016,       6.984,       1.848
 235500         ,      30.201,       0.579,       7.638,       2.373
 236000         ,      31.831,       0.661,       8.213,       2.395
 236500         ,      32.138,       0.736,       8.159,       2.148
 237000         ,      32.146,       0.782,       8.577,       1.787
 237500         ,      30.120,       0.487,       8.359,       2.861
 238000         ,      29.983,       0.571,       8.462,       2.758
 238500         ,      29.927,       0.524,       8.623,       2.718
 239000         ,      29.827,       0.677,       8.317,       2.891
 239500         ,      31.702,       0.437,       8.820,       2.382
 240000         ,      31.389,       0.500,       9.194,       2.648
 240500         ,      30.714,       0.639,       8.509,       2.924
 241000         ,      25.772,       1.464,       5.573,       2.414
 241500         ,      32.978,       0.471,       9.039,       2.073
 242000         ,      32.579,       0.519,       8.197,       2.377
 242500         ,      29.971,       0.692,       7.711,       2.509
 243000         ,      31.254,       0.692,       8.498,       2.126
 243500         ,      33.051,       0.785,       8.280,       1.539
 244000         ,      32.279,       0.550,       8.984,       2.704
 244500         ,      30.307,       0.709,       7.819,       2.257
 245000         ,      32.909,       0.602,       7.984,       2.106
 245500         ,      32.084,       0.991,       7.745,       2.139
 246000         ,      32.271,       0.939,       7.842,       1.802
 246500         ,      32.308,       0.295,       8.742,       2.745
 247000         ,      32.882,       0.750,       8.143,       2.064
 247500         ,      31.230,       0.529,       9.172,       2.617
 248000         ,      31.871,       0.564,       9.140,       3.063
 248500         ,      32.631,       0.562,       8.436,       2.160
 249000         ,      33.220,       1.012,       8.425,       1.207
 249500         ,      31.764,       0.596,       8.474,       2.164
 250000         ,      32.389,       0.792,       7.494,       1.862
 250500         ,      31.136,       0.627,       8.288,       1.913
 251000         ,      31.681,       0.800,       9.152,       2.293
 251500         ,      32.143,       0.479,       9.203,       2.371
 252000         ,      31.806,       0.656,       8.552,       2.420
 252500         ,      32.618,       0.578,       9.289,       2.488
 253000         ,      32.093,       1.181,       8.162,       1.129
 253500         ,      31.868,       1.022,       8.660,       1.681
 254000         ,      30.420,       0.445,       8.413,       2.818
 254500         ,      32.982,       0.414,       8.006,       2.585
 255000         ,      31.738,       0.574,       8.650,       2.499
 255500         ,      31.050,       1.109,       7.976,       1.933
 256000         ,      32.062,       0.639,       7.610,       2.397
 256500         ,      31.913,       0.438,       8.548,       1.937
 257000         ,      32.139,       0.870,       8.741,       1.855
 257500         ,      32.509,       0.520,       8.294,       2.644
 258000         ,      30.728,       0.697,       8.216,       2.146
 258500         ,      31.905,       0.519,       8.174,       1.690
 259000         ,      31.943,       0.881,       8.929,       1.975
 259500         ,      27.774,       0.897,       7.531,       2.725
 260000         ,      32.339,       0.512,       8.385,       1.966
 260500         ,      32.721,       0.639,       8.468,       2.251
 261000         ,      31.563,       0.701,       8.274,       2.272
 261500         ,      31.672,       0.452,       8.729,       2.777
 262000         ,      32.548,       0.710,       8.742,       2.352
 262500         ,      28.070,       1.362,       6.490,       2.284
 263000         ,      32.573,       0.812,       8.687,       1.931
 263500         ,      32.762,       0.705,       8.450,       1.634
 264000         ,      30.814,       0.397,       8.599,       3.176
 264500         ,      32.708,       0.620,       8.059,       2.787
 265000         ,      29.556,       1.178,       6.629,       2.363
 265500         ,      32.458,       0.549,       9.008,       2.385
 266000         ,      33.042,       0.583,       8.776,       2.124
 266500         ,      31.697,       0.541,       8.648,       3.115
 267000         ,      31.092,       0.707,       7.721,       1.697
 267500         ,      31.131,       0.618,       7.692,       1.837
 268000         ,      28.365,       0.949,       7.005,       2.523
 268500         ,      32.810,       0.457,       8.790,       2.111
 269000         ,      29.460,       0.876,       7.793,       2.318
 269500         ,      29.183,       0.796,       7.283,       2.949
 270000         ,      31.532,       0.545,       8.413,       1.894
 270500         ,      32.365,       0.420,       9.324,       2.615
 271000         ,      32.616,       0.674,       9.266,       2.369
 271500         ,      30.890,       0.700,       8.856,       2.227
 272000         ,      32.037,       0.628,       7.848,       1.950
 272500         ,      31.513,       0.483,       8.376,       2.526
 273000         ,      33.258,       1.108,       7.893,       1.699
 273500         ,      32.001,       0.456,       8.682,       2.202
 274000         ,      31.562,       0.901,       7.321,       2.478
 274500         ,      32.218,       1.014,       7.319,       1.325
 275000         ,      31.060,       0.858,       6.384,       2.055
 275500         ,      33.404,       0.909,       8.608,       2.209
 276000         ,      31.451,       0.700,       7.935,       2.372
 276500         ,      32.676,       0.525,       9.009,       3.055
 277000         ,      31.862,       0.485,       8.689,       2.948
 277500         ,      31.708,       0.583,       8.038,       2.230
 278000         ,      28.139,       1.066,       6.435,       2.289
 278500         ,      31.579,       0.765,       7.608,       2.011
 279000         ,      31.607,       0.874,       7.883,       1.954
 279500         ,      28.423,       0.948,       8.059,       3.032
 280000         ,      32.948,       1.008,       8.271,       1.680
 280500         ,      30.949,       0.474,       7.453,       2.453
 281000         ,      33.052,       0.693,       8.859,       2.094
 281500         ,      30.460,       0.773,       8.318,       2.318
 282000         ,      32.741,       0.713,       8.549,       1.768
 282500         ,      30.665,       0.437,       7.920,       2.519
 283000         ,      31.503,       0.926,       7.916,       2.722
 283500         ,      31.956,       0.711,       8.594,       1.999
 284000         ,      32.014,       1.205,       7.634,       1.572
 284500         ,      31.118,       0.801,       7.855,       2.062
 285000         ,      28.646,       0.876,       7.827,       2.387
 285500         ,      30.509,       0.799,       7.100,       1.581
 286000         ,      31.379,       1.005,       7.509,       2.388
 286500         ,      29.409,       1.417,       7.609,       1.571
 287000         ,      30.203,       0.659,       7.094,       2.000
 287500         ,      30.934,       1.168,       7.541,       1.248
 288000         ,      32.442,       0.612,       7.652,       2.393
 288500         ,      32.456,       0.867,       8.255,       1.516
 289000         ,      29.825,       0.823,       7.385,       1.911
 289500         ,      32.064,       0.558,       8.563,       1.885
 290000         ,      29.942,       1.091,       7.592,       1.712
 290500         ,      31.014,       0.801,       8.410,       1.862
 291000         ,      32.609,       0.498,       8.583,       2.287
 291500         ,      32.966,       0.743,       8.880,       2.148
 292000         ,      30.728,       0.787,       8.072,       1.902
 292500         ,      31.382,       0.747,       8.459,       2.173
 293000         ,      31.522,       0.699,       7.257,       2.434
 293500         ,      32.172,       0.848,       9.150,       1.994
 294000         ,      32.243,       0.491,       8.512,       2.298
 294500         ,      31.829,       0.695,       7.747,       1.985
 295000         ,      32.848,       0.337,       8.931,       2.218
 295500         ,      30.269,       1.142,       7.377,       1.395
 296000         ,      31.312,       0.684,       9.055,       2.395
 296500         ,      31.072,       0.795,       7.824,       1.834
 297000         ,      30.201,       0.886,       7.704,       2.102
 297500         ,      30.616,       0.703,       7.842,       1.800
 298000         ,      32.720,       0.631,       7.710,       1.798
 298500         ,      32.006,       0.688,       7.962,       2.157
 299000         ,      31.466,       0.730,       8.635,       1.981
 299500         ,      28.320,       0.726,       7.271,       2.657
 300000         ,      32.408,       1.047,       7.896,       1.827
 300500         ,      32.219,       1.052,       7.070,       2.081
 301000         ,      30.240,       1.031,       6.764,       1.658
 301500         ,      32.368,       0.983,       7.325,       1.398
 302000         ,      32.198,       0.626,       9.090,       2.214
 302500         ,      30.842,       0.605,       7.630,       2.156
 303000         ,      31.133,       1.031,       7.315,       2.292
 303500         ,      30.372,       1.219,       7.043,       1.689
 304000         ,      33.043,       0.345,       8.770,       2.189
 304500         ,      29.655,       0.697,       7.188,       2.177
 305000         ,      30.171,       0.760,       8.243,       2.587
 305500         ,      31.522,       0.877,       8.124,       1.989
 306000         ,      30.615,       0.692,       8.575,       2.375
 306500         ,      31.108,       0.916,       8.381,       1.942
 307000         ,      30.882,       0.662,       8.772,       2.350
 307500         ,      33.163,       0.828,       7.369,       1.726
 308000         ,      29.412,       0.701,       7.423,       2.020
 308500         ,      29.342,       0.759,       8.106,       2.651
 309000         ,      31.148,       0.945,       8.298,       1.791
 309500         ,      29.050,       0.903,       8.376,       2.753
 310000         ,      32.276,       0.523,       9.278,       2.531
 310500         ,      31.180,       0.945,       7.490,       1.913
 311000         ,      27.369,       0.871,       7.312,       3.078
 311500         ,      31.866,       1.074,       8.302,       1.461
 312000         ,      28.219,       1.620,       7.184,       1.885
 312500         ,      31.907,       0.635,       8.155,       2.336
 313000         ,      31.876,       0.497,       8.933,       2.643
 313500         ,      31.310,       0.849,       8.237,       1.983
 314000         ,      32.736,       0.692,       7.787,       1.946
 314500         ,      30.223,       0.678,       8.852,       2.705
 315000         ,      31.182,       0.484,       8.732,       2.910
 315500         ,      30.294,       0.810,       8.284,       2.115
 316000         ,      31.329,       0.809,       8.763,       2.411
 316500         ,      30.793,       0.606,       7.363,       2.314
 317000         ,      31.511,       0.799,       6.940,       2.041
 317500         ,      32.071,       0.655,       8.136,       1.922
 318000         ,      30.772,       1.160,       7.830,       1.532
 318500         ,      33.537,       0.837,       8.174,       1.713
 319000         ,      31.991,       0.672,       8.529,       1.973
 319500         ,      28.145,       0.865,       6.693,       2.305
 320000         ,      31.754,       0.597,       7.876,       2.213
 320500         ,      30.102,       0.943,       8.004,       2.070
 321000         ,      29.501,       0.738,       6.894,       2.289
 321500         ,      30.619,       1.065,       7.039,       1.553
 322000         ,      31.269,       0.607,       9.176,       2.741
 322500         ,      32.069,       0.349,       8.441,       2.600
 323000         ,      31.993,       0.597,       8.363,       2.082
 323500         ,      31.730,       0.469,       7.961,       2.622
 324000         ,      30.676,       0.441,       8.755,       2.942
 324500         ,      31.256,       0.943,       8.063,       2.018
 325000         ,      32.183,       1.063,       7.922,       1.584
 325500         ,      32.401,       1.032,       7.823,       1.385
 326000         ,      32.458,       0.922,       7.526,       1.594
 326500         ,      30.483,       0.402,       8.753,       2.869
 327000         ,      28.831,       0.728,       8.062,       3.352
 327500         ,      32.959,       0.370,       8.833,       2.846
 328000         ,      29.063,       0.621,       6.938,       3.428
 328500         ,      31.236,       0.701,       7.266,       2.332
 329000         ,      32.309,       0.547,       8.848,       2.515
 329500         ,      29.800,       0.671,       8.543,       2.955
 330000         ,      30.329,       1.096,       6.356,       1.893
 330500         ,      30.876,       0.286,       8.837,       2.974
 331000         ,      28.002,       1.576,       5.750,       1.952
 331500         ,      30.294,       1.189,       6.931,       1.625
 332000         ,      31.978,       0.510,       8.830,       2.511
 332500         ,      31.462,       0.657,       7.928,       2.074
 333000         ,      28.843,       1.788,       6.429,       1.306
 333500         ,      32.821,       0.635,       8.728,       2.013
 334000         ,      30.666,       0.678,       7.614,       2.304
 334500         ,      31.056,       0.333,       8.839,       3.061
 335000         ,      31.386,       0.723,       8.165,       2.230
 335500         ,      31.014,       0.534,       8.488,       2.276
 336000         ,      30.789,       0.849,       7.163,       2.221
 336500         ,      32.146,       1.108,       7.699,       1.734
 337000         ,      32.195,       0.796,       8.796,       1.950
 337500         ,      32.963,       0.548,       8.235,       2.270
 338000         ,      30.262,       0.657,       8.686,       2.682
 338500         ,      31.766,       0.567,       8.794,       2.309
 339000         ,      32.292,       0.604,       8.023,       1.916
 339500         ,      31.222,       0.572,       7.602,       1.812
 340000         ,      33.070,       0.688,       8.999,       2.517
 340500         ,      31.463,       0.867,       7.637,       2.325
 341000         ,      31.497,       0.489,       8.368,       2.230
 341500         ,      32.367,       0.756,       8.452,       2.385
 342000         ,      29.172,       0.680,       8.149,       2.413
 342500         ,      32.567,       0.964,       9.033,       2.032
 343000         ,      31.757,       1.108,       7.124,       1.793
 343500         ,      29.861,       0.703,       7.403,       2.824
 344000         ,      32.508,       0.311,       9.100,       2.767
 344500         ,      31.263,       0.554,       9.020,       3.092
 345000         ,      31.380,       0.911,       7.906,       1.958
 345500         ,      31.539,       0.995,       7.591,       1.443
 346000         ,      31.232,       0.926,       8.143,       2.362
 346500         ,      31.838,       0.846,       8.457,       1.887
 347000         ,      32.885,       0.695,       8.055,       2.224
 347500         ,      31.021,       0.708,       7.159,       1.847
 348000         ,      30.962,       0.535,       8.484,       2.533
 348500         ,      31.788,       0.438,       8.076,       2.304
 349000         ,      30.491,       1.208,       8.183,       1.650
 349500         ,      29.824,       0.500,       7.508,       2.320
 350000         ,      32.499,       0.710,       8.090,       1.843
 350500         ,      32.189,       0.593,       8.840,       2.831
 351000         ,      31.798,       0.818,       8.295,       1.854
 351500         ,      31.634,       0.824,       7.470,       1.761
 352000         ,      30.890,       1.217,       7.626,       1.570
 352500         ,      32.192,       0.729,       7.814,       1.534
 353000         ,      30.157,       0.839,       7.721,       2.155
 353500         ,      32.103,       0.397,       8.064,       2.461
 354000         ,      31.635,       0.778,       8.029,       2.563
 354500         ,      31.905,       0.651,       8.327,       2.481
 355000         ,      31.049,       0.846,       8.297,       1.959
 355500         ,      27.691,       1.227,       6.460,       2.756
 356000         ,      32.965,       0.682,       7.817,       1.796
 356500         ,      31.251,       0.970,       8.272,       1.874
 357000         ,      32.221,       0.415,       8.636,       2.390
 357500         ,      30.917,       0.739,       7.072,       2.364
 358000         ,      30.582,       0.649,       7.873,       2.141
 358500         ,      33.147,       0.491,       8.562,       2.618
 359000         ,      29.425,       0.789,       8.658,       2.542
 359500         ,      28.655,       0.908,       7.171,       3.232
 360000         ,      29.092,       0.724,       7.542,       3.093
 360500         ,      31.947,       0.725,       7.597,       1.913
 361000         ,      29.794,       0.541,       8.105,       2.889
 361500         ,      30.084,       1.057,       7.669,       1.642
 362000         ,      28.084,       0.976,       8.076,       2.656
 362500         ,      31.388,       1.023,       8.057,       1.671
 363000         ,      27.630,       1.369,       7.141,       2.287
 363500         ,      30.781,       0.764,       8.133,       2.261
 364000         ,      32.411,       1.053,       8.482,       1.504
 364500         ,      31.448,       0.725,       8.151,       2.262
 365000         ,      31.066,       0.594,       7.439,       2.124
 365500         ,      32.762,       0.781,       8.335,       1.797
 366000         ,      31.766,       0.849,       7.775,       2.000
 366500         ,      31.194,       0.433,       8.652,       2.634
 367000         ,      30.814,       0.567,       7.476,       2.530
 367500         ,      31.152,       0.753,       7.460,       2.098
 368000         ,      29.946,       0.529,       8.378,       3.099
 368500         ,      30.532,       0.533,       7.924,       2.321
 369000         ,      30.533,       0.910,       6.567,       1.845
 369500         ,      31.492,       0.911,       8.418,       1.709
 370000         ,      30.954,       0.894,       8.279,       1.995
 370500         ,      32.553,       0.875,       7.575,       2.808
 371000         ,      29.371,       0.741,       8.568,       2.728
 371500         ,      30.901,       0.788,       8.008,       1.918
 372000         ,      32.356,       0.558,       8.732,       2.024
 372500         ,      32.059,       0.424,       9.225,       2.517
 373000         ,      31.599,       0.587,       8.680,       2.897
 373500         ,      30.391,       0.413,       8.356,       3.558
 374000         ,      31.713,       0.664,       8.026,       2.146
 374500         ,      29.889,       0.669,       8.145,       2.262
 375000         ,      31.620,       0.446,       8.152,       2.487
 375500         ,      32.353,       0.632,       8.598,       1.781
 376000         ,      33.127,       0.839,       7.934,       1.423
 376500         ,      28.870,       0.869,       7.303,       2.572
 377000         ,      30.755,       0.553,       8.211,       2.978
 377500         ,      31.351,       0.696,       8.384,       2.224
 378000         ,      32.307,       0.839,       7.721,       1.773
 378500         ,      32.045,       0.831,       7.976,       1.822
 379000         ,      29.600,       0.784,       7.685,       2.415
 379500         ,      31.381,       0.853,       8.306,       2.260
 380000         ,      31.180,       0.581,       8.526,       2.585
 380500         ,      30.477,       1.134,       7.790,       1.965
 381000         ,      32.343,       0.640,       7.722,       2.031
 381500         ,      31.029,       0.680,       7.718,       2.342
 382000         ,      30.664,       0.748,       7.797,       2.763
 382500         ,      31.922,       0.602,       8.442,       1.987
 383000         ,      32.012,       0.381,       8.651,       2.344
 383500         ,      32.123,       0.645,       9.224,       2.619
 384000         ,      31.761,       0.740,       8.813,       2.130
 384500         ,      31.188,       0.778,       8.933,       2.043
 385000         ,      28.642,       1.473,       6.725,       1.349
 385500         ,      33.191,       0.771,       8.687,       1.975
 386000         ,      32.065,       0.687,       7.611,       2.196
 386500         ,      30.580,       0.759,       8.981,       2.693
 387000         ,      28.255,       1.074,       7.147,       2.108
 387500         ,      29.995,       1.074,       8.251,       2.183
 388000         ,      31.283,       1.202,       7.688,       1.157
 388500         ,      32.961,       0.704,       8.532,       1.489
 389000         ,      30.007,       0.616,       8.324,       2.609
 389500         ,      31.687,       0.571,       7.972,       2.112
 390000         ,      29.453,       0.556,       8.137,       2.634
 390500         ,      32.497,       0.800,       8.753,       1.904
 391000         ,      32.046,       0.713,       7.561,       1.930
 391500         ,      32.034,       0.566,       8.082,       2.200
 392000         ,      31.903,       0.618,       8.091,       1.907
 392500         ,      30.335,       0.899,       8.075,       1.792
 393000         ,      28.563,       0.687,       7.680,       2.969
 393500         ,      32.309,       0.920,       8.325,       1.566
 394000         ,      30.828,       0.797,       8.684,       2.540
 394500         ,      31.777,       0.760,       7.744,       1.682
 395000         ,      31.897,       0.461,       8.449,       2.157
 395500         ,      32.164,       0.519,       8.431,       2.184
 396000         ,      30.223,       0.616,       7.747,       2.523
 396500         ,      31.868,       0.671,       8.582,       1.941
 397000         ,      29.860,       1.071,       8.228,       1.851
 397500         ,      32.586,       0.413,       9.007,       2.646
 398000         ,      30.441,       0.806,       8.072,       1.725
 398500         ,      30.636,       0.597,       8.376,       2.530
 399000         ,      29.360,       0.746,       6.276,       2.818
 399500         ,      29.830,       0.637,       7.015,       2.815
 400000         ,      28.338,       1.126,       6.117,       2.261
 400500         ,      33.350,       0.737,       9.002,       2.374
 401000         ,      31.444,       0.794,       7.504,       2.170
 401500         ,      31.583,       0.629,       8.398,       2.264
 402000         ,      31.032,       1.288,       6.955,       1.596
 402500         ,      30.257,       0.843,       8.034,       2.268
 403000         ,      31.962,       0.788,       8.336,       1.759
 403500         ,      31.968,       0.623,       8.166,       2.284
 404000         ,      31.325,       0.634,       8.307,       2.397
 404500         ,      31.109,       0.656,       7.193,       2.470
 405000         ,      25.284,       1.334,       6.623,       3.547
 405500         ,      32.931,       0.844,       8.190,       1.967
 406000         ,      33.212,       0.583,       8.641,       1.746
 406500         ,      30.060,       0.527,       7.712,       3.161
 407000         ,      26.986,       1.565,       5.674,       1.939
 407500         ,      32.331,       0.766,       7.857,       1.494
 408000         ,      32.205,       0.765,       7.042,       2.029
 408500         ,      32.338,       0.437,       8.944,       2.562
 409000         ,      28.548,       0.772,       7.368,       2.203
 409500         ,      31.918,       0.703,       8.437,       2.193
 410000         ,      32.628,       0.394,       8.740,       3.032
 410500         ,      31.110,       0.686,       8.850,       2.230
 411000         ,      32.224,       1.196,       7.730,       1.642
 411500         ,      30.694,       0.648,       7.957,       2.021
 412000         ,      32.137,       0.106,       9.222,       3.381
 412500         ,      29.128,       0.798,       8.313,       2.486
 413000         ,      29.447,       0.865,       7.751,       2.044
 413500         ,      31.861,       0.601,       8.243,       2.253
 414000         ,      31.942,       0.744,       8.367,       1.779
 414500         ,      31.540,       1.033,       8.769,       1.846
 415000         ,      31.972,       0.728,       7.613,       1.681
 415500         ,      32.594,       0.736,       8.571,       2.012
 416000         ,      32.129,       0.837,       8.569,       1.936
 416500         ,      31.848,       0.804,       7.547,       1.683
 417000         ,      33.501,       0.772,       7.764,       1.593
 417500         ,      29.008,       0.840,       7.572,       2.484
 418000         ,      30.480,       0.732,       8.565,       2.345
 418500         ,      31.714,       0.636,       8.487,       1.956
 419000         ,      32.367,       0.529,       8.144,       2.772
 419500         ,      32.648,       0.520,       9.228,       2.446
 420000         ,      32.581,       0.680,       8.899,       2.117
 420500         ,      32.025,       0.517,       8.161,       2.660
 421000         ,      30.509,       0.742,       8.309,       2.574
 421500         ,      32.653,       0.667,       8.261,       2.644
 422000         ,      32.115,       0.781,       8.369,       1.949
 422500         ,      29.556,       1.045,       8.499,       2.421
 423000         ,      29.880,       0.473,       7.589,       2.419
 423500         ,      30.985,       0.784,       8.272,       2.269
 424000         ,      31.209,       0.547,       9.214,       2.543
 424500         ,      32.824,       0.619,       8.412,       1.729
 425000         ,      29.152,       0.917,       6.754,       2.471
 425500         ,      32.961,       0.536,       9.194,       2.600
 426000         ,      33.055,       0.466,       8.817,       2.582
 426500         ,      30.689,       0.853,       8.674,       2.532
 427000         ,      32.189,       0.699,       8.441,       2.215
 427500         ,      28.411,       1.085,       6.245,       2.212
 428000         ,      33.335,       0.474,       8.434,       2.877
 428500         ,      29.782,       0.445,       8.126,       3.289
 429000         ,      28.262,       1.152,       7.122,       2.066
 429500         ,      32.472,       0.513,       8.685,       2.643
 430000         ,      30.511,       0.718,       7.434,       2.555
 430500         ,      33.170,       0.347,       9.283,       3.048
 431000         ,      32.524,       0.574,       8.495,       2.792
 431500         ,      33.055,       0.735,       8.425,       2.016
 432000         ,      28.523,       0.958,       6.990,       2.385
 432500         ,      31.594,       0.628,       8.194,       2.587
 433000         ,      31.557,       0.512,       8.249,       3.215
 433500         ,      29.280,       0.809,       7.109,       2.878
 434000         ,      30.598,       0.781,       7.589,       2.207
 434500         ,      29.338,       0.640,       7.224,       2.647
 435000         ,      30.794,       0.505,       8.603,       2.834
 435500         ,      27.922,       0.904,       6.445,       2.780
 436000         ,      30.434,       1.003,       7.279,       2.306
 436500         ,      32.242,       0.704,       8.915,       2.654
 437000         ,      30.548,       0.819,       8.197,       2.379
 437500         ,      33.011,       0.414,       8.962,       2.704
 438000         ,      30.138,       0.753,       8.755,       2.357
 438500         ,      29.530,       1.096,       7.573,       2.349
 439000         ,      33.392,       0.545,       8.527,       1.808
 439500         ,      30.084,       0.478,       8.017,       2.530
 440000         ,      31.284,       0.471,       8.471,       2.419
 440500         ,      29.442,       0.502,       8.003,       2.818
 441000         ,      31.596,       1.019,       8.449,       1.957
 441500         ,      31.721,       0.754,       8.768,       2.309
 442000         ,      32.005,       0.509,       9.103,       2.947
 442500         ,      29.246,       0.638,       8.270,       2.785
 443000         ,      32.470,       0.619,       8.521,       2.034
 443500         ,      33.001,       0.295,       9.346,       2.888
 444000         ,      32.558,       0.621,       8.210,       2.262
 444500         ,      29.604,       0.940,       7.584,       2.014
 445000         ,      30.995,       0.629,       8.597,       2.446
 445500         ,      30.132,       1.086,       7.906,       2.079
 446000         ,      32.373,       0.631,       8.543,       2.753
 446500         ,      32.339,       0.378,       9.058,       2.943
 447000         ,      31.619,       0.766,       8.305,       2.270
 447500         ,      32.238,       0.792,       8.175,       1.583
 448000         ,      30.322,       0.479,       8.773,       3.263
 448500         ,      30.002,       0.765,       7.783,       2.331
 449000         ,      31.236,       0.813,       7.747,       2.182
 449500         ,      30.770,       0.691,       8.952,       2.731
 450000         ,      29.884,       0.764,       7.185,       2.124
 450500         ,      29.044,       0.619,       7.267,       2.790
 451000         ,      32.854,       0.479,       8.392,       2.403
 451500         ,      30.926,       0.661,       8.040,       2.140
 452000         ,      32.052,       0.727,       7.178,       2.759
 452500         ,      30.695,       0.560,       7.365,       2.318
 453000         ,      31.749,       0.462,       8.367,       2.659
 453500         ,      31.635,       0.787,       8.825,       1.762
 454000         ,      31.222,       0.707,       9.110,       2.697
 454500         ,      31.456,       0.596,       8.346,       2.582
 455000         ,      31.379,       0.795,       8.543,       2.111
 455500         ,      32.589,       0.483,       9.217,       2.402
 456000         ,      32.499,       0.413,       8.710,       2.374
 456500         ,      31.470,       0.554,       8.749,       2.236
 457000         ,      30.384,       0.915,       7.033,       2.686
 457500         ,      31.223,       0.448,       8.173,       2.605
 458000         ,      29.152,       0.896,       7.885,       2.659
 458500         ,      30.925,       0.800,       8.551,       2.192
 459000         ,      30.779,       0.686,       7.834,       3.039
 459500         ,      32.142,       0.546,       8.930,       2.565
 460000         ,      31.509,       0.645,       8.948,       2.686
 460500         ,      28.829,       0.609,       8.136,       2.916
 461000         ,      32.720,       0.529,       8.418,       2.689
 461500         ,      32.019,       1.396,       7.398,       1.257
 462000         ,      29.956,       0.584,       8.099,       2.865
 462500         ,      32.350,       0.823,       8.312,       1.629
 463000         ,      30.526,       0.825,       7.776,       2.935
 463500         ,      31.936,       0.651,       8.481,       1.882
 464000         ,      29.595,       0.913,       7.293,       2.630
 464500         ,      30.902,       0.710,       9.247,       2.285
 465000         ,      30.658,       0.774,       6.957,       1.983
 465500         ,      31.872,       0.516,       8.278,       2.386
 466000         ,      31.348,       0.454,       8.559,       2.171
 466500         ,      31.749,       0.472,       8.549,       2.241
 467000         ,      30.998,       0.536,       8.832,       2.496
 467500         ,      31.005,       0.664,       8.057,       2.149
 468000         ,      32.910,       0.557,       8.819,       2.123
 468500         ,      32.531,       0.570,       8.770,       2.094
 469000         ,      30.130,       0.868,       7.535,       2.612
 469500         ,      32.491,       0.357,       8.709,       2.312
 470000         ,      32.880,       0.974,       8.249,       1.445
 470500         ,      32.281,       0.704,       8.238,       2.374
 471000         ,      32.377,       0.703,       7.330,       2.673
 471500         ,      32.974,       0.619,       8.950,       2.071
 472000         ,      32.333,       0.681,       8.253,       2.010
 472500         ,      29.582,       1.444,       7.614,       1.649
 473000         ,      31.813,       0.687,       8.098,       2.039
 473500         ,      30.070,       0.691,       8.274,       2.637
 474000         ,      32.873,       0.571,       8.821,       2.185
 474500         ,      30.682,       0.572,       8.552,       2.606
 475000         ,      30.849,       0.669,       8.154,       2.366
 475500         ,      30.079,       0.841,       8.024,       2.122
 476000         ,      31.433,       1.110,       7.844,       1.736
 476500         ,      30.137,       1.385,       7.246,       1.559
 477000         ,      30.417,       0.557,       8.118,       3.026
 477500         ,      31.634,       0.452,       9.295,       3.340
 478000         ,      31.945,       0.555,       8.163,       2.507
 478500         ,      31.353,       0.711,       8.468,       2.981
 479000         ,      30.604,       1.075,       7.614,       1.622
 479500         ,      31.604,       0.488,       7.738,       2.384
 480000         ,      32.549,       0.494,       8.716,       2.196
 480500         ,      30.128,       1.163,       6.445,       1.666
 481000         ,      32.189,       0.505,       8.522,       2.477
 481500         ,      31.903,       0.721,       7.836,       1.829
 482000         ,      30.992,       0.808,       8.177,       2.080
 482500         ,      30.383,       0.754,       6.613,       2.060
 483000         ,      33.305,       0.589,       9.064,       2.251
 483500         ,      30.516,       0.659,       8.824,       2.784
 484000         ,      32.654,       0.605,       8.248,       2.083
 484500         ,      30.140,       0.923,       6.939,       1.985
 485000         ,      33.079,       0.204,       9.376,       3.349
 485500         ,      30.554,       0.452,       8.694,       2.834
 486000         ,      29.265,       1.385,       6.385,       1.446
 486500         ,      31.943,       0.827,       8.028,       1.856
 487000         ,      30.716,       0.682,       7.737,       2.204
 487500         ,      31.603,       0.776,       8.240,       2.250
 488000         ,      27.723,       0.823,       7.684,       3.138
 488500         ,      30.996,       0.544,       7.927,       2.236
 489000         ,      30.907,       0.852,       7.930,       1.891
 489500         ,      32.775,       0.437,       8.411,       2.093
 490000         ,      31.193,       0.766,       8.393,       1.740
 490500         ,      32.426,       0.763,       8.341,       1.755
 491000         ,      30.948,       0.710,       7.622,       1.877
 491500         ,      27.651,       0.822,       7.228,       3.519
 492000         ,      31.974,       0.569,       8.219,       2.602
 492500         ,      30.606,       1.251,       7.440,       1.579
 493000         ,      26.502,       1.145,       7.488,       3.181
 493500         ,      31.962,       0.529,       8.498,       1.982
 494000         ,      31.892,       0.868,       7.413,       1.924
 494500         ,      32.541,       0.657,       8.328,       1.962
 495000         ,      32.257,       0.480,       8.431,       2.470
 495500         ,      31.700,       0.553,       7.968,       2.024
 496000         ,      31.680,       0.826,       7.954,       1.853
 496500         ,      30.504,       0.962,       7.386,       1.984
 497000         ,      30.167,       0.833,       8.729,       2.739
 497500         ,      32.358,       1.159,       8.136,       1.182
 498000         ,      32.248,       0.696,       8.244,       2.241
 498500         ,      30.749,       0.709,       7.948,       2.358
 499000         ,      30.837,       0.889,       8.136,       2.831
 499500         ,      31.162,       0.807,       7.808,       2.041
 500000         ,      33.019,       0.577,       8.659,       2.180
