--------------------------------------------------------------------------------
S H A P E   v2.1         Continuous Shape Measures calculation
(c) 2013  Electronic Structure Group, Universitat de Barcelona
                   Contact:  llunell@ub.edu                   
--------------------------------------------------------------------------------

coordination ZF2 

SP-4            1 D4h   Square                                             
T-4             2 Td    Tetrahedron                                        
SS-4            3 C2v   Seesaw                                             
vTBPY-4         4 C3v   Vacant trigonal bipyramid                          

Structure [ML4 ]         SP-4          T-4         SS-4      vTBPY-4
 0              ,      30.990,       0.700,       8.189,       1.964
 500            ,      33.188,       1.007,       7.237,       2.286
 1000           ,      31.983,       0.635,       7.910,       1.821
 1500           ,      31.654,       0.612,       8.662,       2.268
 2000           ,      30.958,       1.422,       7.351,       1.308
 2500           ,      31.677,       1.128,       6.641,       1.832
 3000           ,      31.948,       0.512,       8.673,       2.099
 3500           ,      32.451,       0.941,       8.285,       1.723
 4000           ,      28.700,       0.955,       7.742,       2.997
 4500           ,      31.380,       0.918,       7.313,       2.638
 5000           ,      33.022,       0.757,       7.868,       2.405
 5500           ,      31.062,       0.722,       7.741,       2.226
 6000           ,      29.500,       0.862,       7.047,       1.853
 6500           ,      31.022,       0.767,       8.120,       2.452
 7000           ,      31.317,       0.522,       8.103,       2.921
 7500           ,      30.809,       0.517,       8.777,       2.919
 8000           ,      31.710,       0.963,       8.190,       2.370
 8500           ,      32.068,       0.918,       7.856,       1.670
 9000           ,      31.270,       0.653,       8.068,       2.046
 9500           ,      32.543,       0.644,       8.541,       2.105
 10000          ,      31.460,       0.744,       7.770,       1.851
 10500          ,      31.333,       0.656,       7.771,       2.134
 11000          ,      30.939,       0.639,       8.112,       1.838
 11500          ,      32.581,       0.977,       7.919,       1.922
 12000          ,      31.466,       0.748,       9.043,       2.402
 12500          ,      31.593,       0.510,       8.094,       2.393
 13000          ,      31.760,       0.491,       7.520,       2.458
 13500          ,      31.921,       1.079,       8.114,       1.687
 14000          ,      32.077,       0.642,       8.683,       2.024
 14500          ,      30.480,       0.889,       7.874,       2.577
 15000          ,      30.924,       0.706,       7.867,       1.996
 15500          ,      33.124,       0.446,       9.432,       3.104
 16000          ,      31.143,       0.843,       7.024,       2.006
 16500          ,      31.710,       0.805,       8.667,       1.908
 17000          ,      31.946,       0.510,       7.773,       2.091
 17500          ,      32.273,       0.471,       8.663,       3.056
 18000          ,      31.105,       0.699,       8.667,       2.278
 18500          ,      32.000,       0.668,       8.930,       2.372
 19000          ,      32.015,       0.788,       8.461,       1.975
 19500          ,      33.212,       0.695,       8.615,       2.509
 20000          ,      30.812,       0.499,       8.251,       2.296
 20500          ,      31.606,       0.579,       8.235,       2.623
 21000          ,      32.487,       0.541,       9.096,       2.277
 21500          ,      31.050,       0.877,       8.075,       2.030
 22000          ,      30.930,       1.195,       6.670,       1.803
 22500          ,      30.589,       0.708,       8.727,       2.646
 23000          ,      32.127,       0.464,       8.725,       2.639
 23500          ,      31.612,       0.524,       8.290,       2.389
 24000          ,      31.768,       0.349,       9.274,       3.449
 24500          ,      32.896,       0.597,       8.917,       2.428
 25000          ,      30.899,       0.732,       7.370,       3.070
 25500          ,      29.671,       0.755,       7.257,       2.090
 26000          ,      31.112,       1.425,       7.675,       1.314
 26500          ,      31.914,       0.664,       8.969,       2.132
 27000          ,      31.315,       1.229,       8.395,       1.111
 27500          ,      31.766,       0.426,       8.451,       2.557
 28000          ,      27.881,       1.876,       5.106,       2.073
 28500          ,      32.171,       0.861,       8.596,       1.914
 29000          ,      26.889,       0.946,       7.516,       3.208
 29500          ,      33.102,       0.595,       8.605,       1.930
 30000          ,      32.366,       0.632,       7.701,       2.522
 30500          ,      31.052,       0.759,       7.684,       2.362
 31000          ,      33.073,       0.785,       8.919,       1.884
 31500          ,      29.001,       1.302,       6.226,       3.234
 32000          ,      29.990,       0.893,       7.513,       2.094
 32500          ,      30.915,       0.775,       6.916,       1.934
 33000          ,      31.740,       0.835,       7.705,       2.628
 33500          ,      30.652,       0.906,       8.084,       2.027
 34000          ,      30.914,       1.142,       7.812,       1.412
 34500          ,      28.859,       1.158,       5.894,       2.440
 35000          ,      29.893,       0.729,       7.708,       3.084
 35500          ,      29.688,       0.600,       6.810,       2.707
 36000          ,      31.983,       0.926,       8.072,       1.664
 36500          ,      32.756,       0.695,       8.023,       1.641
 37000          ,      30.786,       0.802,       7.461,       2.089
 37500          ,      31.122,       0.924,       7.199,       2.164
 38000          ,      28.279,       0.968,       6.873,       2.662
 38500          ,      31.630,       0.679,       7.624,       1.804
 39000          ,      31.052,       0.502,       7.656,       2.778
 39500          ,      29.916,       0.913,       7.108,       2.086
 40000          ,      26.421,       1.258,       6.500,       2.697
 40500          ,      32.805,       0.751,       8.248,       1.598
 41000          ,      31.932,       0.356,       8.746,       3.103
 41500          ,      30.190,       0.707,       6.917,       2.798
 42000          ,      29.918,       0.989,       7.012,       1.609
 42500          ,      31.394,       0.878,       7.595,       2.368
 43000          ,      29.469,       0.964,       6.476,       2.764
 43500          ,      30.396,       0.497,       7.647,       2.438
 44000          ,      31.011,       1.237,       6.655,       1.527
 44500          ,      33.434,       0.775,       8.200,       2.220
 45000          ,      32.721,       1.351,       7.692,       1.355
 45500          ,      29.342,       1.145,       6.341,       1.746
 46000          ,      32.958,       0.753,       8.039,       1.624
 46500          ,      29.545,       0.719,       8.242,       2.680
 47000          ,      32.808,       0.591,       9.022,       2.408
 47500          ,      33.307,       0.609,       8.701,       2.322
 48000          ,      31.345,       0.688,       7.086,       2.258
 48500          ,      32.076,       0.696,       8.623,       1.937
 49000          ,      29.142,       0.987,       5.986,       2.052
 49500          ,      31.509,       0.741,       7.386,       2.271
 50000          ,      30.986,       0.484,       8.309,       2.593
 50500          ,      30.767,       0.449,       8.846,       3.160
 51000          ,      32.064,       0.355,       9.232,       3.108
 51500          ,      32.573,       0.568,       8.460,       1.852
 52000          ,      32.038,       0.638,       7.838,       1.983
 52500          ,      30.512,       0.670,       8.022,       2.114
 53000          ,      31.061,       0.594,       8.260,       2.147
 53500          ,      30.830,       0.929,       7.321,       2.015
 54000          ,      31.909,       0.973,       8.496,       1.641
 54500          ,      31.931,       0.886,       7.548,       1.915
 55000          ,      29.806,       0.641,       7.992,       2.531
 55500          ,      32.089,       0.577,       8.506,       2.323
 56000          ,      30.418,       0.853,       7.129,       1.648
 56500          ,      31.672,       0.408,       9.110,       2.805
 57000          ,      30.984,       0.276,       7.937,       2.686
 57500          ,      31.405,       0.719,       8.358,       2.006
 58000          ,      30.170,       0.752,       7.508,       2.155
 58500          ,      29.626,       1.338,       6.819,       1.736
 59000          ,      31.952,       0.782,       7.923,       2.179
 59500          ,      30.944,       0.624,       7.190,       2.328
 60000          ,      32.613,       0.544,       8.430,       2.950
 60500          ,      30.595,       0.739,       8.018,       1.813
 61000          ,      29.338,       0.899,       7.027,       2.146
 61500          ,      31.290,       0.386,       8.323,       2.812
 62000          ,      31.698,       0.730,       6.867,       1.736
 62500          ,      31.555,       0.561,       8.776,       2.574
 63000          ,      31.662,       0.576,       9.230,       2.634
 63500          ,      30.772,       0.434,       8.328,       2.863
 64000          ,      31.033,       0.757,       8.305,       2.393
 64500          ,      32.810,       0.651,       8.124,       2.909
 65000          ,      31.403,       0.440,       8.662,       2.170
 65500          ,      30.714,       0.774,       7.522,       2.371
 66000          ,      31.639,       0.577,       7.451,       1.994
 66500          ,      30.596,       0.606,       9.032,       2.713
 67000          ,      32.218,       0.771,       7.382,       1.751
 67500          ,      28.795,       0.865,       6.844,       2.765
 68000          ,      31.602,       0.900,       8.498,       2.339
 68500          ,      30.356,       0.952,       6.931,       2.280
 69000          ,      32.164,       0.550,       7.906,       2.207
 69500          ,      30.099,       0.721,       8.113,       2.335
 70000          ,      29.450,       0.812,       6.737,       2.958
 70500          ,      33.157,       0.564,       8.901,       2.399
 71000          ,      30.976,       1.069,       7.066,       1.813
 71500          ,      30.566,       0.988,       7.763,       2.338
 72000          ,      29.447,       0.672,       7.183,       3.141
 72500          ,      30.791,       0.371,       8.854,       2.855
 73000          ,      31.941,       0.711,       8.523,       2.098
 73500          ,      32.343,       0.251,       8.831,       2.726
 74000          ,      32.050,       0.343,       8.659,       2.412
 74500          ,      30.891,       0.734,       7.178,       3.079
 75000          ,      31.398,       0.732,       8.303,       1.640
 75500          ,      30.645,       0.696,       7.248,       2.351
 76000          ,      31.672,       0.448,       8.122,       2.476
 76500          ,      32.992,       1.187,       7.206,       1.894
 77000          ,      32.775,       1.021,       8.326,       1.865
 77500          ,      30.484,       0.906,       7.957,       2.396
 78000          ,      31.967,       0.394,       7.980,       2.554
 78500          ,      32.559,       0.689,       8.052,       1.722
 79000          ,      31.533,       0.399,       9.016,       2.947
 79500          ,      31.180,       0.673,       7.097,       2.403
 80000          ,      33.347,       0.798,       8.044,       2.074
 80500          ,      33.021,       0.446,       8.777,       2.189
 81000          ,      28.544,       0.915,       8.071,       2.842
 81500          ,      32.236,       0.597,       8.034,       2.964
 82000          ,      30.965,       0.659,       7.033,       1.828
 82500          ,      31.351,       0.820,       7.806,       1.896
 83000          ,      31.780,       0.599,       8.128,       2.165
 83500          ,      29.078,       0.749,       6.835,       2.451
 84000          ,      32.413,       0.773,       9.183,       2.242
 84500          ,      32.625,       0.606,       8.319,       3.218
 85000          ,      30.349,       0.807,       7.594,       2.045
 85500          ,      31.886,       0.832,       7.386,       2.060
 86000          ,      31.782,       0.857,       7.717,       1.584
 86500          ,      32.460,       0.531,       8.378,       2.408
 87000          ,      31.085,       0.508,       7.976,       2.211
 87500          ,      31.967,       0.767,       8.032,       2.447
 88000          ,      29.489,       0.687,       8.255,       3.779
 88500          ,      28.833,       1.018,       6.615,       2.269
 89000          ,      31.562,       1.060,       7.860,       1.802
 89500          ,      29.811,       0.889,       7.479,       2.478
 90000          ,      30.513,       0.919,       7.196,       1.991
 90500          ,      32.227,       0.526,       8.721,       2.352
 91000          ,      31.410,       0.370,       9.085,       2.971
 91500          ,      29.724,       0.971,       8.777,       2.761
 92000          ,      31.804,       0.857,       7.346,       1.463
 92500          ,      31.675,       0.429,       8.955,       2.823
 93000          ,      30.648,       0.709,       7.646,       2.941
 93500          ,      30.999,       0.725,       8.513,       2.256
 94000          ,      29.545,       0.792,       7.178,       1.834
 94500          ,      29.512,       0.864,       7.133,       2.540
 95000          ,      32.575,       0.448,       8.939,       2.826
 95500          ,      32.626,       0.459,       7.955,       2.586
 96000          ,      29.410,       0.929,       7.747,       2.117
 96500          ,      29.993,       0.685,       8.684,       2.709
 97000          ,      32.048,       0.489,       9.087,       3.132
 97500          ,      31.435,       0.666,       8.757,       3.234
 98000          ,      31.825,       0.688,       8.637,       2.279
 98500          ,      33.228,       0.383,       8.156,       2.768
 99000          ,      30.692,       0.784,       8.270,       2.444
 99500          ,      29.821,       0.913,       7.330,       2.193
 100000         ,      29.217,       0.664,       7.485,       2.530
 100500         ,      30.603,       0.625,       8.240,       2.919
 101000         ,      32.656,       0.616,       8.411,       1.931
 101500         ,      30.905,       0.380,       7.819,       2.676
 102000         ,      30.677,       1.134,       7.475,       1.766
 102500         ,      33.198,       0.382,       8.712,       2.835
 103000         ,      31.625,       0.664,       8.036,       2.363
 103500         ,      30.362,       0.703,       7.670,       3.205
 104000         ,      31.889,       0.874,       7.657,       2.453
 104500         ,      32.158,       0.335,       9.246,       3.276
 105000         ,      31.102,       0.504,       8.105,       2.141
 105500         ,      32.082,       0.726,       8.265,       2.566
 106000         ,      28.874,       1.156,       8.187,       2.098
 106500         ,      31.787,       1.110,       7.927,       1.784
 107000         ,      28.737,       1.134,       6.282,       2.706
 107500         ,      32.908,       1.190,       8.172,       1.198
 108000         ,      32.328,       0.813,       8.005,       1.702
 108500         ,      30.684,       0.594,       8.890,       2.479
 109000         ,      32.826,       0.816,       8.523,       1.768
 109500         ,      30.940,       0.611,       8.111,       2.482
 110000         ,      31.022,       0.713,       8.240,       2.600
 110500         ,      30.041,       0.998,       7.390,       2.425
 111000         ,      30.804,       0.920,       7.088,       2.957
 111500         ,      33.067,       0.751,       8.708,       1.955
 112000         ,      31.199,       0.821,       8.080,       1.741
 112500         ,      31.145,       1.095,       8.041,       1.795
 113000         ,      31.179,       0.338,       8.920,       2.955
 113500         ,      32.256,       0.533,       8.975,       2.185
 114000         ,      31.292,       0.592,       8.174,       2.220
 114500         ,      27.545,       0.766,       6.910,       2.606
 115000         ,      31.435,       0.579,       8.864,       2.384
 115500         ,      28.416,       1.179,       5.983,       2.619
 116000         ,      29.986,       0.855,       7.229,       2.852
 116500         ,      29.982,       1.454,       6.614,       1.401
 117000         ,      30.117,       0.847,       8.252,       3.032
 117500         ,      29.753,       0.982,       7.182,       2.041
 118000         ,      28.948,       0.773,       6.551,       2.340
 118500         ,      32.428,       0.868,       7.730,       2.133
 119000         ,      32.340,       0.987,       8.238,       2.093
 119500         ,      32.061,       0.740,       8.513,       2.247
 120000         ,      28.557,       1.119,       5.748,       2.055
 120500         ,      27.031,       0.948,       5.883,       2.773
 121000         ,      32.394,       0.544,       7.991,       2.418
 121500         ,      31.592,       0.676,       8.359,       2.804
 122000         ,      30.802,       0.497,       7.620,       2.562
 122500         ,      31.275,       0.734,       7.454,       2.383
 123000         ,      31.140,       0.660,       8.885,       2.843
 123500         ,      28.067,       1.111,       6.371,       2.411
 124000         ,      29.304,       1.402,       5.394,       2.503
 124500         ,      28.660,       0.510,       7.794,       3.241
 125000         ,      30.336,       0.508,       7.948,       2.503
 125500         ,      28.086,       1.222,       7.498,       2.621
 126000         ,      31.316,       0.629,       8.365,       2.250
 126500         ,      28.126,       1.242,       5.834,       2.280
 127000         ,      31.387,       0.560,       8.430,       2.434
 127500         ,      32.083,       0.926,       7.826,       1.855
 128000         ,      29.446,       1.006,       6.642,       2.027
 128500         ,      31.904,       0.932,       7.599,       1.969
 129000         ,      32.066,       0.601,       9.076,       2.212
 129500         ,      30.511,       0.585,       7.788,       2.835
 130000         ,      31.483,       0.548,       7.994,       2.430
 130500         ,      28.270,       1.012,       6.758,       2.971
 131000         ,      32.422,       0.820,       8.378,       2.040
 131500         ,      31.023,       0.628,       8.007,       2.487
 132000         ,      32.036,       1.115,       8.075,       1.815
 132500         ,      32.241,       0.766,       8.338,       1.900
 133000         ,      32.031,       0.397,       8.911,       2.918
 133500         ,      32.630,       0.482,       8.614,       2.611
 134000         ,      30.839,       0.641,       8.133,       2.526
 134500         ,      32.452,       0.906,       8.555,       1.405
 135000         ,      32.068,       0.727,       8.097,       1.961
 135500         ,      30.625,       0.977,       8.329,       2.001
 136000         ,      30.703,       1.086,       8.125,       2.253
 136500         ,      33.455,       0.603,       9.090,       2.687
 137000         ,      32.410,       0.835,       7.528,       1.931
 137500         ,      25.798,       1.524,       5.915,       3.076
 138000         ,      29.324,       0.768,       7.776,       2.783
 138500         ,      31.834,       1.200,       7.592,       1.219
 139000         ,      30.291,       0.871,       8.579,       2.220
 139500         ,      29.809,       0.423,       8.403,       3.194
 140000         ,      32.085,       0.424,       9.229,       3.205
 140500         ,      32.210,       0.412,       8.199,       2.826
 141000         ,      30.753,       1.221,       7.258,       1.527
 141500         ,      30.595,       1.439,       7.927,       1.607
 142000         ,      30.876,       0.917,       7.726,       2.387
 142500         ,      30.600,       0.616,       8.102,       2.578
 143000         ,      31.581,       1.073,       7.543,       1.847
 143500         ,      30.056,       1.256,       6.473,       3.119
 144000         ,      30.463,       0.706,       8.157,       1.754
 144500         ,      30.129,       0.880,       7.447,       2.422
 145000         ,      32.234,       0.648,       8.251,       2.082
 145500         ,      31.790,       0.684,       7.974,       2.187
 146000         ,      31.487,       0.590,       7.830,       2.210
 146500         ,      31.638,       0.711,       8.609,       2.776
 147000         ,      31.269,       1.117,       7.290,       1.564
 147500         ,      29.421,       0.920,       6.682,       2.483
 148000         ,      31.298,       0.998,       8.003,       1.625
 148500         ,      32.262,       0.570,       8.479,       2.667
 149000         ,      30.820,       0.652,       8.458,       2.018
 149500         ,      32.057,       0.665,       8.009,       2.151
 150000         ,      28.796,       0.606,       8.237,       3.210
 150500         ,      32.354,       0.700,       7.310,       1.849
 151000         ,      30.906,       0.780,       6.859,       2.745
 151500         ,      32.207,       0.594,       8.163,       2.408
 152000         ,      30.482,       0.435,       7.684,       3.149
 152500         ,      31.551,       0.854,       8.137,       1.772
 153000         ,      32.656,       0.650,       8.048,       1.752
 153500         ,      29.549,       1.455,       5.910,       2.058
 154000         ,      28.817,       1.274,       7.993,       1.769
 154500         ,      32.690,       0.884,       8.120,       1.278
 155000         ,      32.347,       0.397,       9.071,       2.788
 155500         ,      32.059,       0.935,       7.523,       1.322
 156000         ,      32.090,       0.811,       8.009,       1.771
 156500         ,      31.993,       1.048,       7.728,       1.499
 157000         ,      31.802,       1.072,       8.030,       1.635
 157500         ,      32.198,       1.042,       8.001,       1.743
 158000         ,      29.960,       1.133,       6.806,       1.894
 158500         ,      31.624,       1.094,       6.819,       2.126
 159000         ,      32.480,       1.047,       7.272,       2.412
 159500         ,      30.942,       0.813,       8.435,       2.486
 160000         ,      33.087,       0.393,       8.519,       2.753
 160500         ,      31.372,       0.846,       7.267,       2.044
 161000         ,      31.720,       1.146,       7.195,       1.271
 161500         ,      32.241,       0.592,       8.414,       2.130
 162000         ,      32.478,       0.581,       8.316,       2.028
 162500         ,      29.848,       0.798,       7.567,       2.851
 163000         ,      33.145,       1.047,       7.336,       1.488
 163500         ,      29.772,       0.777,       6.864,       2.686
 164000         ,      30.534,       0.598,       7.658,       2.377
 164500         ,      31.739,       0.559,       8.723,       2.229
 165000         ,      31.047,       0.515,       8.172,       2.457
 165500         ,      30.486,       1.208,       6.215,       1.906
 166000         ,      32.760,       0.955,       8.201,       1.578
 166500         ,      31.538,       0.689,       8.689,       2.449
 167000         ,      30.326,       0.845,       6.615,       2.247
 167500         ,      29.701,       1.202,       5.806,       2.001
 168000         ,      31.980,       0.768,       8.630,       2.681
 168500         ,      30.080,       0.719,       6.597,       2.094
 169000         ,      32.394,       0.755,       8.457,       2.012
 169500         ,      32.582,       0.596,       8.379,       2.388
 170000         ,      32.542,       0.638,       7.562,       2.112
 170500         ,      32.391,       0.758,       7.691,       2.094
 171000         ,      30.925,       1.079,       7.560,       1.974
 171500         ,      33.098,       0.867,       7.803,       1.442
 172000         ,      30.970,       0.696,       8.450,       2.144
 172500         ,      29.533,       1.216,       7.288,       1.627
 173000         ,      29.429,       0.879,       7.179,       2.535
 173500         ,      30.197,       0.390,       8.575,       3.003
 174000         ,      30.624,       0.721,       8.503,       2.157
 174500         ,      27.469,       2.224,       6.127,       1.535
 175000         ,      30.192,       0.971,       7.724,       1.906
 175500         ,      29.218,       1.073,       7.455,       2.401
 176000         ,      32.363,       0.832,       7.873,       1.698
 176500         ,      26.487,       1.680,       6.320,       2.190
 177000         ,      31.938,       0.308,       8.804,       2.878
 177500         ,      31.126,       0.941,       8.892,       1.982
 178000         ,      30.735,       1.146,       6.933,       1.510
 178500         ,      32.033,       0.779,       8.115,       1.891
 179000         ,      29.484,       1.506,       6.021,       1.540
 179500         ,      32.379,       0.738,       7.761,       2.957
 180000         ,      29.785,       0.872,       8.357,       2.551
 180500         ,      31.855,       0.940,       8.114,       2.027
 181000         ,      29.175,       0.900,       7.192,       2.563
 181500         ,      30.424,       0.690,       6.642,       2.277
 182000         ,      30.705,       0.925,       7.486,       2.153
 182500         ,      30.561,       0.692,       7.259,       1.981
 183000         ,      29.939,       0.888,       6.490,       2.213
 183500         ,      30.914,       0.591,       7.649,       2.446
 184000         ,      31.399,       1.057,       7.417,       1.782
 184500         ,      32.314,       0.747,       8.667,       2.291
 185000         ,      31.360,       0.497,       8.866,       2.448
 185500         ,      32.122,       1.192,       7.947,       1.532
 186000         ,      28.837,       0.758,       7.764,       3.061
 186500         ,      27.415,       1.750,       6.803,       2.400
 187000         ,      32.366,       0.701,       8.186,       1.702
 187500         ,      30.504,       1.075,       7.372,       1.560
 188000         ,      31.323,       0.390,       8.290,       2.530
 188500         ,      31.747,       0.956,       7.046,       2.815
 189000         ,      31.356,       1.026,       7.517,       1.551
 189500         ,      29.479,       0.881,       6.241,       2.393
 190000         ,      31.573,       0.638,       8.388,       2.008
 190500         ,      33.268,       1.037,       8.815,       1.636
 191000         ,      32.505,       0.806,       8.322,       2.110
 191500         ,      31.898,       1.064,       8.502,       1.886
 192000         ,      30.290,       1.055,       8.180,       1.934
 192500         ,      29.959,       1.077,       6.698,       1.856
 193000         ,      30.474,       0.759,       7.079,       2.173
 193500         ,      31.058,       0.699,       8.584,       2.141
 194000         ,      31.402,       0.542,       8.045,       2.125
 194500         ,      31.380,       0.748,       8.172,       1.870
 195000         ,      32.178,       0.742,       8.804,       2.547
 195500         ,      29.355,       1.235,       8.113,       1.813
 196000         ,      30.705,       0.555,       7.288,       2.457
 196500         ,      32.182,       0.615,       8.525,       2.392
 197000         ,      32.697,       0.443,       8.960,       2.730
 197500         ,      31.643,       0.900,       9.021,       2.514
 198000         ,      31.121,       0.744,       8.178,       2.003
 198500         ,      31.584,       0.554,       8.881,       2.709
 199000         ,      30.742,       0.641,       8.051,       2.584
 199500         ,      30.873,       0.970,       7.956,       2.205
 200000         ,      32.279,       0.673,       8.425,       2.209
 200500         ,      32.227,       0.778,       7.751,       2.032
 201000         ,      31.534,       0.709,       7.885,       2.253
 201500         ,      28.159,       1.250,       5.750,       1.961
 202000         ,      32.063,       0.638,       8.473,       2.407
 202500         ,      33.559,       0.739,       8.109,       2.538
 203000         ,      32.777,       0.511,       8.013,       2.203
 203500         ,      31.143,       1.060,       7.382,       1.322
 204000         ,      30.942,       0.794,       7.737,       2.106
 204500         ,      29.958,       1.078,       7.407,       2.440
 205000         ,      32.194,       0.501,       7.611,       2.438
 205500         ,      30.945,       0.537,       7.703,       2.478
 206000         ,      27.752,       1.430,       5.936,       2.320
 206500         ,      32.407,       0.607,       8.316,       2.782
 207000         ,      32.894,       0.401,       9.145,       2.513
 207500         ,      31.840,       0.854,       8.302,       1.992
 208000         ,      29.624,       0.783,       7.073,       2.998
 208500         ,      32.988,       0.731,       8.831,       1.643
 209000         ,      31.522,       1.048,       8.477,       1.700
 209500         ,      30.976,       0.583,       8.500,       2.158
 210000         ,      31.751,       0.714,       7.670,       2.133
 210500         ,      29.694,       0.860,       6.593,       2.451
 211000         ,      29.938,       1.236,       6.539,       1.489
 211500         ,      32.208,       0.743,       7.939,       2.279
 212000         ,      32.029,       0.796,       8.514,       1.716
 212500         ,      32.012,       0.189,       8.649,       3.180
 213000         ,      28.698,       0.903,       6.994,       2.599
 213500         ,      31.598,       0.760,       8.167,       2.109
 214000         ,      29.997,       0.869,       7.046,       3.038
 214500         ,      30.204,       1.125,       7.428,       1.454
 215000         ,      32.830,       0.699,       7.955,       2.109
 215500         ,      31.599,       0.532,       7.963,       2.562
 216000         ,      29.839,       0.737,       8.262,       2.773
 216500         ,      30.662,       0.780,       7.938,       1.851
 217000         ,      30.134,       1.192,       8.481,       1.613
 217500         ,      32.671,       0.474,       8.320,       2.129
 218000         ,      30.796,       1.225,       8.121,       1.795
 218500         ,      28.786,       0.879,       7.365,       2.071
 219000         ,      31.185,       0.534,       7.658,       2.168
 219500         ,      32.614,       0.592,       8.160,       2.021
 220000         ,      30.209,       1.188,       6.633,       1.756
 220500         ,      29.687,       1.264,       7.729,       1.936
 221000         ,      31.628,       0.940,       7.705,       2.668
 221500         ,      30.746,       1.175,       7.699,       2.057
 222000         ,      31.978,       0.403,       8.079,       2.839
 222500         ,      30.643,       0.683,       7.212,       2.272
 223000         ,      32.338,       0.709,       8.369,       2.157
 223500         ,      30.603,       1.145,       8.292,       1.600
 224000         ,      31.230,       0.633,       8.189,       2.767
 224500         ,      32.454,       0.665,       8.107,       1.682
 225000         ,      29.575,       0.738,       7.361,       2.635
 225500         ,      32.303,       0.959,       7.206,       1.848
 226000         ,      33.040,       1.133,       8.078,       1.519
 226500         ,      32.149,       0.823,       8.343,       2.003
 227000         ,      32.275,       0.468,       8.427,       2.401
 227500         ,      32.617,       0.373,       8.926,       2.575
 228000         ,      31.780,       0.775,       7.828,       2.364
 228500         ,      32.555,       1.038,       7.832,       1.482
 229000         ,      29.906,       0.731,       7.152,       2.496
 229500         ,      31.434,       0.913,       8.138,       1.508
 230000         ,      32.007,       1.100,       7.315,       2.038
 230500         ,      31.423,       0.980,       7.104,       1.653
 231000         ,      31.936,       0.766,       8.279,       1.857
 231500         ,      30.266,       0.792,       7.478,       2.523
 232000         ,      32.431,       0.644,       7.759,       2.007
 232500         ,      28.656,       0.781,       7.597,       2.783
 233000         ,      31.426,       0.604,       8.046,       2.461
 233500         ,      30.607,       0.898,       8.396,       1.987
 234000         ,      32.045,       0.740,       8.103,       1.876
 234500         ,      31.642,       1.123,       8.628,       1.856
 235000         ,      30.460,       0.832,       6.748,       2.216
 235500         ,      31.468,       0.587,       7.715,       2.423
 236000         ,      29.874,       0.952,       7.063,       2.071
 236500         ,      30.049,       0.972,       7.426,       2.189
 237000         ,      29.991,       0.585,       7.444,       2.528
 237500         ,      32.910,       0.579,       8.528,       2.368
 238000         ,      31.149,       1.319,       6.364,       1.738
 238500         ,      31.846,       1.010,       8.048,       1.819
 239000         ,      30.772,       0.779,       7.676,       2.504
 239500         ,      31.406,       1.057,       7.562,       1.375
 240000         ,      30.481,       1.225,       7.136,       1.531
 240500         ,      32.447,       0.474,       8.571,       2.690
 241000         ,      31.981,       0.751,       8.894,       2.238
 241500         ,      29.524,       1.056,       7.047,       1.844
 242000         ,      32.268,       0.743,       7.904,       1.820
 242500         ,      31.737,       0.886,       8.019,       1.859
 243000         ,      32.372,       1.043,       8.156,       1.327
 243500         ,      31.112,       1.459,       7.690,       1.374
 244000         ,      31.173,       0.496,       8.751,       2.945
 244500         ,      33.145,       0.546,       7.741,       2.073
 245000         ,      32.703,       0.772,       7.751,       2.078
 245500         ,      31.947,       0.850,       7.934,       2.049
 246000         ,      31.260,       0.504,       8.804,       2.783
 246500         ,      31.741,       1.128,       7.591,       1.585
 247000         ,      32.713,       1.044,       8.074,       1.874
 247500         ,      31.626,       0.598,       8.051,       2.267
 248000         ,      29.950,       0.644,       8.661,       2.602
 248500         ,      33.306,       0.952,       8.168,       2.092
 249000         ,      32.754,       0.642,       7.909,       2.022
 249500         ,      31.158,       0.518,       8.734,       2.385
 250000         ,      32.518,       0.432,       8.942,       2.293
 250500         ,      32.187,       0.845,       8.231,       1.916
 251000         ,      29.728,       0.665,       6.562,       2.535
 251500         ,      30.704,       0.546,       8.693,       2.428
 252000         ,      32.226,       0.734,       8.049,       1.887
 252500         ,      31.698,       0.273,       8.324,       3.191
 253000         ,      33.519,       1.146,       7.471,       1.959
 253500         ,      26.686,       1.439,       6.474,       2.533
 254000         ,      31.700,       0.815,       8.457,       2.818
 254500         ,      30.335,       0.719,       8.495,       2.774
 255000         ,      29.641,       1.163,       7.391,       2.312
 255500         ,      32.784,       0.558,       8.292,       2.285
 256000         ,      33.144,       1.114,       8.627,       1.672
 256500         ,      29.568,       0.830,       7.710,       2.371
 257000         ,      31.084,       0.759,       8.122,       2.242
 257500         ,      30.718,       0.917,       7.207,       2.093
 258000         ,      29.492,       1.080,       6.670,       2.047
 258500         ,      32.359,       0.700,       8.062,       1.587
 259000         ,      31.983,       0.735,       9.037,       1.993
 259500         ,      28.898,       0.636,       8.162,       2.868
 260000         ,      32.457,       0.584,       9.033,       2.444
 260500         ,      31.907,       0.818,       8.318,       1.845
 261000         ,      30.671,       1.025,       7.076,       1.662
 261500         ,      31.404,       0.963,       7.894,       1.946
 262000         ,      30.898,       1.406,       6.853,       1.237
 262500         ,      29.492,       0.685,       7.520,       2.604
 263000         ,      30.293,       0.434,       8.714,       3.746
 263500         ,      32.341,       0.903,       7.449,       1.885
 264000         ,      28.764,       1.334,       5.777,       1.563
 264500         ,      30.289,       0.684,       7.942,       2.186
 265000         ,      30.879,       0.500,       8.736,       2.835
 265500         ,      31.529,       0.931,       7.062,       1.717
 266000         ,      32.497,       0.692,       8.971,       2.139
 266500         ,      31.917,       0.506,       8.569,       2.724
 267000         ,      31.645,       0.449,       8.241,       2.706
 267500         ,      30.658,       1.287,       7.514,       2.356
 268000         ,      27.884,       1.193,       6.121,       2.312
 268500         ,      31.133,       0.916,       7.651,       1.509
 269000         ,      30.706,       0.810,       7.779,       2.606
 269500         ,      32.586,       0.713,       8.747,       2.203
 270000         ,      28.083,       1.219,       5.759,       2.069
 270500         ,      25.664,       1.660,       4.867,       2.344
 271000         ,      31.919,       0.509,       8.722,       2.978
 271500         ,      33.001,       1.045,       8.117,       1.511
 272000         ,      31.496,       1.147,       7.369,       2.189
 272500         ,      31.410,       1.232,       7.796,       2.140
 273000         ,      30.284,       0.778,       8.067,       2.277
 273500         ,      30.035,       1.409,       6.520,       2.315
 274000         ,      32.468,       0.773,       8.100,       1.955
 274500         ,      30.905,       0.455,       8.586,       2.780
 275000         ,      31.060,       0.900,       8.362,       2.100
 275500         ,      28.776,       0.692,       7.422,       2.282
 276000         ,      28.397,       1.169,       6.251,       2.378
 276500         ,      27.481,       1.062,       6.184,       2.441
 277000         ,      30.529,       1.491,       7.702,       1.847
 277500         ,      31.304,       0.795,       7.669,       2.039
 278000         ,      32.326,       0.589,       7.996,       2.034
 278500         ,      29.363,       0.581,       7.411,       2.606
 279000         ,      32.624,       0.787,       8.852,       2.083
 279500         ,      31.897,       1.113,       8.783,       1.958
 280000         ,      30.676,       0.965,       7.014,       1.776
 280500         ,      31.119,       0.714,       7.844,       1.850
 281000         ,      32.723,       0.805,       8.450,       1.646
 281500         ,      30.516,       0.723,       7.647,       2.325
 282000         ,      31.736,       0.523,       7.860,       2.132
 282500         ,      31.703,       1.002,       7.508,       1.796
 283000         ,      28.966,       0.685,       7.372,       2.965
 283500         ,      31.118,       0.594,       7.525,       2.502
 284000         ,      31.963,       0.575,       8.573,       2.082
 284500         ,      30.961,       0.975,       7.010,       1.976
 285000         ,      29.419,       1.625,       6.062,       1.676
 285500         ,      29.366,       1.302,       7.256,       1.964
 286000         ,      31.957,       0.354,       8.227,       3.076
 286500         ,      30.315,       0.562,       8.293,       3.264
 287000         ,      30.599,       0.825,       7.340,       2.067
 287500         ,      30.909,       0.743,       8.257,       2.033
 288000         ,      29.087,       0.800,       6.926,       2.105
 288500         ,      30.222,       1.113,       6.781,       1.815
 289000         ,      29.576,       1.239,       6.662,       1.861
 289500         ,      30.000,       0.804,       8.078,       2.004
 290000         ,      32.668,       0.868,       8.156,       1.736
 290500         ,      33.267,       1.032,       8.311,       1.758
 291000         ,      30.728,       1.086,       7.457,       1.927
 291500         ,      33.217,       0.575,       7.989,       1.824
 292000         ,      30.520,       0.660,       7.758,       2.597
 292500         ,      32.155,       1.303,       7.143,       1.226
 293000         ,      28.406,       0.853,       7.825,       2.517
 293500         ,      31.854,       0.826,       8.142,       2.325
 294000         ,      28.912,       0.864,       6.723,       1.995
 294500         ,      30.875,       0.801,       8.251,       2.040
 295000         ,      31.756,       0.745,       8.436,       1.815
 295500         ,      32.425,       0.647,       8.438,       1.776
 296000         ,      30.793,       0.784,       7.666,       2.286
 296500         ,      32.091,       0.927,       8.235,       1.578
 297000         ,      30.843,       1.127,       7.544,       2.008
 297500         ,      31.369,       0.999,       8.082,       2.521
 298000         ,      30.096,       1.558,       6.163,       1.626
 298500         ,      31.859,       0.528,       8.826,       2.374
 299000         ,      29.384,       0.753,       8.321,       2.963
 299500         ,      30.760,       0.664,       8.125,       2.532
 300000         ,      31.072,       1.212,       7.658,       2.252
 300500         ,      29.572,       0.953,       6.822,       2.128
 301000         ,      28.082,       0.843,       7.867,       2.958
 301500         ,      30.774,       1.189,       7.044,       1.683
 302000         ,      33.321,       0.635,       8.263,       1.907
 302500         ,      31.493,       1.030,       7.908,       1.832
 303000         ,      29.917,       0.468,       7.635,       2.737
 303500         ,      27.833,       1.767,       5.879,       1.634
 304000         ,      30.231,       0.787,       6.867,       2.305
 304500         ,      30.559,       1.154,       7.405,       2.198
 305000         ,      29.248,       0.961,       8.212,       2.365
 305500         ,      32.277,       0.267,       8.732,       2.659
 306000         ,      31.727,       0.821,       8.100,       1.610
 306500         ,      29.804,       0.912,       6.661,       2.133
 307000         ,      31.599,       0.467,       8.277,       2.897
 307500         ,      32.961,       0.788,       8.292,       1.614
 308000         ,      30.438,       1.373,       7.257,       2.251
 308500         ,      31.601,       1.121,       7.085,       1.706
 309000         ,      31.827,       0.614,       8.665,       2.433
 309500         ,      28.147,       1.073,       6.362,       2.665
 310000         ,      30.421,       0.773,       7.277,       1.692
 310500         ,      31.241,       1.236,       7.545,       2.062
 311000         ,      32.975,       0.647,       8.735,       2.084
 311500         ,      29.959,       0.928,       7.234,       2.052
 312000         ,      31.395,       0.713,       8.349,       2.049
 312500         ,      31.964,       0.604,       8.561,       2.375
 313000         ,      30.411,       0.596,       7.977,       2.020
 313500         ,      30.938,       0.775,       7.024,       1.918
 314000         ,      32.727,       0.663,       8.258,       2.014
 314500         ,      30.823,       0.887,       7.576,       2.399
 315000         ,      29.822,       1.392,       6.647,       1.798
 315500         ,      31.243,       0.787,       8.029,       2.174
 316000         ,      32.477,       0.524,       8.627,       2.096
 316500         ,      32.760,       0.797,       7.992,       1.734
 317000         ,      31.574,       0.828,       8.728,       2.236
 317500         ,      32.372,       0.566,       8.354,       2.080
 318000         ,      26.473,       1.359,       5.374,       2.237
 318500         ,      33.087,       0.630,       8.082,       1.675
 319000         ,      32.166,       0.992,       8.290,       1.840
 319500         ,      32.462,       0.849,       8.882,       2.204
 320000         ,      32.045,       0.893,       7.433,       2.027
 320500         ,      29.842,       1.222,       6.545,       1.770
 321000         ,      28.541,       1.081,       5.739,       1.862
 321500         ,      25.620,       1.470,       6.125,       2.877
 322000         ,      31.330,       0.989,       7.892,       1.757
 322500         ,      31.947,       0.698,       8.016,       2.055
 323000         ,      30.651,       0.844,       7.117,       2.430
 323500         ,      32.739,       0.519,       8.039,       1.781
 324000         ,      32.833,       0.542,       8.176,       2.396
 324500         ,      32.605,       1.256,       7.218,       1.478
 325000         ,      32.620,       0.511,       8.115,       1.950
 325500         ,      28.657,       1.159,       6.871,       2.062
 326000         ,      31.952,       0.989,       7.239,       1.680
 326500         ,      30.517,       0.826,       7.494,       2.542
 327000         ,      33.087,       0.808,       8.462,       2.597
 327500         ,      32.893,       0.726,       8.231,       1.529
 328000         ,      31.824,       0.458,       8.315,       2.224
 328500         ,      32.280,       0.489,       8.193,       2.250
 329000         ,      29.492,       0.902,       8.498,       2.574
 329500         ,      31.009,       1.100,       7.833,       1.985
 330000         ,      30.466,       1.171,       7.765,       1.808
 330500         ,      31.916,       0.777,       8.608,       1.685
 331000         ,      31.730,       1.169,       7.657,       1.594
 331500         ,      30.370,       0.970,       7.489,       2.877
 332000         ,      31.243,       0.736,       8.277,       2.521
 332500         ,      28.976,       1.299,       6.768,       2.032
 333000         ,      31.925,       0.946,       7.833,       2.119
 333500         ,      31.928,       1.048,       7.917,       1.838
 334000         ,      29.971,       1.037,       7.069,       1.823
 334500         ,      29.566,       0.704,       6.770,       2.596
 335000         ,      31.817,       0.690,       7.542,       1.775
 335500         ,      30.351,       1.280,       7.079,       1.678
 336000         ,      29.740,       0.626,       7.352,       2.521
 336500         ,      30.138,       1.226,       7.032,       1.976
 337000         ,      30.439,       0.705,       8.758,       2.517
 337500         ,      30.138,       1.134,       6.742,       1.599
 338000         ,      32.240,       1.216,       7.464,       1.419
 338500         ,      30.158,       0.801,       6.917,       1.934
 339000         ,      31.635,       0.402,       8.821,       2.821
 339500         ,      30.636,       1.537,       6.220,       1.392
 340000         ,      32.199,       0.672,       8.243,       2.284
 340500         ,      30.002,       1.584,       6.737,       1.614
 341000         ,      31.536,       1.124,       7.488,       1.847
 341500         ,      31.248,       0.803,       7.060,       2.326
 342000         ,      31.485,       0.746,       8.158,       1.963
 342500         ,      30.257,       0.844,       7.322,       2.171
 343000         ,      32.994,       0.621,       8.292,       1.978
 343500         ,      30.055,       1.269,       6.124,       1.952
 344000         ,      30.614,       1.069,       6.425,       1.955
 344500         ,      29.672,       0.842,       7.533,       2.357
 345000         ,      30.942,       1.349,       7.113,       1.155
 345500         ,      32.573,       0.733,       7.034,       1.623
 346000         ,      32.133,       0.655,       8.240,       1.915
 346500         ,      32.019,       0.857,       8.113,       1.724
 347000         ,      33.258,       0.766,       8.738,       1.911
 347500         ,      33.376,       0.428,       8.855,       2.582
 348000         ,      31.822,       0.960,       8.146,       1.593
 348500         ,      32.861,       0.549,       8.646,       2.304
 349000         ,      33.112,       0.677,       8.155,       1.676
 349500         ,      31.432,       0.939,       8.645,       2.138
 350000         ,      31.647,       0.931,       6.652,       1.562
 350500         ,      31.075,       0.499,       9.067,       2.883
 351000         ,      33.410,       1.464,       8.063,       1.073
 351500         ,      30.175,       0.652,       7.334,       2.611
 352000         ,      29.716,       0.810,       7.681,       2.730
 352500         ,      32.466,       0.694,       8.563,       2.020
 353000         ,      29.056,       1.630,       6.261,       1.581
 353500         ,      30.048,       0.953,       7.392,       2.173
 354000         ,      30.449,       0.859,       6.556,       2.150
 354500         ,      30.536,       0.839,       8.048,       1.977
 355000         ,      32.279,       0.589,       7.740,       2.748
 355500         ,      29.841,       1.255,       5.951,       1.810
 356000         ,      24.624,       2.061,       5.628,       3.189
 356500         ,      30.438,       1.239,       6.895,       1.502
 357000         ,      32.145,       1.191,       8.076,       1.324
 357500         ,      30.795,       0.839,       6.484,       1.907
 358000         ,      31.879,       0.531,       8.713,       2.276
 358500         ,      32.954,       0.942,       8.290,       1.711
 359000         ,      30.029,       0.921,       7.808,       1.933
 359500         ,      30.019,       0.935,       7.518,       1.901
 360000         ,      30.081,       1.079,       7.521,       2.842
 360500         ,      32.857,       0.876,       7.808,       1.726
 361000         ,      31.553,       1.086,       7.934,       1.485
 361500         ,      32.977,       0.573,       8.472,       2.301
 362000         ,      31.711,       0.765,       8.433,       1.915
 362500         ,      30.590,       0.755,       7.191,       1.893
 363000         ,      32.924,       0.675,       7.728,       2.125
 363500         ,      29.773,       0.570,       7.638,       2.314
 364000         ,      32.203,       0.744,       8.041,       1.444
 364500         ,      31.088,       1.037,       7.276,       1.506
 365000         ,      31.558,       0.732,       7.812,       2.008
 365500         ,      30.556,       0.768,       8.652,       2.297
 366000         ,      32.491,       1.347,       6.825,       1.159
 366500         ,      32.116,       0.393,       9.174,       2.618
 367000         ,      32.469,       0.995,       7.721,       1.712
 367500         ,      31.073,       1.022,       7.890,       1.606
 368000         ,      29.713,       0.730,       8.365,       2.122
 368500         ,      30.951,       0.621,       7.325,       2.307
 369000         ,      32.021,       0.551,       8.901,       2.413
 369500         ,      32.625,       1.162,       8.408,       1.291
 370000         ,      30.372,       0.899,       7.123,       2.298
 370500         ,      31.190,       0.515,       7.737,       1.944
 371000         ,      28.002,       1.176,       6.185,       1.865
 371500         ,      29.301,       0.731,       6.962,       2.404
 372000         ,      31.750,       0.765,       8.750,       1.837
 372500         ,      30.443,       1.167,       6.748,       2.224
 373000         ,      29.997,       1.134,       7.841,       2.066
 373500         ,      32.697,       0.970,       7.728,       1.782
 374000         ,      31.645,       0.703,       7.896,       1.787
 374500         ,      33.280,       0.766,       8.351,       1.698
 375000         ,      31.597,       0.790,       8.120,       1.743
 375500         ,      31.716,       0.861,       8.000,       2.043
 376000         ,      31.537,       1.049,       7.176,       2.253
 376500         ,      31.244,       1.238,       6.561,       1.760
 377000         ,      31.335,       0.708,       8.091,       2.415
 377500         ,      31.014,       0.804,       8.552,       1.858
 378000         ,      31.441,       0.740,       8.574,       2.469
 378500         ,      32.359,       0.557,       8.567,       2.008
 379000         ,      30.847,       0.945,       7.802,       1.686
 379500         ,      30.615,       1.243,       6.217,       1.834
 380000         ,      31.900,       0.919,       7.394,       2.111
 380500         ,      31.764,       0.876,       7.897,       1.772
 381000         ,      31.287,       0.962,       6.843,       1.983
 381500         ,      30.963,       0.532,       7.727,       2.728
 382000         ,      29.038,       1.098,       6.193,       1.987
 382500         ,      30.600,       0.774,       7.505,       1.931
 383000         ,      31.496,       1.310,       7.789,       1.168
 383500         ,      29.251,       0.924,       7.186,       1.989
 384000         ,      27.585,       1.108,       7.100,       2.376
 384500         ,      31.423,       0.775,       7.177,       1.678
 385000         ,      31.567,       0.871,       7.798,       1.696
 385500         ,      33.342,       0.947,       8.790,       1.486
 386000         ,      28.977,       1.287,       6.621,       2.217
 386500         ,      29.700,       1.048,       7.357,       1.636
 387000         ,      32.077,       0.546,       8.388,       2.192
 387500         ,      28.023,       0.852,       7.753,       2.773
 388000         ,      31.069,       0.393,       8.938,       2.597
 388500         ,      32.417,       0.897,       8.409,       1.950
 389000         ,      30.330,       1.170,       6.562,       2.544
 389500         ,      31.852,       0.978,       8.417,       1.401
 390000         ,      27.507,       1.171,       7.551,       2.180
 390500         ,      31.345,       0.874,       8.347,       1.864
 391000         ,      29.002,       0.717,       6.820,       2.209
 391500         ,      32.422,       0.440,       9.167,       3.178
 392000         ,      32.383,       0.884,       7.329,       1.816
 392500         ,      31.678,       0.489,       8.204,       2.087
 393000         ,      31.628,       0.357,       8.710,       3.191
 393500         ,      28.935,       0.964,       7.516,       2.846
 394000         ,      30.106,       0.667,       8.448,       2.712
 394500         ,      31.397,       0.837,       7.857,       1.430
 395000         ,      31.752,       1.006,       7.900,       1.845
 395500         ,      30.798,       0.786,       8.164,       1.674
 396000         ,      33.266,       0.929,       8.320,       1.656
 396500         ,      32.732,       0.374,       8.186,       2.712
 397000         ,      30.200,       0.828,       7.489,       1.977
 397500         ,      30.959,       0.606,       8.192,       2.352
 398000         ,      30.376,       1.114,       6.936,       1.650
 398500         ,      32.771,       0.382,       8.864,       3.068
 399000         ,      30.690,       0.897,       7.865,       1.631
 399500         ,      32.521,       0.899,       7.167,       1.524
 400000         ,      32.336,       0.612,       7.768,       1.696
 400500         ,      31.923,       1.054,       7.659,       1.552
 401000         ,      32.822,       0.717,       8.514,       1.811
 401500         ,      29.993,       0.671,       8.081,       2.586
 402000         ,      32.510,       0.693,       8.005,       1.663
 402500         ,      28.578,       1.130,       6.852,       2.107
 403000         ,      29.063,       1.153,       6.678,       2.191
 403500         ,      30.545,       0.976,       6.877,       1.812
 404000         ,      33.216,       0.519,       8.030,       2.393
 404500         ,      32.204,       0.514,       9.035,       2.560
 405000         ,      32.113,       0.469,       7.515,       2.042
 405500         ,      30.252,       0.968,       8.211,       2.893
 406000         ,      29.924,       0.655,       8.254,       2.342
 406500         ,      28.331,       0.816,       6.464,       2.150
 407000         ,      30.164,       1.476,       6.954,       2.158
 407500         ,      30.275,       1.516,       6.146,       1.933
 408000         ,      32.536,       0.736,       8.384,       1.967
 408500         ,      31.472,       0.778,       7.613,       1.914
 409000         ,      29.680,       1.156,       6.217,       2.013
 409500         ,      32.376,       0.751,       8.301,       1.836
 410000         ,      30.734,       0.775,       6.802,       1.980
 410500         ,      28.185,       0.770,       6.516,       2.470
 411000         ,      30.217,       0.672,       8.278,       2.295
 411500         ,      29.913,       0.901,       7.751,       2.408
 412000         ,      31.567,       0.606,       8.689,       2.267
 412500         ,      32.529,       0.636,       8.175,       1.999
 413000         ,      30.424,       0.518,       7.511,       2.914
 413500         ,      29.592,       0.923,       7.552,       2.354
 414000         ,      29.230,       0.774,       7.204,       2.209
 414500         ,      32.190,       0.839,       8.116,       1.493
 415000         ,      29.853,       1.288,       6.641,       2.038
 415500         ,      30.945,       0.646,       7.250,       2.065
 416000         ,      31.504,       1.050,       7.938,       1.493
 416500         ,      32.012,       0.483,       8.796,       2.272
 417000         ,      29.330,       0.713,       6.777,       2.171
 417500         ,      31.101,       0.619,       8.035,       2.504
 418000         ,      33.182,       0.719,       8.626,       1.942
 418500         ,      30.830,       0.822,       7.826,       2.022
 419000         ,      32.871,       0.810,       8.105,       1.469
 419500         ,      30.348,       0.804,       6.915,       1.903
 420000         ,      29.945,       0.723,       7.314,       2.349
 420500         ,      31.326,       0.845,       7.281,       1.752
 421000         ,      29.301,       0.920,       7.800,       2.866
 421500         ,      30.425,       0.814,       8.864,       2.449
 422000         ,      31.741,       0.583,       8.339,       2.425
 422500         ,      31.007,       0.701,       7.545,       2.123
 423000         ,      29.417,       0.796,       6.915,       2.127
 423500         ,      32.039,       0.645,       8.714,       2.060
 424000         ,      31.572,       0.958,       8.077,       2.586
 424500         ,      28.331,       1.085,       7.927,       2.688
 425000         ,      31.339,       0.688,       8.781,       2.571
 425500         ,      32.425,       0.628,       8.928,       2.125
 426000         ,      31.939,       0.765,       8.382,       1.946
 426500         ,      31.186,       0.640,       7.930,       2.433
 427000         ,      32.346,       1.197,       7.581,       1.706
 427500         ,      32.440,       1.212,       8.859,       1.623
 428000         ,      31.018,       0.942,       7.982,       2.012
 428500         ,      32.095,       0.586,       8.721,       2.303
 429000         ,      32.493,       0.660,       8.370,       1.783
 429500         ,      29.345,       1.136,       7.384,       2.392
 430000         ,      31.894,       0.279,       8.172,       2.471
 430500         ,      29.633,       0.890,       8.166,       2.134
 431000         ,      30.708,       0.889,       7.586,       2.213
 431500         ,      31.539,       0.779,       8.627,       1.825
 432000         ,      29.175,       0.998,       6.833,       2.226
 432500         ,      31.373,       0.727,       8.500,       2.052
 433000         ,      31.068,       1.252,       7.092,       1.226
 433500         ,      31.685,       1.153,       7.765,       1.607
 434000         ,      32.531,       0.291,       8.963,       2.775
 434500         ,      31.223,       0.727,       8.211,       2.193
 435000         ,      30.650,       0.965,       8.060,       2.126
 435500         ,      30.480,       1.089,       7.427,       1.496
 436000         ,      31.567,       0.635,       8.096,       2.492
 436500         ,      31.969,       1.195,       7.065,       1.463
 437000         ,      32.699,       0.753,       8.144,       1.465
 437500         ,      31.442,       0.809,       7.942,       1.905
 438000         ,      31.535,       0.987,       7.743,       1.598
 438500         ,      31.476,       0.768,       8.712,       2.007
 439000         ,      30.780,       0.798,       7.517,       2.332
 439500         ,      30.843,       0.572,       7.970,       2.246
 440000         ,      32.908,       0.318,       9.068,       2.546
 440500         ,      31.360,       0.477,       9.110,       2.870
 441000         ,      32.255,       0.903,       8.186,       2.077
 441500         ,      30.345,       1.120,       6.436,       2.384
 442000         ,      32.175,       1.179,       7.649,       1.546
 442500         ,      32.286,       0.729,       8.568,       1.796
 443000         ,      29.841,       1.241,       5.666,       2.015
 443500         ,      30.416,       1.266,       7.160,       2.048
 444000         ,      31.114,       0.581,       8.411,       2.884
 444500         ,      31.269,       1.017,       7.723,       1.869
 445000         ,      32.846,       0.818,       8.396,       1.968
 445500         ,      31.750,       1.098,       7.931,       1.655
 446000         ,      32.226,       0.791,       8.088,       2.358
 446500         ,      32.091,       1.023,       8.575,       1.710
 447000         ,      28.270,       1.016,       6.473,       2.613
 447500         ,      30.524,       0.705,       8.207,       3.093
 448000         ,      30.426,       1.041,       6.578,       2.285
 448500         ,      33.299,       0.997,       7.890,       2.335
 449000         ,      30.866,       1.177,       7.921,       1.745
 449500         ,      31.139,       1.088,       7.203,       1.931
 450000         ,      31.723,       1.018,       7.633,       1.247
 450500         ,      32.123,       0.666,       8.695,       2.096
 451000         ,      31.709,       0.548,       8.458,       2.714
 451500         ,      31.957,       0.706,       8.741,       1.913
 452000         ,      31.244,       0.855,       7.245,       1.884
 452500         ,      31.694,       0.636,       7.775,       2.591
 453000         ,      31.898,       0.667,       7.850,       2.373
 453500         ,      33.102,       0.408,       8.480,       2.463
 454000         ,      32.184,       1.004,       6.653,       2.406
 454500         ,      31.003,       0.953,       6.906,       1.778
 455000         ,      32.669,       0.827,       8.454,       1.895
 455500         ,      32.622,       0.789,       7.512,       1.579
 456000         ,      31.409,       1.045,       7.985,       1.996
 456500         ,      31.487,       0.756,       8.160,       1.997
 457000         ,      31.946,       0.599,       8.199,       2.059
 457500         ,      32.241,       0.677,       7.937,       2.010
 458000         ,      30.712,       1.369,       7.587,       1.776
 458500         ,      31.853,       1.147,       8.538,       1.657
 459000         ,      32.026,       0.736,       7.987,       2.064
 459500         ,      29.139,       0.928,       7.940,       2.369
 460000         ,      31.081,       1.006,       7.299,       1.803
 460500         ,      32.456,       0.856,       7.559,       2.367
 461000         ,      30.349,       0.730,       8.617,       2.470
 461500         ,      31.178,       0.988,       7.651,       2.148
 462000         ,      32.223,       0.661,       9.077,       2.364
 462500         ,      31.661,       1.397,       7.275,       1.689
 463000         ,      31.854,       0.460,       8.846,       2.790
 463500         ,      29.611,       0.840,       7.483,       2.660
 464000         ,      31.948,       0.499,       8.661,       2.627
 464500         ,      30.000,       0.863,       6.078,       2.514
 465000         ,      31.945,       1.451,       7.651,       1.578
 465500         ,      29.161,       0.985,       7.730,       2.132
 466000         ,      30.457,       0.756,       9.032,       2.343
 466500         ,      30.680,       0.881,       7.227,       2.488
 467000         ,      31.663,       1.002,       9.101,       1.864
 467500         ,      32.436,       0.665,       7.383,       2.362
 468000         ,      32.780,       0.820,       8.269,       1.820
 468500         ,      32.566,       0.663,       8.312,       2.588
 469000         ,      29.922,       0.499,       8.611,       2.601
 469500         ,      32.390,       0.873,       8.612,       1.619
 470000         ,      31.399,       0.921,       8.285,       1.729
 470500         ,      31.326,       0.794,       8.028,       1.988
 471000         ,      30.719,       0.936,       7.513,       1.535
 471500         ,      33.033,       0.774,       8.686,       2.576
 472000         ,      31.441,       0.548,       9.158,       2.576
 472500         ,      32.590,       0.671,       8.441,       1.781
 473000         ,      29.249,       0.845,       6.643,       2.120
 473500         ,      31.179,       0.771,       7.562,       2.285
 474000         ,      32.124,       0.695,       8.438,       2.005
 474500         ,      32.753,       0.742,       8.729,       2.371
 475000         ,      30.639,       1.252,       7.232,       1.346
 475500         ,      31.704,       0.829,       7.297,       2.013
 476000         ,      29.446,       0.612,       7.848,       3.227
 476500         ,      31.510,       0.422,       9.072,       2.641
 477000         ,      32.103,       0.544,       9.046,       2.891
 477500         ,      31.084,       0.995,       7.471,       2.086
 478000         ,      33.120,       0.404,       9.133,       2.637
 478500         ,      30.620,       0.631,       7.327,       2.134
 479000         ,      29.454,       0.945,       6.783,       2.052
 479500         ,      32.287,       0.550,       9.098,       2.537
 480000         ,      30.249,       0.728,       7.972,       1.955
 480500         ,      31.150,       0.466,       8.794,       2.825
 481000         ,      32.082,       0.880,       7.727,       1.534
 481500         ,      31.735,       0.598,       8.179,       2.412
 482000         ,      30.282,       1.786,       6.448,       1.401
 482500         ,      31.538,       1.051,       7.765,       2.282
 483000         ,      31.134,       0.658,       8.879,       2.723
 483500         ,      32.422,       0.522,       8.248,       2.216
 484000         ,      30.184,       0.649,       7.768,       2.318
 484500         ,      29.546,       0.962,       6.811,       1.915
 485000         ,      31.893,       0.960,       7.701,       1.688
 485500         ,      31.105,       1.254,       7.621,       1.714
 486000         ,      31.844,       0.251,       9.262,       3.146
 486500         ,      30.697,       1.211,       8.634,       1.922
 487000         ,      29.037,       1.297,       6.377,       1.631
 487500         ,      29.082,       1.547,       7.432,       2.008
 488000         ,      30.809,       0.771,       7.818,       1.993
 488500         ,      32.903,       1.127,       7.253,       1.802
 489000         ,      32.434,       0.401,       8.908,       2.888
 489500         ,      31.833,       0.655,       8.209,       2.453
 490000         ,      33.000,       0.705,       8.371,       2.276
 490500         ,      31.239,       1.194,       8.656,       1.700
 491000         ,      32.198,       0.570,       7.854,       2.433
 491500         ,      32.084,       0.712,       8.758,       2.266
 492000         ,      32.306,       0.717,       7.207,       2.420
 492500         ,      31.834,       0.866,       7.361,       2.137
 493000         ,      27.738,       1.382,       7.192,       2.121
 493500         ,      33.130,       0.755,       7.476,       1.777
 494000         ,      30.678,       0.535,       7.985,       1.930
 494500         ,      32.201,       1.079,       7.680,       2.109
 495000         ,      32.128,       0.605,       8.959,       2.582
 495500         ,      30.902,       0.774,       8.480,       2.698
 496000         ,      31.205,       0.475,       7.814,       2.748
 496500         ,      32.640,       0.887,       7.301,       1.896
 497000         ,      32.414,       0.619,       8.636,       1.817
 497500         ,      27.650,       1.177,       7.339,       2.307
 498000         ,      31.350,       1.671,       6.944,       1.373
 498500         ,      29.951,       1.627,       6.646,       1.656
 499000         ,      31.808,       0.702,       8.671,       2.005
 499500         ,      30.145,       1.317,       6.983,       1.944
 500000         ,      29.824,       1.190,       7.334,       1.435
