#  i  j  r_ij^avg sigma_(rij)
# average of the distance between residues i and j and the standard deviation (computed across frames.
   1    1    0.0000    0.0000
   1    2    0.1342    0.0034
   1    3    0.2839    0.0613
   1    4    0.5301    0.1118
   1    5    0.7755    0.1824
   1    6    0.7634    0.3172
   1    7    0.8692    0.1998
   1    8    0.7847    0.3277
   1    9    0.7900    0.3238
   1   10    0.8671    0.2187
   1   11    0.8891    0.1684
   1   12    0.9900    0.0452
   1   13    0.9812    0.0926
   1   14    0.9795    0.1102
   1   15    0.9858    0.0615
   1   16    0.9415    0.1139
   1   17    0.8177    0.2503
   1   18    0.7489    0.2028
   1   19    0.6301    0.2815
   1   20    0.8308    0.2214
   1   21    0.9070    0.1349
   1   22    0.9537    0.1361
   1   23    0.8826    0.2019
   1   24    0.8415    0.2392

   2    1    0.1342    0.0034
   2    2    0.0000    0.0000
   2    3    0.1349    0.0029
   2    4    0.3372    0.0815
   2    5    0.6167    0.1217
   2    6    0.7995    0.2137
   2    7    0.9562    0.0870
   2    8    0.8859    0.1692
   2    9    0.8698    0.1750
   2   10    0.9679    0.0750
   2   11    0.9228    0.1076
   2   12    0.9902    0.0490
   2   13    0.9761    0.1042
   2   14    0.9829    0.0910
   2   15    0.9890    0.0628
   2   16    0.9570    0.1030
   2   17    0.8223    0.1966
   2   18    0.7271    0.2023
   2   19    0.5344    0.2775
   2   20    0.7993    0.2202
   2   21    0.8994    0.1422
   2   22    0.9613    0.1231
   2   23    0.9046    0.1675
   2   24    0.8627    0.1796

   3    1    0.2839    0.0613
   3    2    0.1349    0.0029
   3    3    0.0000    0.0000
   3    4    0.1350    0.0027
   3    5    0.3476    0.0673
   3    6    0.5393    0.2047
   3    7    0.8137    0.1824
   3    8    0.8412    0.2194
   3    9    0.7989    0.2397
   3   10    0.9369    0.1037
   3   11    0.8468    0.1774
   3   12    0.9584    0.0993
   3   13    0.9634    0.1312
   3   14    0.9767    0.1147
   3   15    0.9786    0.1121
   3   16    0.8529    0.1502
   3   17    0.6913    0.1904
   3   18    0.6592    0.3415
   3   19    0.4794    0.2681
   3   20    0.6149    0.2247
   3   21    0.7413    0.2853
   3   22    0.8233    0.2571
   3   23    0.7817    0.3038
   3   24    0.7730    0.2302

   4    1    0.5301    0.1118
   4    2    0.3372    0.0815
   4    3    0.1350    0.0027
   4    4    0.0000    0.0000
   4    5    0.1346    0.0028
   4    6    0.3774    0.0704
   4    7    0.6793    0.1108
   4    8    0.8331    0.0983
   4    9    0.7294    0.1663
   4   10    0.9395    0.1058
   4   11    0.7400    0.2259
   4   12    0.8859    0.1744
   4   13    0.8923    0.1595
   4   14    0.9659    0.0789
   4   15    0.9652    0.0626
   4   16    0.7871    0.1964
   4   17    0.6305    0.2456
   4   18    0.6790    0.2839
   4   19    0.4475    0.2748
   4   20    0.5569    0.2628
   4   21    0.7698    0.1887
   4   22    0.9218    0.1221
   4   23    0.9371    0.0971
   4   24    0.6801    0.1979

   5    1    0.7755    0.1824
   5    2    0.6167    0.1217
   5    3    0.3476    0.0673
   5    4    0.1346    0.0028
   5    5    0.0000    0.0000
   5    6    0.1345    0.0029
   5    7    0.3829    0.0728
   5    8    0.5867    0.0400
   5    9    0.6120    0.1098
   5   10    0.9336    0.0841
   5   11    0.6944    0.1756
   5   12    0.8407    0.2222
   5   13    0.7802    0.3019
   5   14    0.9155    0.1535
   5   15    0.9316    0.1022
   5   16    0.7793    0.1959
   5   17    0.6801    0.2708
   5   18    0.8194    0.2361
   5   19    0.5736    0.3105
   5   20    0.6006    0.1909
   5   21    0.8781    0.1495
   5   22    0.9801    0.0701
   5   23    0.9894    0.0368
   5   24    0.6351    0.1670

   6    1    0.7634    0.3172
   6    2    0.7995    0.2137
   6    3    0.5393    0.2047
   6    4    0.3774    0.0704
   6    5    0.1345    0.0029
   6    6    0.0000    0.0000
   6    7    0.1345    0.0029
   6    8    0.2459    0.0548
   6    9    0.3031    0.1205
   6   10    0.6388    0.1098
   6   11    0.6031    0.1553
   6   12    0.8667    0.1703
   6   13    0.9220    0.1195
   6   14    0.9882    0.0381
   6   15    0.9295    0.1157
   6   16    0.8631    0.1193
   6   17    0.6083    0.2235
   6   18    0.8621    0.1775
   6   19    0.6382    0.1936
   6   20    0.6505    0.1402
   6   21    0.9439    0.0795
   6   22    0.9999    0.0022
   6   23    1.0000    0.0000
   6   24    0.5381    0.1645

   7    1    0.8692    0.1998
   7    2    0.9562    0.0870
   7    3    0.8137    0.1824
   7    4    0.6793    0.1108
   7    5    0.3829    0.0728
   7    6    0.1345    0.0029
   7    7    0.0000    0.0000
   7    8    0.1348    0.0029
   7    9    0.3052    0.0350
   7   10    0.5599    0.1348
   7   11    0.6889    0.1439
   7   12    0.8404    0.2011
   7   13    0.8842    0.2033
   7   14    0.9678    0.0981
   7   15    0.9733    0.0938
   7   16    0.9669    0.0920
   7   17    0.8446    0.1569
   7   18    0.9910    0.0250
   7   19    0.8609    0.1529
   7   20    0.8573    0.1319
   7   21    0.9973    0.0157
   7   22    0.9989    0.0114
   7   23    1.0000    0.0000
   7   24    0.7218    0.1279

   8    1    0.7847    0.3277
   8    2    0.8859    0.1692
   8    3    0.8412    0.2194
   8    4    0.8331    0.0983
   8    5    0.5867    0.0400
   8    6    0.2459    0.0548
   8    7    0.1348    0.0029
   8    8    0.0000    0.0000
   8    9    0.1347    0.0028
   8   10    0.3221    0.0736
   8   11    0.5889    0.0343
   8   12    0.9442    0.0699
   8   13    0.9928    0.0384
   8   14    0.9993    0.0092
   8   15    0.9866    0.0325
   8   16    0.9937    0.0168
   8   17    0.7680    0.0906
   8   18    0.9900    0.0407
   8   19    0.8880    0.1145
   8   20    0.9210    0.0652
   8   21    0.9996    0.0050
   8   22    0.9984    0.0169
   8   23    0.9993    0.0132
   8   24    0.7034    0.0578

   9    1    0.7900    0.3238
   9    2    0.8698    0.1750
   9    3    0.7989    0.2397
   9    4    0.7294    0.1663
   9    5    0.6120    0.1098
   9    6    0.3031    0.1205
   9    7    0.3052    0.0350
   9    8    0.1347    0.0028
   9    9    0.0000    0.0000
   9   10    0.1349    0.0026
   9   11    0.2627    0.0328
   9   12    0.6295    0.0616
   9   13    0.8679    0.0832
   9   14    0.8699    0.0868
   9   15    0.6600    0.0846
   9   16    0.5979    0.0409
   9   17    0.3665    0.0195
   9   18    0.7417    0.0571
   9   19    0.6217    0.0984
   9   20    0.5220    0.0106
   9   21    0.8618    0.0466
   9   22    0.9959    0.0270
   9   23    0.9999    0.0016
   9   24    0.2632    0.0094

  10    1    0.8671    0.2187
  10    2    0.9679    0.0750
  10    3    0.9369    0.1037
  10    4    0.9395    0.1058
  10    5    0.9336    0.0841
  10    6    0.6388    0.1098
  10    7    0.5599    0.1348
  10    8    0.3221    0.0736
  10    9    0.1349    0.0026
  10   10    0.0000    0.0000
  10   11    0.1349    0.0027
  10   12    0.4048    0.0382
  10   13    0.7456    0.0452
  10   14    0.7225    0.1066
  10   15    0.6361    0.0742
  10   16    0.7048    0.0811
  10   17    0.5698    0.1347
  10   18    0.8760    0.1879
  10   19    0.8859    0.1370
  10   20    0.8338    0.0709
  10   21    0.9767    0.0706
  10   22    0.9996    0.0050
  10   23    0.9954    0.0346
  10   24    0.6023    0.0620

  11    1    0.8891    0.1684
  11    2    0.9228    0.1076
  11    3    0.8468    0.1774
  11    4    0.7400    0.2259
  11    5    0.6944    0.1756
  11    6    0.6031    0.1553
  11    7    0.6889    0.1439
  11    8    0.5889    0.0343
  11    9    0.2627    0.0328
  11   10    0.1349    0.0027
  11   11    0.0000    0.0000
  11   12    0.1348    0.0029
  11   13    0.4157    0.0256
  11   14    0.3485    0.0970
  11   15    0.2731    0.0349
  11   16    0.2666    0.0353
  11   17    0.2398    0.0297
  11   18    0.6178    0.0461
  11   19    0.6192    0.0438
  11   20    0.2933    0.0367
  11   21    0.6180    0.0613
  11   22    0.8403    0.0949
  11   23    0.9888    0.0459
  11   24    0.2223    0.0068

  12    1    0.9900    0.0452
  12    2    0.9902    0.0490
  12    3    0.9584    0.0993
  12    4    0.8859    0.1744
  12    5    0.8407    0.2222
  12    6    0.8667    0.1703
  12    7    0.8404    0.2011
  12    8    0.9442    0.0699
  12    9    0.6295    0.0616
  12   10    0.4048    0.0382
  12   11    0.1348    0.0029
  12   12    0.0000    0.0000
  12   13    0.1348    0.0029
  12   14    0.2881    0.0262
  12   15    0.4237    0.1108
  12   16    0.3911    0.0929
  12   17    0.6727    0.0529
  12   18    0.9991    0.0048
  12   19    0.9977    0.0086
  12   20    0.6596    0.0677
  12   21    0.8925    0.0909
  12   22    0.9359    0.0901
  12   23    0.9933    0.0404
  12   24    0.7042    0.0528

  13    1    0.9812    0.0926
  13    2    0.9761    0.1042
  13    3    0.9634    0.1312
  13    4    0.8923    0.1595
  13    5    0.7802    0.3019
  13    6    0.9220    0.1195
  13    7    0.8842    0.2033
  13    8    0.9928    0.0384
  13    9    0.8679    0.0832
  13   10    0.7456    0.0452
  13   11    0.4157    0.0256
  13   12    0.1348    0.0029
  13   13    0.0000    0.0000
  13   14    0.1346    0.0029
  13   15    0.4069    0.0722
  13   16    0.3559    0.1440
  13   17    0.8024    0.0596
  13   18    0.9992    0.0083
  13   19    0.9991    0.0059
  13   20    0.7025    0.0790
  13   21    0.8176    0.1356
  13   22    0.8319    0.1618
  13   23    0.9774    0.0951
  13   24    0.8693    0.0620

  14    1    0.9795    0.1102
  14    2    0.9829    0.0910
  14    3    0.9767    0.1147
  14    4    0.9659    0.0789
  14    5    0.9155    0.1535
  14    6    0.9882    0.0381
  14    7    0.9678    0.0981
  14    8    0.9993    0.0092
  14    9    0.8699    0.0868
  14   10    0.7225    0.1066
  14   11    0.3485    0.0970
  14   12    0.2881    0.0262
  14   13    0.1346    0.0029
  14   14    0.0000    0.0000
  14   15    0.1349    0.0028
  14   16    0.3129    0.0500
  14   17    0.7015    0.0447
  14   18    0.9954    0.0163
  14   19    0.9999    0.0021
  14   20    0.7713    0.0577
  14   21    0.7784    0.0970
  14   22    0.8159    0.1518
  14   23    0.9583    0.1233
  14   24    0.8937    0.0569

  15    1    0.9858    0.0615
  15    2    0.9890    0.0628
  15    3    0.9786    0.1121
  15    4    0.9652    0.0626
  15    5    0.9316    0.1022
  15    6    0.9295    0.1157
  15    7    0.9733    0.0938
  15    8    0.9866    0.0325
  15    9    0.6600    0.0846
  15   10    0.6361    0.0742
  15   11    0.2731    0.0349
  15   12    0.4237    0.1108
  15   13    0.4069    0.0722
  15   14    0.1349    0.0028
  15   15    0.0000    0.0000
  15   16    0.1347    0.0028
  15   17    0.3949    0.0383
  15   18    0.7218    0.0520
  15   19    0.8672    0.0393
  15   20    0.5835    0.0738
  15   21    0.6401    0.0722
  15   22    0.8329    0.1238
  15   23    0.9586    0.1067
  15   24    0.6609    0.0546

  16    1    0.9415    0.1139
  16    2    0.9570    0.1030
  16    3    0.8529    0.1502
  16    4    0.7871    0.1964
  16    5    0.7793    0.1959
  16    6    0.8631    0.1193
  16    7    0.9669    0.0920
  16    8    0.9937    0.0168
  16    9    0.5979    0.0409
  16   10    0.7048    0.0811
  16   11    0.2666    0.0353
  16   12    0.3911    0.0929
  16   13    0.3559    0.1440
  16   14    0.3129    0.0500
  16   15    0.1347    0.0028
  16   16    0.0000    0.0000
  16   17    0.1350    0.0028
  16   18    0.4298    0.0227
  16   19    0.5678    0.0255
  16   20    0.2400    0.0245
  16   21    0.2730    0.0616
  16   22    0.3927    0.1436
  16   23    0.7546    0.1670
  16   24    0.4803    0.0266

  17    1    0.8177    0.2503
  17    2    0.8223    0.1966
  17    3    0.6913    0.1904
  17    4    0.6305    0.2456
  17    5    0.6801    0.2708
  17    6    0.6083    0.2235
  17    7    0.8446    0.1569
  17    8    0.7680    0.0906
  17    9    0.3665    0.0195
  17   10    0.5698    0.1347
  17   11    0.2398    0.0297
  17   12    0.6727    0.0529
  17   13    0.8024    0.0596
  17   14    0.7015    0.0447
  17   15    0.3949    0.0383
  17   16    0.1350    0.0028
  17   17    0.0000    0.0000
  17   18    0.1350    0.0028
  17   19    0.2863    0.0228
  17   20    0.2332    0.0324
  17   21    0.2018    0.0490
  17   22    0.5789    0.0866
  17   23    0.7429    0.1315
  17   24    0.2555    0.0071

  18    1    0.7489    0.2028
  18    2    0.7271    0.2023
  18    3    0.6592    0.3415
  18    4    0.6790    0.2839
  18    5    0.8194    0.2361
  18    6    0.8621    0.1775
  18    7    0.9910    0.0250
  18    8    0.9900    0.0407
  18    9    0.7417    0.0571
  18   10    0.8760    0.1879
  18   11    0.6178    0.0461
  18   12    0.9991    0.0048
  18   13    0.9992    0.0083
  18   14    0.9954    0.0163
  18   15    0.7218    0.0520
  18   16    0.4298    0.0227
  18   17    0.1350    0.0028
  18   18    0.0000    0.0000
  18   19    0.1350    0.0027
  18   20    0.3372    0.0218
  18   21    0.2797    0.0509
  18   22    0.5296    0.1114
  18   23    0.5222    0.1471
  18   24    0.6370    0.0282

  19    1    0.6301    0.2815
  19    2    0.5344    0.2775
  19    3    0.4794    0.2681
  19    4    0.4475    0.2748
  19    5    0.5736    0.3105
  19    6    0.6382    0.1936
  19    7    0.8609    0.1529
  19    8    0.8880    0.1145
  19    9    0.6217    0.0984
  19   10    0.8859    0.1370
  19   11    0.6192    0.0438
  19   12    0.9977    0.0086
  19   13    0.9991    0.0059
  19   14    0.9999    0.0021
  19   15    0.8672    0.0393
  19   16    0.5678    0.0255
  19   17    0.2863    0.0228
  19   18    0.1350    0.0027
  19   19    0.0000    0.0000
  19   20    0.1347    0.0029
  19   21    0.3105    0.0232
  19   22    0.5496    0.0713
  19   23    0.6209    0.1179
  19   24    0.4692    0.0621

  20    1    0.8308    0.2214
  20    2    0.7993    0.2202
  20    3    0.6149    0.2247
  20    4    0.5569    0.2628
  20    5    0.6006    0.1909
  20    6    0.6505    0.1402
  20    7    0.8573    0.1319
  20    8    0.9210    0.0652
  20    9    0.5220    0.0106
  20   10    0.8338    0.0709
  20   11    0.2933    0.0367
  20   12    0.6596    0.0677
  20   13    0.7025    0.0790
  20   14    0.7713    0.0577
  20   15    0.5835    0.0738
  20   16    0.2400    0.0245
  20   17    0.2332    0.0324
  20   18    0.3372    0.0218
  20   19    0.1347    0.0029
  20   20    0.0000    0.0000
  20   21    0.1349    0.0028
  20   22    0.3388    0.0524
  20   23    0.6310    0.0666
  20   24    0.2621    0.0089

  21    1    0.9070    0.1349
  21    2    0.8994    0.1422
  21    3    0.7413    0.2853
  21    4    0.7698    0.1887
  21    5    0.8781    0.1495
  21    6    0.9439    0.0795
  21    7    0.9973    0.0157
  21    8    0.9996    0.0050
  21    9    0.8618    0.0466
  21   10    0.9767    0.0706
  21   11    0.6180    0.0613
  21   12    0.8925    0.0909
  21   13    0.8176    0.1356
  21   14    0.7784    0.0970
  21   15    0.6401    0.0722
  21   16    0.2730    0.0616
  21   17    0.2018    0.0490
  21   18    0.2797    0.0509
  21   19    0.3105    0.0232
  21   20    0.1349    0.0028
  21   21    0.0000    0.0000
  21   22    0.1338    0.0033
  21   23    0.3252    0.0648
  21   24    0.6375    0.0331

  22    1    0.9537    0.1361
  22    2    0.9613    0.1231
  22    3    0.8233    0.2571
  22    4    0.9218    0.1221
  22    5    0.9801    0.0701
  22    6    0.9999    0.0022
  22    7    0.9989    0.0114
  22    8    0.9984    0.0169
  22    9    0.9959    0.0270
  22   10    0.9996    0.0050
  22   11    0.8403    0.0949
  22   12    0.9359    0.0901
  22   13    0.8319    0.1618
  22   14    0.8159    0.1518
  22   15    0.8329    0.1238
  22   16    0.3927    0.1436
  22   17    0.5789    0.0866
  22   18    0.5296    0.1114
  22   19    0.5496    0.0713
  22   20    0.3388    0.0524
  22   21    0.1338    0.0033
  22   22    0.0000    0.0000
  22   23    0.1344    0.0028
  22   24    0.9582    0.0607

  23    1    0.8826    0.2019
  23    2    0.9046    0.1675
  23    3    0.7817    0.3038
  23    4    0.9371    0.0971
  23    5    0.9894    0.0368
  23    6    1.0000    0.0000
  23    7    1.0000    0.0000
  23    8    0.9993    0.0132
  23    9    0.9999    0.0016
  23   10    0.9954    0.0346
  23   11    0.9888    0.0459
  23   12    0.9933    0.0404
  23   13    0.9774    0.0951
  23   14    0.9583    0.1233
  23   15    0.9586    0.1067
  23   16    0.7546    0.1670
  23   17    0.7429    0.1315
  23   18    0.5222    0.1471
  23   19    0.6209    0.1179
  23   20    0.6310    0.0666
  23   21    0.3252    0.0648
  23   22    0.1344    0.0028
  23   23    0.0000    0.0000
  23   24    0.9985    0.0109

  24    1    0.8415    0.2392
  24    2    0.8627    0.1796
  24    3    0.7730    0.2302
  24    4    0.6801    0.1979
  24    5    0.6351    0.1670
  24    6    0.5381    0.1645
  24    7    0.7218    0.1279
  24    8    0.7034    0.0578
  24    9    0.2632    0.0094
  24   10    0.6023    0.0620
  24   11    0.2223    0.0068
  24   12    0.7042    0.0528
  24   13    0.8693    0.0620
  24   14    0.8937    0.0569
  24   15    0.6609    0.0546
  24   16    0.4803    0.0266
  24   17    0.2555    0.0071
  24   18    0.6370    0.0282
  24   19    0.4692    0.0621
  24   20    0.2621    0.0089
  24   21    0.6375    0.0331
  24   22    0.9582    0.0607
  24   23    0.9985    0.0109
  24   24    0.0000    0.0000

