#  i  j   t_first t_last t_total (# encounters)
# first/last time residues i and j are within the interaction distance.
# total: fraction of frames in which residues i and j are within interaction distance (maximum = 1.0).
   1    1            0       358000     1.000000 358000.000000     1
   1    2            0       358000     1.000000 358000.000000     1
   1    3            0       358000     1.000000 358000.000000     1
   1    4            0       358000     0.337047 358000.000000    70
   1    5         2000       344000     0.061281 358000.000000    16
   1    6         2000       221000     0.261838 358000.000000     4
   1    7       132000       208000     0.013928 358000.000000     5
   1    8        60000       221000     0.264624 358000.000000     4
   1    9        62000       221000     0.256267 358000.000000     3
   1   10       114000       212000     0.142061 358000.000000    17
   1   11        15000        62000     0.005571 358000.000000     2
   1   12       358000            0     0.000000 358000.000000     0
   1   13        10000       113000     0.013928 358000.000000     4
   1   14         9000        92000     0.019499 358000.000000     4
   1   15        15000        15000     0.002786 358000.000000     1
   1   16         8000       111000     0.016713 358000.000000     5
   1   17        61000       229000     0.247911 358000.000000     8
   1   18        34000       299000     0.089136 358000.000000    22
   1   19            0       284000     0.350975 358000.000000    21
   1   20         2000       241000     0.064067 358000.000000    14
   1   21         5000       232000     0.027855 358000.000000     9
   1   22         5000        92000     0.025070 358000.000000     5
   1   23         1000       301000     0.072423 358000.000000    17
   1   24        62000       221000     0.247911 358000.000000     3

   2    1            0       358000     1.000000 358000.000000     1
   2    2            0       358000     1.000000 358000.000000     1
   2    3            0       358000     1.000000 358000.000000     1
   2    4            0       358000     1.000000 358000.000000     1
   2    5        12000       358000     0.158774 358000.000000    33
   2    6        12000       339000     0.075209 358000.000000    18
   2    7        60000        60000     0.002786 358000.000000     1
   2    8        59000       224000     0.016713 358000.000000     4
   2    9        63000        84000     0.005571 358000.000000     2
   2   10        82000        82000     0.002786 358000.000000     1
   2   11        12000        12000     0.002786 358000.000000     1
   2   12       358000            0     0.000000 358000.000000     0
   2   13        10000       113000     0.019499 358000.000000     4
   2   14         9000        12000     0.011142 358000.000000     1
   2   15        12000        12000     0.002786 358000.000000     1
   2   16         4000        92000     0.011142 358000.000000     3
   2   17        72000       218000     0.030641 358000.000000    10
   2   18            0       299000     0.116992 358000.000000    12
   2   19            0       325000     0.454039 358000.000000    34
   2   20            0       220000     0.080780 358000.000000    16
   2   21         1000       231000     0.025070 358000.000000     5
   2   22         1000        92000     0.019499 358000.000000     3
   2   23         1000       246000     0.041783 358000.000000    10
   2   24        84000       175000     0.011142 358000.000000     4

   3    1            0       358000     1.000000 358000.000000     1
   3    2            0       358000     1.000000 358000.000000     1
   3    3            0       358000     1.000000 358000.000000     1
   3    4            0       358000     1.000000 358000.000000     1
   3    5            0       358000     1.000000 358000.000000     1
   3    6        59000       356000     0.353760 358000.000000     9
   3    7        20000       356000     0.036212 358000.000000    11
   3    8        79000       197000     0.075209 358000.000000    15
   3    9        63000       222000     0.231198 358000.000000    14
   3   10        80000        81000     0.005571 358000.000000     1
   3   11         3000       180000     0.030641 358000.000000     3
   3   12         6000        11000     0.011142 358000.000000     3
   3   13         4000       113000     0.030641 358000.000000     3
   3   14         3000        11000     0.025070 358000.000000     1
   3   15         3000        11000     0.025070 358000.000000     1
   3   16            0        11000     0.033426 358000.000000     1
   3   17         5000       324000     0.086351 358000.000000    21
   3   18         1000       325000     0.364903 358000.000000    14
   3   19            0       325000     0.615599 358000.000000    33
   3   20            0       308000     0.406685 358000.000000    27
   3   21            0       318000     0.231198 358000.000000    14
   3   22            0       309000     0.197772 358000.000000    14
   3   23            0       323000     0.247911 358000.000000    11
   3   24         6000       220000     0.275766 358000.000000    10

   4    1            0       358000     0.337047 358000.000000    70
   4    2            0       358000     1.000000 358000.000000     1
   4    3            0       358000     1.000000 358000.000000     1
   4    4            0       358000     1.000000 358000.000000     1
   4    5            0       358000     1.000000 358000.000000     1
   4    6            0       358000     1.000000 358000.000000     1
   4    7        20000       353000     0.075209 358000.000000    20
   4    8       119000       119000     0.002786 358000.000000     1
   4    9        82000       217000     0.072423 358000.000000    21
   4   10       114000       117000     0.008357 358000.000000     2
   4   11         3000       220000     0.267409 358000.000000    16
   4   12        68000       179000     0.022284 358000.000000     4
   4   13        68000       152000     0.013928 358000.000000     3
   4   14       358000            0     0.000000 358000.000000     0
   4   15       358000            0     0.000000 358000.000000     0
   4   16        68000       220000     0.061281 358000.000000    18
   4   17        80000       323000     0.295265 358000.000000    18
   4   18        37000       323000     0.245125 358000.000000     8
   4   19            0       325000     0.685237 358000.000000    22
   4   20            0       323000     0.532033 358000.000000    16
   4   21        84000       208000     0.025070 358000.000000     7
   4   22       358000            0     0.000000 358000.000000     0
   4   23       358000            0     0.000000 358000.000000     0
   4   24         3000       220000     0.298050 358000.000000    11

   5    1         2000       344000     0.061281 358000.000000    16
   5    2        12000       358000     0.158774 358000.000000    33
   5    3            0       358000     1.000000 358000.000000     1
   5    4            0       358000     1.000000 358000.000000     1
   5    5            0       358000     1.000000 358000.000000     1
   5    6            0       358000     1.000000 358000.000000     1
   5    7            0       358000     1.000000 358000.000000     1
   5    8       122000       358000     0.008357 358000.000000     2
   5    9         7000       317000     0.077994 358000.000000    22
   5   10       358000            0     0.000000 358000.000000     0
   5   11         3000       225000     0.139276 358000.000000    31
   5   12         7000       209000     0.119777 358000.000000    26
   5   13         2000       219000     0.211699 358000.000000    33
   5   14        22000       175000     0.008357 358000.000000     3
   5   15       358000            0     0.000000 358000.000000     0
   5   16        23000       225000     0.097493 358000.000000    26
   5   17        46000       323000     0.239554 358000.000000     7
   5   18       247000       323000     0.214485 358000.000000     1
   5   19        18000       325000     0.473538 358000.000000    16
   5   20         1000       325000     0.289694 358000.000000    21
   5   21        21000       325000     0.013928 358000.000000     5
   5   22        27000        27000     0.002786 358000.000000     1
   5   23       358000            0     0.000000 358000.000000     0
   5   24        18000       323000     0.228412 358000.000000    25

   6    1         2000       221000     0.261838 358000.000000     4
   6    2        12000       339000     0.075209 358000.000000    18
   6    3        59000       356000     0.353760 358000.000000     9
   6    4            0       358000     1.000000 358000.000000     1
   6    5            0       358000     1.000000 358000.000000     1
   6    6            0       358000     1.000000 358000.000000     1
   6    7            0       358000     1.000000 358000.000000     1
   6    8            0       358000     1.000000 358000.000000     1
   6    9            0       325000     0.880223 358000.000000     3
   6   10        10000       352000     0.044568 358000.000000    12
   6   11         3000       323000     0.298050 358000.000000    37
   6   12        10000       182000     0.030641 358000.000000     7
   6   13        10000        12000     0.005571 358000.000000     2
   6   14       358000            0     0.000000 358000.000000     0
   6   15       358000            0     0.000000 358000.000000     0
   6   16       358000            0     0.000000 358000.000000     0
   6   17        20000       323000     0.261838 358000.000000    11
   6   18        41000       288000     0.013928 358000.000000     5
   6   19            0       358000     0.295265 358000.000000    43
   6   20         2000       325000     0.033426 358000.000000    11
   6   21       358000            0     0.000000 358000.000000     0
   6   22       358000            0     0.000000 358000.000000     0
   6   23       358000            0     0.000000 358000.000000     0
   6   24            0       325000     0.490251 358000.000000    38

   7    1       132000       208000     0.013928 358000.000000     5
   7    2        60000        60000     0.002786 358000.000000     1
   7    3        20000       356000     0.036212 358000.000000    11
   7    4        20000       353000     0.075209 358000.000000    20
   7    5            0       358000     1.000000 358000.000000     1
   7    6            0       358000     1.000000 358000.000000     1
   7    7            0       358000     1.000000 358000.000000     1
   7    8            0       358000     1.000000 358000.000000     1
   7    9            0       358000     1.000000 358000.000000     1
   7   10            0       357000     0.236769 358000.000000    46
   7   11        21000       351000     0.097493 358000.000000    20
   7   12         2000       351000     0.083565 358000.000000    21
   7   13         2000       351000     0.077994 358000.000000    15
   7   14        21000       334000     0.005571 358000.000000     2
   7   15       330000       343000     0.013928 358000.000000     3
   7   16       120000       327000     0.008357 358000.000000     3
   7   17       358000            0     0.000000 358000.000000     0
   7   18       358000            0     0.000000 358000.000000     0
   7   19        38000       350000     0.030641 358000.000000     9
   7   20        58000       325000     0.008357 358000.000000     3
   7   21       358000            0     0.000000 358000.000000     0
   7   22       358000            0     0.000000 358000.000000     0
   7   23       358000            0     0.000000 358000.000000     0
   7   24        20000       342000     0.052925 358000.000000    12

   8    1        60000       221000     0.264624 358000.000000     4
   8    2        59000       224000     0.016713 358000.000000     4
   8    3        79000       197000     0.075209 358000.000000    15
   8    4       119000       119000     0.002786 358000.000000     1
   8    5       122000       358000     0.008357 358000.000000     2
   8    6            0       358000     1.000000 358000.000000     1
   8    7            0       358000     1.000000 358000.000000     1
   8    8            0       358000     1.000000 358000.000000     1
   8    9            0       358000     1.000000 358000.000000     1
   8   10            0       358000     1.000000 358000.000000     1
   8   11        25000       351000     0.008357 358000.000000     3
   8   12       358000            0     0.000000 358000.000000     0
   8   13       358000            0     0.000000 358000.000000     0
   8   14       358000            0     0.000000 358000.000000     0
   8   15       358000            0     0.000000 358000.000000     0
   8   16       358000            0     0.000000 358000.000000     0
   8   17       358000            0     0.000000 358000.000000     0
   8   18       358000            0     0.000000 358000.000000     0
   8   19         7000       125000     0.008357 358000.000000     3
   8   20       358000            0     0.000000 358000.000000     0
   8   21       358000            0     0.000000 358000.000000     0
   8   22       358000            0     0.000000 358000.000000     0
   8   23       358000            0     0.000000 358000.000000     0
   8   24       225000       225000     0.002786 358000.000000     1

   9    1        62000       221000     0.256267 358000.000000     3
   9    2        63000        84000     0.005571 358000.000000     2
   9    3        63000       222000     0.231198 358000.000000    14
   9    4        82000       217000     0.072423 358000.000000    21
   9    5         7000       317000     0.077994 358000.000000    22
   9    6            0       325000     0.880223 358000.000000     3
   9    7            0       358000     1.000000 358000.000000     1
   9    8            0       358000     1.000000 358000.000000     1
   9    9            0       358000     1.000000 358000.000000     1
   9   10            0       358000     1.000000 358000.000000     1
   9   11            0       358000     1.000000 358000.000000     1
   9   12        21000       351000     0.008357 358000.000000     3
   9   13       358000            0     0.000000 358000.000000     0
   9   14       358000            0     0.000000 358000.000000     0
   9   15       249000       318000     0.055710 358000.000000    17
   9   16       251000       314000     0.011142 358000.000000     4
   9   17            0       358000     1.000000 358000.000000     1
   9   18       358000            0     0.000000 358000.000000     0
   9   19            0       346000     0.061281 358000.000000    16
   9   20        79000       325000     0.013928 358000.000000     5
   9   21       358000            0     0.000000 358000.000000     0
   9   22       358000            0     0.000000 358000.000000     0
   9   23       358000            0     0.000000 358000.000000     0
   9   24            0       358000     1.000000 358000.000000     1

  10    1       114000       212000     0.142061 358000.000000    17
  10    2        82000        82000     0.002786 358000.000000     1
  10    3        80000        81000     0.005571 358000.000000     1
  10    4       114000       117000     0.008357 358000.000000     2
  10    5       358000            0     0.000000 358000.000000     0
  10    6        10000       352000     0.044568 358000.000000    12
  10    7            0       357000     0.236769 358000.000000    46
  10    8            0       358000     1.000000 358000.000000     1
  10    9            0       358000     1.000000 358000.000000     1
  10   10            0       358000     1.000000 358000.000000     1
  10   11            0       358000     1.000000 358000.000000     1
  10   12            0       358000     1.000000 358000.000000     1
  10   13       358000            0     0.000000 358000.000000     0
  10   14       270000       270000     0.002786 358000.000000     1
  10   15        78000       200000     0.061281 358000.000000    13
  10   16        78000       200000     0.036212 358000.000000    11
  10   17         9000       358000     0.214485 358000.000000    34
  10   18        77000       200000     0.089136 358000.000000    10
  10   19        77000       194000     0.019499 358000.000000     7
  10   20       358000            0     0.000000 358000.000000     0
  10   21       358000            0     0.000000 358000.000000     0
  10   22       358000            0     0.000000 358000.000000     0
  10   23       358000            0     0.000000 358000.000000     0
  10   24        77000       351000     0.080780 358000.000000    22

  11    1        15000        62000     0.005571 358000.000000     2
  11    2        12000        12000     0.002786 358000.000000     1
  11    3         3000       180000     0.030641 358000.000000     3
  11    4         3000       220000     0.267409 358000.000000    16
  11    5         3000       225000     0.139276 358000.000000    31
  11    6         3000       323000     0.298050 358000.000000    37
  11    7        21000       351000     0.097493 358000.000000    20
  11    8        25000       351000     0.008357 358000.000000     3
  11    9            0       358000     1.000000 358000.000000     1
  11   10            0       358000     1.000000 358000.000000     1
  11   11            0       358000     1.000000 358000.000000     1
  11   12            0       358000     1.000000 358000.000000     1
  11   13            0       358000     1.000000 358000.000000     1
  11   14            0       358000     0.877437 358000.000000    25
  11   15            0       358000     1.000000 358000.000000     1
  11   16            0       358000     1.000000 358000.000000     1
  11   17            0       358000     1.000000 358000.000000     1
  11   18       358000            0     0.000000 358000.000000     0
  11   19       358000            0     0.000000 358000.000000     0
  11   20            0       358000     1.000000 358000.000000     1
  11   21        73000       227000     0.008357 358000.000000     3
  11   22       358000            0     0.000000 358000.000000     0
  11   23       358000            0     0.000000 358000.000000     0
  11   24            0       358000     1.000000 358000.000000     1

  12    1       358000            0     0.000000 358000.000000     0
  12    2       358000            0     0.000000 358000.000000     0
  12    3         6000        11000     0.011142 358000.000000     3
  12    4        68000       179000     0.022284 358000.000000     4
  12    5         7000       209000     0.119777 358000.000000    26
  12    6        10000       182000     0.030641 358000.000000     7
  12    7         2000       351000     0.083565 358000.000000    21
  12    8       358000            0     0.000000 358000.000000     0
  12    9        21000       351000     0.008357 358000.000000     3
  12   10            0       358000     1.000000 358000.000000     1
  12   11            0       358000     1.000000 358000.000000     1
  12   12            0       358000     1.000000 358000.000000     1
  12   13            0       358000     1.000000 358000.000000     1
  12   14            0       358000     1.000000 358000.000000     1
  12   15            0       358000     0.738162 358000.000000    58
  12   16            0       347000     0.832869 358000.000000    27
  12   17       358000            0     0.000000 358000.000000     0
  12   18       358000            0     0.000000 358000.000000     0
  12   19       358000            0     0.000000 358000.000000     0
  12   20        73000       298000     0.005571 358000.000000     2
  12   21       358000            0     0.000000 358000.000000     0
  12   22       358000            0     0.000000 358000.000000     0
  12   23       358000            0     0.000000 358000.000000     0
  12   24       358000            0     0.000000 358000.000000     0

  13    1        10000       113000     0.013928 358000.000000     4
  13    2        10000       113000     0.019499 358000.000000     4
  13    3         4000       113000     0.030641 358000.000000     3
  13    4        68000       152000     0.013928 358000.000000     3
  13    5         2000       219000     0.211699 358000.000000    33
  13    6        10000        12000     0.005571 358000.000000     2
  13    7         2000       351000     0.077994 358000.000000    15
  13    8       358000            0     0.000000 358000.000000     0
  13    9       358000            0     0.000000 358000.000000     0
  13   10       358000            0     0.000000 358000.000000     0
  13   11            0       358000     1.000000 358000.000000     1
  13   12            0       358000     1.000000 358000.000000     1
  13   13            0       358000     1.000000 358000.000000     1
  13   14            0       358000     1.000000 358000.000000     1
  13   15            0       358000     1.000000 358000.000000     1
  13   16        36000       355000     0.782730 358000.000000    11
  13   17       358000            0     0.000000 358000.000000     0
  13   18       358000            0     0.000000 358000.000000     0
  13   19       358000            0     0.000000 358000.000000     0
  13   20       358000            0     0.000000 358000.000000     0
  13   21       321000       321000     0.002786 358000.000000     1
  13   22       268000       328000     0.013928 358000.000000     4
  13   23        98000       328000     0.013928 358000.000000     4
  13   24       358000            0     0.000000 358000.000000     0

  14    1         9000        92000     0.019499 358000.000000     4
  14    2         9000        12000     0.011142 358000.000000     1
  14    3         3000        11000     0.025070 358000.000000     1
  14    4       358000            0     0.000000 358000.000000     0
  14    5        22000       175000     0.008357 358000.000000     3
  14    6       358000            0     0.000000 358000.000000     0
  14    7        21000       334000     0.005571 358000.000000     2
  14    8       358000            0     0.000000 358000.000000     0
  14    9       358000            0     0.000000 358000.000000     0
  14   10       270000       270000     0.002786 358000.000000     1
  14   11            0       358000     0.877437 358000.000000    25
  14   12            0       358000     1.000000 358000.000000     1
  14   13            0       358000     1.000000 358000.000000     1
  14   14            0       358000     1.000000 358000.000000     1
  14   15            0       358000     1.000000 358000.000000     1
  14   16            0       358000     1.000000 358000.000000     1
  14   17       358000            0     0.000000 358000.000000     0
  14   18       358000            0     0.000000 358000.000000     0
  14   19       358000            0     0.000000 358000.000000     0
  14   20       358000            0     0.000000 358000.000000     0
  14   21       321000       321000     0.002786 358000.000000     1
  14   22        49000       328000     0.027855 358000.000000    10
  14   23        97000       328000     0.022284 358000.000000     6
  14   24       358000            0     0.000000 358000.000000     0

  15    1        15000        15000     0.002786 358000.000000     1
  15    2        12000        12000     0.002786 358000.000000     1
  15    3         3000        11000     0.025070 358000.000000     1
  15    4       358000            0     0.000000 358000.000000     0
  15    5       358000            0     0.000000 358000.000000     0
  15    6       358000            0     0.000000 358000.000000     0
  15    7       330000       343000     0.013928 358000.000000     3
  15    8       358000            0     0.000000 358000.000000     0
  15    9       249000       318000     0.055710 358000.000000    17
  15   10        78000       200000     0.061281 358000.000000    13
  15   11            0       358000     1.000000 358000.000000     1
  15   12            0       358000     0.738162 358000.000000    58
  15   13            0       358000     1.000000 358000.000000     1
  15   14            0       358000     1.000000 358000.000000     1
  15   15            0       358000     1.000000 358000.000000     1
  15   16            0       358000     1.000000 358000.000000     1
  15   17            0       358000     1.000000 358000.000000     1
  15   18       358000            0     0.000000 358000.000000     0
  15   19       358000            0     0.000000 358000.000000     0
  15   20            0       358000     0.178273 358000.000000    13
  15   21       301000       301000     0.002786 358000.000000     1
  15   22        98000       328000     0.025070 358000.000000     5
  15   23        98000       135000     0.008357 358000.000000     3
  15   24       344000       344000     0.002786 358000.000000     1

  16    1         8000       111000     0.016713 358000.000000     5
  16    2         4000        92000     0.011142 358000.000000     3
  16    3            0        11000     0.033426 358000.000000     1
  16    4        68000       220000     0.061281 358000.000000    18
  16    5        23000       225000     0.097493 358000.000000    26
  16    6       358000            0     0.000000 358000.000000     0
  16    7       120000       327000     0.008357 358000.000000     3
  16    8       358000            0     0.000000 358000.000000     0
  16    9       251000       314000     0.011142 358000.000000     4
  16   10        78000       200000     0.036212 358000.000000    11
  16   11            0       358000     1.000000 358000.000000     1
  16   12            0       347000     0.832869 358000.000000    27
  16   13        36000       355000     0.782730 358000.000000    11
  16   14            0       358000     1.000000 358000.000000     1
  16   15            0       358000     1.000000 358000.000000     1
  16   16            0       358000     1.000000 358000.000000     1
  16   17            0       358000     1.000000 358000.000000     1
  16   18            0       358000     1.000000 358000.000000     1
  16   19       358000            0     0.000000 358000.000000     0
  16   20            0       358000     1.000000 358000.000000     1
  16   21            0       358000     0.983287 358000.000000     3
  16   22            0       358000     0.771588 358000.000000    47
  16   23        13000       347000     0.091922 358000.000000    20
  16   24            0       358000     0.782730 358000.000000    64

  17    1        61000       229000     0.247911 358000.000000     8
  17    2        72000       218000     0.030641 358000.000000    10
  17    3         5000       324000     0.086351 358000.000000    21
  17    4        80000       323000     0.295265 358000.000000    18
  17    5        46000       323000     0.239554 358000.000000     7
  17    6        20000       323000     0.261838 358000.000000    11
  17    7       358000            0     0.000000 358000.000000     0
  17    8       358000            0     0.000000 358000.000000     0
  17    9            0       358000     1.000000 358000.000000     1
  17   10         9000       358000     0.214485 358000.000000    34
  17   11            0       358000     1.000000 358000.000000     1
  17   12       358000            0     0.000000 358000.000000     0
  17   13       358000            0     0.000000 358000.000000     0
  17   14       358000            0     0.000000 358000.000000     0
  17   15            0       358000     1.000000 358000.000000     1
  17   16            0       358000     1.000000 358000.000000     1
  17   17            0       358000     1.000000 358000.000000     1
  17   18            0       358000     1.000000 358000.000000     1
  17   19            0       358000     1.000000 358000.000000     1
  17   20            0       358000     1.000000 358000.000000     1
  17   21            0       358000     0.986072 358000.000000     2
  17   22        13000       339000     0.125348 358000.000000    21
  17   23            0       347000     0.052925 358000.000000    16
  17   24            0       358000     1.000000 358000.000000     1

  18    1        34000       299000     0.089136 358000.000000    22
  18    2            0       299000     0.116992 358000.000000    12
  18    3         1000       325000     0.364903 358000.000000    14
  18    4        37000       323000     0.245125 358000.000000     8
  18    5       247000       323000     0.214485 358000.000000     1
  18    6        41000       288000     0.013928 358000.000000     5
  18    7       358000            0     0.000000 358000.000000     0
  18    8       358000            0     0.000000 358000.000000     0
  18    9       358000            0     0.000000 358000.000000     0
  18   10        77000       200000     0.089136 358000.000000    10
  18   11       358000            0     0.000000 358000.000000     0
  18   12       358000            0     0.000000 358000.000000     0
  18   13       358000            0     0.000000 358000.000000     0
  18   14       358000            0     0.000000 358000.000000     0
  18   15       358000            0     0.000000 358000.000000     0
  18   16            0       358000     1.000000 358000.000000     1
  18   17            0       358000     1.000000 358000.000000     1
  18   18            0       358000     1.000000 358000.000000     1
  18   19            0       358000     1.000000 358000.000000     1
  18   20            0       358000     1.000000 358000.000000     1
  18   21            0       358000     0.986072 358000.000000     2
  18   22         9000       347000     0.231198 358000.000000    45
  18   23            0       357000     0.387187 358000.000000    70
  18   24       358000            0     0.000000 358000.000000     0

  19    1            0       284000     0.350975 358000.000000    21
  19    2            0       325000     0.454039 358000.000000    34
  19    3            0       325000     0.615599 358000.000000    33
  19    4            0       325000     0.685237 358000.000000    22
  19    5        18000       325000     0.473538 358000.000000    16
  19    6            0       358000     0.295265 358000.000000    43
  19    7        38000       350000     0.030641 358000.000000     9
  19    8         7000       125000     0.008357 358000.000000     3
  19    9            0       346000     0.061281 358000.000000    16
  19   10        77000       194000     0.019499 358000.000000     7
  19   11       358000            0     0.000000 358000.000000     0
  19   12       358000            0     0.000000 358000.000000     0
  19   13       358000            0     0.000000 358000.000000     0
  19   14       358000            0     0.000000 358000.000000     0
  19   15       358000            0     0.000000 358000.000000     0
  19   16       358000            0     0.000000 358000.000000     0
  19   17            0       358000     1.000000 358000.000000     1
  19   18            0       358000     1.000000 358000.000000     1
  19   19            0       358000     1.000000 358000.000000     1
  19   20            0       358000     1.000000 358000.000000     1
  19   21            0       358000     1.000000 358000.000000     1
  19   22        12000       348000     0.139276 358000.000000    35
  19   23            0       347000     0.105850 358000.000000    29
  19   24            0       357000     0.740947 358000.000000    28

  20    1         2000       241000     0.064067 358000.000000    14
  20    2            0       220000     0.080780 358000.000000    16
  20    3            0       308000     0.406685 358000.000000    27
  20    4            0       323000     0.532033 358000.000000    16
  20    5         1000       325000     0.289694 358000.000000    21
  20    6         2000       325000     0.033426 358000.000000    11
  20    7        58000       325000     0.008357 358000.000000     3
  20    8       358000            0     0.000000 358000.000000     0
  20    9        79000       325000     0.013928 358000.000000     5
  20   10       358000            0     0.000000 358000.000000     0
  20   11            0       358000     1.000000 358000.000000     1
  20   12        73000       298000     0.005571 358000.000000     2
  20   13       358000            0     0.000000 358000.000000     0
  20   14       358000            0     0.000000 358000.000000     0
  20   15            0       358000     0.178273 358000.000000    13
  20   16            0       358000     1.000000 358000.000000     1
  20   17            0       358000     1.000000 358000.000000     1
  20   18            0       358000     1.000000 358000.000000     1
  20   19            0       358000     1.000000 358000.000000     1
  20   20            0       358000     1.000000 358000.000000     1
  20   21            0       358000     1.000000 358000.000000     1
  20   22            0       358000     1.000000 358000.000000     1
  20   23       105000       210000     0.019499 358000.000000     4
  20   24            0       358000     1.000000 358000.000000     1

  21    1         5000       232000     0.027855 358000.000000     9
  21    2         1000       231000     0.025070 358000.000000     5
  21    3            0       318000     0.231198 358000.000000    14
  21    4        84000       208000     0.025070 358000.000000     7
  21    5        21000       325000     0.013928 358000.000000     5
  21    6       358000            0     0.000000 358000.000000     0
  21    7       358000            0     0.000000 358000.000000     0
  21    8       358000            0     0.000000 358000.000000     0
  21    9       358000            0     0.000000 358000.000000     0
  21   10       358000            0     0.000000 358000.000000     0
  21   11        73000       227000     0.008357 358000.000000     3
  21   12       358000            0     0.000000 358000.000000     0
  21   13       321000       321000     0.002786 358000.000000     1
  21   14       321000       321000     0.002786 358000.000000     1
  21   15       301000       301000     0.002786 358000.000000     1
  21   16            0       358000     0.983287 358000.000000     3
  21   17            0       358000     0.986072 358000.000000     2
  21   18            0       358000     0.986072 358000.000000     2
  21   19            0       358000     1.000000 358000.000000     1
  21   20            0       358000     1.000000 358000.000000     1
  21   21            0       358000     1.000000 358000.000000     1
  21   22            0       358000     1.000000 358000.000000     1
  21   23            0       358000     1.000000 358000.000000     1
  21   24       358000            0     0.000000 358000.000000     0

  22    1         5000        92000     0.025070 358000.000000     5
  22    2         1000        92000     0.019499 358000.000000     3
  22    3            0       309000     0.197772 358000.000000    14
  22    4       358000            0     0.000000 358000.000000     0
  22    5        27000        27000     0.002786 358000.000000     1
  22    6       358000            0     0.000000 358000.000000     0
  22    7       358000            0     0.000000 358000.000000     0
  22    8       358000            0     0.000000 358000.000000     0
  22    9       358000            0     0.000000 358000.000000     0
  22   10       358000            0     0.000000 358000.000000     0
  22   11       358000            0     0.000000 358000.000000     0
  22   12       358000            0     0.000000 358000.000000     0
  22   13       268000       328000     0.013928 358000.000000     4
  22   14        49000       328000     0.027855 358000.000000    10
  22   15        98000       328000     0.025070 358000.000000     5
  22   16            0       358000     0.771588 358000.000000    47
  22   17        13000       339000     0.125348 358000.000000    21
  22   18         9000       347000     0.231198 358000.000000    45
  22   19        12000       348000     0.139276 358000.000000    35
  22   20            0       358000     1.000000 358000.000000     1
  22   21            0       358000     1.000000 358000.000000     1
  22   22            0       358000     1.000000 358000.000000     1
  22   23            0       358000     1.000000 358000.000000     1
  22   24       358000            0     0.000000 358000.000000     0

  23    1         1000       301000     0.072423 358000.000000    17
  23    2         1000       246000     0.041783 358000.000000    10
  23    3            0       323000     0.247911 358000.000000    11
  23    4       358000            0     0.000000 358000.000000     0
  23    5       358000            0     0.000000 358000.000000     0
  23    6       358000            0     0.000000 358000.000000     0
  23    7       358000            0     0.000000 358000.000000     0
  23    8       358000            0     0.000000 358000.000000     0
  23    9       358000            0     0.000000 358000.000000     0
  23   10       358000            0     0.000000 358000.000000     0
  23   11       358000            0     0.000000 358000.000000     0
  23   12       358000            0     0.000000 358000.000000     0
  23   13        98000       328000     0.013928 358000.000000     4
  23   14        97000       328000     0.022284 358000.000000     6
  23   15        98000       135000     0.008357 358000.000000     3
  23   16        13000       347000     0.091922 358000.000000    20
  23   17            0       347000     0.052925 358000.000000    16
  23   18            0       357000     0.387187 358000.000000    70
  23   19            0       347000     0.105850 358000.000000    29
  23   20       105000       210000     0.019499 358000.000000     4
  23   21            0       358000     1.000000 358000.000000     1
  23   22            0       358000     1.000000 358000.000000     1
  23   23            0       358000     1.000000 358000.000000     1
  23   24       358000            0     0.000000 358000.000000     0

  24    1        62000       221000     0.247911 358000.000000     3
  24    2        84000       175000     0.011142 358000.000000     4
  24    3         6000       220000     0.275766 358000.000000    10
  24    4         3000       220000     0.298050 358000.000000    11
  24    5        18000       323000     0.228412 358000.000000    25
  24    6            0       325000     0.490251 358000.000000    38
  24    7        20000       342000     0.052925 358000.000000    12
  24    8       225000       225000     0.002786 358000.000000     1
  24    9            0       358000     1.000000 358000.000000     1
  24   10        77000       351000     0.080780 358000.000000    22
  24   11            0       358000     1.000000 358000.000000     1
  24   12       358000            0     0.000000 358000.000000     0
  24   13       358000            0     0.000000 358000.000000     0
  24   14       358000            0     0.000000 358000.000000     0
  24   15       344000       344000     0.002786 358000.000000     1
  24   16            0       358000     0.782730 358000.000000    64
  24   17            0       358000     1.000000 358000.000000     1
  24   18       358000            0     0.000000 358000.000000     0
  24   19            0       357000     0.740947 358000.000000    28
  24   20            0       358000     1.000000 358000.000000     1
  24   21       358000            0     0.000000 358000.000000     0
  24   22       358000            0     0.000000 358000.000000     0
  24   23       358000            0     0.000000 358000.000000     0
  24   24            0       358000     1.000000 358000.000000     1

