#  i  j  r_ij^avg sigma_(rij)
# average of the distance between residues i and j and the standard deviation (computed across frames.
   1    1    0.0000    0.0000
   1    2    0.1340    0.0000
   1    3    0.3250    0.0000
   1    4    0.6580    0.0000
   1    5    1.0000    0.0000
   1    6    1.0000    0.0000
   1    7    0.9730    0.0000
   1    8    0.9950    0.0000
   1    9    1.0000    0.0000
   1   10    0.2920    0.0000
   1   11    0.8450    0.0000
   1   12    1.0000    0.0000
   1   13    1.0000    0.0000
   1   14    1.0000    0.0000
   1   15    1.0000    0.0000
   1   16    0.8880    0.0000
   1   17    0.7580    0.0000
   1   18    0.7870    0.0000
   1   19    0.8750    0.0000
   1   20    0.6330    0.0000
   1   21    0.4770    0.0000
   1   22    0.2600    0.0000
   1   23    0.1850    0.0000
   1   24    1.0000    0.0000

   2    1    0.1340    0.0000
   2    2    0.0000    0.0000
   2    3    0.1320    0.0000
   2    4    0.4410    0.0000
   2    5    0.7720    0.0000
   2    6    0.9780    0.0000
   2    7    1.0000    0.0000
   2    8    1.0000    0.0000
   2    9    1.0000    0.0000
   2   10    0.5910    0.0000
   2   11    0.8760    0.0000
   2   12    1.0000    0.0000
   2   13    0.8950    0.0000
   2   14    0.9100    0.0000
   2   15    0.8810    0.0000
   2   16    0.7080    0.0000
   2   17    0.9150    0.0000
   2   18    1.0000    0.0000
   2   19    0.8430    0.0000
   2   20    0.5020    0.0000
   2   21    0.4680    0.0000
   2   22    0.2510    0.0000
   2   23    0.3780    0.0000
   2   24    1.0000    0.0000

   3    1    0.3250    0.0000
   3    2    0.1320    0.0000
   3    3    0.0000    0.0000
   3    4    0.1330    0.0000
   3    5    0.4000    0.0000
   3    6    0.5490    0.0000
   3    7    0.5100    0.0000
   3    8    0.8040    0.0000
   3    9    0.7290    0.0000
   3   10    0.6580    0.0000
   3   11    0.6980    0.0000
   3   12    0.8950    0.0000
   3   13    0.6840    0.0000
   3   14    0.6940    0.0000
   3   15    0.6940    0.0000
   3   16    0.6240    0.0000
   3   17    0.4570    0.0000
   3   18    0.2520    0.0000
   3   19    0.3260    0.0000
   3   20    0.2740    0.0000
   3   21    0.1880    0.0000
   3   22    0.3250    0.0000
   3   23    0.2250    0.0000
   3   24    0.7430    0.0000

   4    1    0.6580    0.0000
   4    2    0.4410    0.0000
   4    3    0.1330    0.0000
   4    4    0.0000    0.0000
   4    5    0.1330    0.0000
   4    6    0.3490    0.0000
   4    7    0.6730    0.0000
   4    8    0.7990    0.0000
   4    9    0.5310    0.0000
   4   10    0.8250    0.0000
   4   11    0.6190    0.0000
   4   12    0.8150    0.0000
   4   13    0.6580    0.0000
   4   14    0.8290    0.0000
   4   15    0.7500    0.0000
   4   16    0.7320    0.0000
   4   17    0.7430    0.0000
   4   18    0.8470    0.0000
   4   19    0.4820    0.0000
   4   20    0.2800    0.0000
   4   21    0.6040    0.0000
   4   22    0.5680    0.0000
   4   23    0.5300    0.0000
   4   24    0.6170    0.0000

   5    1    1.0000    0.0000
   5    2    0.7720    0.0000
   5    3    0.4000    0.0000
   5    4    0.1330    0.0000
   5    5    0.0000    0.0000
   5    6    0.1320    0.0000
   5    7    0.4230    0.0000
   5    8    0.5850    0.0000
   5    9    0.2410    0.0000
   5   10    0.5400    0.0000
   5   11    0.2240    0.0000
   5   12    0.2370    0.0000
   5   13    0.2060    0.0000
   5   14    0.4990    0.0000
   5   15    0.4370    0.0000
   5   16    0.5440    0.0000
   5   17    0.6350    0.0000
   5   18    0.8580    0.0000
   5   19    0.5710    0.0000
   5   20    0.2700    0.0000
   5   21    0.6630    0.0000
   5   22    0.8880    0.0000
   5   23    1.0000    0.0000
   5   24    0.4230    0.0000

   6    1    1.0000    0.0000
   6    2    0.9780    0.0000
   6    3    0.5490    0.0000
   6    4    0.3490    0.0000
   6    5    0.1320    0.0000
   6    6    0.0000    0.0000
   6    7    0.1330    0.0000
   6    8    0.2040    0.0000
   6    9    0.2120    0.0000
   6   10    0.5890    0.0000
   6   11    0.4760    0.0000
   6   12    0.7260    0.0000
   6   13    0.7230    0.0000
   6   14    0.5740    0.0000
   6   15    0.7330    0.0000
   6   16    0.6810    0.0000
   6   17    0.5300    0.0000
   6   18    0.6200    0.0000
   6   19    0.2260    0.0000
   6   20    0.2540    0.0000
   6   21    0.6450    0.0000
   6   22    0.9870    0.0000
   6   23    0.8510    0.0000
   6   24    0.4010    0.0000

   7    1    0.9730    0.0000
   7    2    1.0000    0.0000
   7    3    0.5100    0.0000
   7    4    0.6730    0.0000
   7    5    0.4230    0.0000
   7    6    0.1330    0.0000
   7    7    0.0000    0.0000
   7    8    0.1330    0.0000
   7    9    0.2470    0.0000
   7   10    0.5540    0.0000
   7   11    0.6570    0.0000
   7   12    0.9840    0.0000
   7   13    0.8420    0.0000
   7   14    0.5880    0.0000
   7   15    1.0000    0.0000
   7   16    0.6420    0.0000
   7   17    0.6310    0.0000
   7   18    0.4140    0.0000
   7   19    0.5490    0.0000
   7   20    0.6530    0.0000
   7   21    0.3410    0.0000
   7   22    0.5270    0.0000
   7   23    0.5780    0.0000
   7   24    0.7480    0.0000

   8    1    0.9950    0.0000
   8    2    1.0000    0.0000
   8    3    0.8040    0.0000
   8    4    0.7990    0.0000
   8    5    0.5850    0.0000
   8    6    0.2040    0.0000
   8    7    0.1330    0.0000
   8    8    0.0000    0.0000
   8    9    0.1330    0.0000
   8   10    0.3090    0.0000
   8   11    0.5800    0.0000
   8   12    0.6570    0.0000
   8   13    0.6720    0.0000
   8   14    0.3980    0.0000
   8   15    0.7050    0.0000
   8   16    0.9290    0.0000
   8   17    0.5540    0.0000
   8   18    0.5900    0.0000
   8   19    0.2880    0.0000
   8   20    0.6740    0.0000
   8   21    0.8980    0.0000
   8   22    1.0000    0.0000
   8   23    1.0000    0.0000
   8   24    0.5870    0.0000

   9    1    1.0000    0.0000
   9    2    1.0000    0.0000
   9    3    0.7290    0.0000
   9    4    0.5310    0.0000
   9    5    0.2410    0.0000
   9    6    0.2120    0.0000
   9    7    0.2470    0.0000
   9    8    0.1330    0.0000
   9    9    0.0000    0.0000
   9   10    0.1340    0.0000
   9   11    0.2600    0.0000
   9   12    0.5260    0.0000
   9   13    0.6500    0.0000
   9   14    0.8160    0.0000
   9   15    0.6320    0.0000
   9   16    0.5800    0.0000
   9   17    0.3650    0.0000
   9   18    0.6400    0.0000
   9   19    0.3010    0.0000
   9   20    0.2590    0.0000
   9   21    0.6190    0.0000
   9   22    0.9770    0.0000
   9   23    1.0000    0.0000
   9   24    0.2310    0.0000

  10    1    0.2920    0.0000
  10    2    0.5910    0.0000
  10    3    0.6580    0.0000
  10    4    0.8250    0.0000
  10    5    0.5400    0.0000
  10    6    0.5890    0.0000
  10    7    0.5540    0.0000
  10    8    0.3090    0.0000
  10    9    0.1340    0.0000
  10   10    0.0000    0.0000
  10   11    0.1330    0.0000
  10   12    0.4840    0.0000
  10   13    0.7980    0.0000
  10   14    0.8980    0.0000
  10   15    0.6670    0.0000
  10   16    0.7110    0.0000
  10   17    0.4470    0.0000
  10   18    0.6170    0.0000
  10   19    0.4470    0.0000
  10   20    0.7070    0.0000
  10   21    0.9400    0.0000
  10   22    0.9100    0.0000
  10   23    0.4930    0.0000
  10   24    0.4800    0.0000

  11    1    0.8450    0.0000
  11    2    0.8760    0.0000
  11    3    0.6980    0.0000
  11    4    0.6190    0.0000
  11    5    0.2240    0.0000
  11    6    0.4760    0.0000
  11    7    0.6570    0.0000
  11    8    0.5800    0.0000
  11    9    0.2600    0.0000
  11   10    0.1330    0.0000
  11   11    0.0000    0.0000
  11   12    0.1330    0.0000
  11   13    0.4010    0.0000
  11   14    0.4450    0.0000
  11   15    0.2750    0.0000
  11   16    0.3330    0.0000
  11   17    0.2690    0.0000
  11   18    0.6020    0.0000
  11   19    0.5520    0.0000
  11   20    0.3090    0.0000
  11   21    0.6680    0.0000
  11   22    0.8550    0.0000
  11   23    1.0000    0.0000
  11   24    0.2090    0.0000

  12    1    1.0000    0.0000
  12    2    1.0000    0.0000
  12    3    0.8950    0.0000
  12    4    0.8150    0.0000
  12    5    0.2370    0.0000
  12    6    0.7260    0.0000
  12    7    0.9840    0.0000
  12    8    0.6570    0.0000
  12    9    0.5260    0.0000
  12   10    0.4840    0.0000
  12   11    0.1330    0.0000
  12   12    0.0000    0.0000
  12   13    0.1320    0.0000
  12   14    0.2610    0.0000
  12   15    0.2220    0.0000
  12   16    0.5410    0.0000
  12   17    0.7790    0.0000
  12   18    1.0000    0.0000
  12   19    0.9350    0.0000
  12   20    0.6480    0.0000
  12   21    1.0000    0.0000
  12   22    1.0000    0.0000
  12   23    1.0000    0.0000
  12   24    0.6330    0.0000

  13    1    1.0000    0.0000
  13    2    0.8950    0.0000
  13    3    0.6840    0.0000
  13    4    0.6580    0.0000
  13    5    0.2060    0.0000
  13    6    0.7230    0.0000
  13    7    0.8420    0.0000
  13    8    0.6720    0.0000
  13    9    0.6500    0.0000
  13   10    0.7980    0.0000
  13   11    0.4010    0.0000
  13   12    0.1320    0.0000
  13   13    0.0000    0.0000
  13   14    0.1320    0.0000
  13   15    0.2770    0.0000
  13   16    0.6230    0.0000
  13   17    0.8540    0.0000
  13   18    1.0000    0.0000
  13   19    0.9580    0.0000
  13   20    0.6830    0.0000
  13   21    0.9140    0.0000
  13   22    0.8070    0.0000
  13   23    1.0000    0.0000
  13   24    0.7630    0.0000

  14    1    1.0000    0.0000
  14    2    0.9100    0.0000
  14    3    0.6940    0.0000
  14    4    0.8290    0.0000
  14    5    0.4990    0.0000
  14    6    0.5740    0.0000
  14    7    0.5880    0.0000
  14    8    0.3980    0.0000
  14    9    0.8160    0.0000
  14   10    0.8980    0.0000
  14   11    0.4450    0.0000
  14   12    0.2610    0.0000
  14   13    0.1320    0.0000
  14   14    0.0000    0.0000
  14   15    0.1330    0.0000
  14   16    0.4350    0.0000
  14   17    0.7690    0.0000
  14   18    0.8980    0.0000
  14   19    0.5530    0.0000
  14   20    0.7120    0.0000
  14   21    0.8720    0.0000
  14   22    0.8660    0.0000
  14   23    0.9330    0.0000
  14   24    0.8020    0.0000

  15    1    1.0000    0.0000
  15    2    0.8810    0.0000
  15    3    0.6940    0.0000
  15    4    0.7500    0.0000
  15    5    0.4370    0.0000
  15    6    0.7330    0.0000
  15    7    1.0000    0.0000
  15    8    0.7050    0.0000
  15    9    0.6320    0.0000
  15   10    0.6670    0.0000
  15   11    0.2750    0.0000
  15   12    0.2220    0.0000
  15   13    0.2770    0.0000
  15   14    0.1330    0.0000
  15   15    0.0000    0.0000
  15   16    0.1320    0.0000
  15   17    0.4630    0.0000
  15   18    0.8280    0.0000
  15   19    0.7550    0.0000
  15   20    0.4000    0.0000
  15   21    0.6260    0.0000
  15   22    0.6930    0.0000
  15   23    1.0000    0.0000
  15   24    0.5140    0.0000

  16    1    0.8880    0.0000
  16    2    0.7080    0.0000
  16    3    0.6240    0.0000
  16    4    0.7320    0.0000
  16    5    0.5440    0.0000
  16    6    0.6810    0.0000
  16    7    0.6420    0.0000
  16    8    0.9290    0.0000
  16    9    0.5800    0.0000
  16   10    0.7110    0.0000
  16   11    0.3330    0.0000
  16   12    0.5410    0.0000
  16   13    0.6230    0.0000
  16   14    0.4350    0.0000
  16   15    0.1320    0.0000
  16   16    0.0000    0.0000
  16   17    0.1330    0.0000
  16   18    0.4860    0.0000
  16   19    0.5640    0.0000
  16   20    0.2620    0.0000
  16   21    0.2650    0.0000
  16   22    0.2870    0.0000
  16   23    0.8180    0.0000
  16   24    0.3730    0.0000

  17    1    0.7580    0.0000
  17    2    0.9150    0.0000
  17    3    0.4570    0.0000
  17    4    0.7430    0.0000
  17    5    0.6350    0.0000
  17    6    0.5300    0.0000
  17    7    0.6310    0.0000
  17    8    0.5540    0.0000
  17    9    0.3650    0.0000
  17   10    0.4470    0.0000
  17   11    0.2690    0.0000
  17   12    0.7790    0.0000
  17   13    0.8540    0.0000
  17   14    0.7690    0.0000
  17   15    0.4630    0.0000
  17   16    0.1330    0.0000
  17   17    0.0000    0.0000
  17   18    0.1330    0.0000
  17   19    0.2480    0.0000
  17   20    0.2150    0.0000
  17   21    0.2160    0.0000
  17   22    0.5810    0.0000
  17   23    0.8250    0.0000
  17   24    0.2350    0.0000

  18    1    0.7870    0.0000
  18    2    1.0000    0.0000
  18    3    0.2520    0.0000
  18    4    0.8470    0.0000
  18    5    0.8580    0.0000
  18    6    0.6200    0.0000
  18    7    0.4140    0.0000
  18    8    0.5900    0.0000
  18    9    0.6400    0.0000
  18   10    0.6170    0.0000
  18   11    0.6020    0.0000
  18   12    1.0000    0.0000
  18   13    1.0000    0.0000
  18   14    0.8980    0.0000
  18   15    0.8280    0.0000
  18   16    0.4860    0.0000
  18   17    0.1330    0.0000
  18   18    0.0000    0.0000
  18   19    0.1330    0.0000
  18   20    0.2920    0.0000
  18   21    0.3050    0.0000
  18   22    0.7180    0.0000
  18   23    0.6450    0.0000
  18   24    0.5060    0.0000

  19    1    0.8750    0.0000
  19    2    0.8430    0.0000
  19    3    0.3260    0.0000
  19    4    0.4820    0.0000
  19    5    0.5710    0.0000
  19    6    0.2260    0.0000
  19    7    0.5490    0.0000
  19    8    0.2880    0.0000
  19    9    0.3010    0.0000
  19   10    0.4470    0.0000
  19   11    0.5520    0.0000
  19   12    0.9350    0.0000
  19   13    0.9580    0.0000
  19   14    0.5530    0.0000
  19   15    0.7550    0.0000
  19   16    0.5640    0.0000
  19   17    0.2480    0.0000
  19   18    0.1330    0.0000
  19   19    0.0000    0.0000
  19   20    0.1340    0.0000
  19   21    0.3260    0.0000
  19   22    0.7120    0.0000
  19   23    0.6070    0.0000
  19   24    0.3590    0.0000

  20    1    0.6330    0.0000
  20    2    0.5020    0.0000
  20    3    0.2740    0.0000
  20    4    0.2800    0.0000
  20    5    0.2700    0.0000
  20    6    0.2540    0.0000
  20    7    0.6530    0.0000
  20    8    0.6740    0.0000
  20    9    0.2590    0.0000
  20   10    0.7070    0.0000
  20   11    0.3090    0.0000
  20   12    0.6480    0.0000
  20   13    0.6830    0.0000
  20   14    0.7120    0.0000
  20   15    0.4000    0.0000
  20   16    0.2620    0.0000
  20   17    0.2150    0.0000
  20   18    0.2920    0.0000
  20   19    0.1340    0.0000
  20   20    0.0000    0.0000
  20   21    0.1330    0.0000
  20   22    0.3840    0.0000
  20   23    0.6090    0.0000
  20   24    0.2310    0.0000

  21    1    0.4770    0.0000
  21    2    0.4680    0.0000
  21    3    0.1880    0.0000
  21    4    0.6040    0.0000
  21    5    0.6630    0.0000
  21    6    0.6450    0.0000
  21    7    0.3410    0.0000
  21    8    0.8980    0.0000
  21    9    0.6190    0.0000
  21   10    0.9400    0.0000
  21   11    0.6680    0.0000
  21   12    1.0000    0.0000
  21   13    0.9140    0.0000
  21   14    0.8720    0.0000
  21   15    0.6260    0.0000
  21   16    0.2650    0.0000
  21   17    0.2160    0.0000
  21   18    0.3050    0.0000
  21   19    0.3260    0.0000
  21   20    0.1330    0.0000
  21   21    0.0000    0.0000
  21   22    0.1350    0.0000
  21   23    0.3440    0.0000
  21   24    0.5060    0.0000

  22    1    0.2600    0.0000
  22    2    0.2510    0.0000
  22    3    0.3250    0.0000
  22    4    0.5680    0.0000
  22    5    0.8880    0.0000
  22    6    0.9870    0.0000
  22    7    0.5270    0.0000
  22    8    1.0000    0.0000
  22    9    0.9770    0.0000
  22   10    0.9100    0.0000
  22   11    0.8550    0.0000
  22   12    1.0000    0.0000
  22   13    0.8070    0.0000
  22   14    0.8660    0.0000
  22   15    0.6930    0.0000
  22   16    0.2870    0.0000
  22   17    0.5810    0.0000
  22   18    0.7180    0.0000
  22   19    0.7120    0.0000
  22   20    0.3840    0.0000
  22   21    0.1350    0.0000
  22   22    0.0000    0.0000
  22   23    0.1330    0.0000
  22   24    0.8340    0.0000

  23    1    0.1850    0.0000
  23    2    0.3780    0.0000
  23    3    0.2250    0.0000
  23    4    0.5300    0.0000
  23    5    1.0000    0.0000
  23    6    0.8510    0.0000
  23    7    0.5780    0.0000
  23    8    1.0000    0.0000
  23    9    1.0000    0.0000
  23   10    0.4930    0.0000
  23   11    1.0000    0.0000
  23   12    1.0000    0.0000
  23   13    1.0000    0.0000
  23   14    0.9330    0.0000
  23   15    1.0000    0.0000
  23   16    0.8180    0.0000
  23   17    0.8250    0.0000
  23   18    0.6450    0.0000
  23   19    0.6070    0.0000
  23   20    0.6090    0.0000
  23   21    0.3440    0.0000
  23   22    0.1330    0.0000
  23   23    0.0000    0.0000
  23   24    1.0000    0.0000

  24    1    1.0000    0.0000
  24    2    1.0000    0.0000
  24    3    0.7430    0.0000
  24    4    0.6170    0.0000
  24    5    0.4230    0.0000
  24    6    0.4010    0.0000
  24    7    0.7480    0.0000
  24    8    0.5870    0.0000
  24    9    0.2310    0.0000
  24   10    0.4800    0.0000
  24   11    0.2090    0.0000
  24   12    0.6330    0.0000
  24   13    0.7630    0.0000
  24   14    0.8020    0.0000
  24   15    0.5140    0.0000
  24   16    0.3730    0.0000
  24   17    0.2350    0.0000
  24   18    0.5060    0.0000
  24   19    0.3590    0.0000
  24   20    0.2310    0.0000
  24   21    0.5060    0.0000
  24   22    0.8340    0.0000
  24   23    1.0000    0.0000
  24   24    0.0000    0.0000

