#  i  j  r_ij^avg sigma_(rij)
# average of the distance between residues i and j and the standard deviation (computed across frames.
   1    1    0.0000    0.0000
   1    2    0.1345    0.0033
   1    3    0.3101    0.0612
   1    4    0.4929    0.1709
   1    5    0.7567    0.2101
   1    6    0.8328    0.2030
   1    7    0.9189    0.1474
   1    8    0.9354    0.1432
   1    9    0.9222    0.1518
   1   10    0.9678    0.1283
   1   11    0.9165    0.1605
   1   12    0.9860    0.0682
   1   13    0.9927    0.0382
   1   14    0.9888    0.0560
   1   15    0.9740    0.1132
   1   16    0.9378    0.1326
   1   17    0.9068    0.1738
   1   18    0.9160    0.1768
   1   19    0.7271    0.3204
   1   20    0.8532    0.2099
   1   21    0.9302    0.1208
   1   22    0.9388    0.1541
   1   23    0.9210    0.1951
   1   24    0.9085    0.1581

   2    1    0.1345    0.0033
   2    2    0.0000    0.0000
   2    3    0.1346    0.0029
   2    4    0.3372    0.0785
   2    5    0.6076    0.1388
   2    6    0.7845    0.2103
   2    7    0.8974    0.1844
   2    8    0.9354    0.1656
   2    9    0.9195    0.1412
   2   10    0.9762    0.1071
   2   11    0.9120    0.1522
   2   12    0.9871    0.0440
   2   13    0.9813    0.0549
   2   14    0.9943    0.0382
   2   15    0.9825    0.0662
   2   16    0.9116    0.1571
   2   17    0.8813    0.1754
   2   18    0.8484    0.2048
   2   19    0.7050    0.3144
   2   20    0.8041    0.2954
   2   21    0.8737    0.2137
   2   22    0.9003    0.1640
   2   23    0.8844    0.1944
   2   24    0.8944    0.1704

   3    1    0.3101    0.0612
   3    2    0.1346    0.0029
   3    3    0.0000    0.0000
   3    4    0.1346    0.0029
   3    5    0.3648    0.0684
   3    6    0.5832    0.1719
   3    7    0.8222    0.2141
   3    8    0.9071    0.1787
   3    9    0.8674    0.1710
   3   10    0.9560    0.1368
   3   11    0.8270    0.2503
   3   12    0.9173    0.1557
   3   13    0.9005    0.1924
   3   14    0.9249    0.1578
   3   15    0.9213    0.1653
   3   16    0.8137    0.2951
   3   17    0.8212    0.2077
   3   18    0.8138    0.2258
   3   19    0.6630    0.2951
   3   20    0.7421    0.3193
   3   21    0.7951    0.2988
   3   22    0.7860    0.2979
   3   23    0.7782    0.2999
   3   24    0.8412    0.2083

   4    1    0.4929    0.1709
   4    2    0.3372    0.0785
   4    3    0.1346    0.0029
   4    4    0.0000    0.0000
   4    5    0.1349    0.0030
   4    6    0.3571    0.0574
   4    7    0.6058    0.1388
   4    8    0.7956    0.1488
   4    9    0.8015    0.1972
   4   10    0.9397    0.1101
   4   11    0.8519    0.2152
   4   12    0.9387    0.1270
   4   13    0.9312    0.1385
   4   14    0.9804    0.0599
   4   15    0.9789    0.0662
   4   16    0.9048    0.1696
   4   17    0.8579    0.1682
   4   18    0.9189    0.1632
   4   19    0.6933    0.2722
   4   20    0.8034    0.2529
   4   21    0.9340    0.1101
   4   22    0.9684    0.0901
   4   23    0.9328    0.1385
   4   24    0.8299    0.2130

   5    1    0.7567    0.2101
   5    2    0.6076    0.1388
   5    3    0.3648    0.0684
   5    4    0.1349    0.0030
   5    5    0.0000    0.0000
   5    6    0.1348    0.0028
   5    7    0.3747    0.0798
   5    8    0.5947    0.0971
   5    9    0.6942    0.2249
   5   10    0.8561    0.1687
   5   11    0.7684    0.2509
   5   12    0.8516    0.2513
   5   13    0.8252    0.3049
   5   14    0.9156    0.1635
   5   15    0.9372    0.1212
   5   16    0.8668    0.1817
   5   17    0.8083    0.2263
   5   18    0.8638    0.2443
   5   19    0.6986    0.2805
   5   20    0.7850    0.2131
   5   21    0.9420    0.1097
   5   22    0.9638    0.0845
   5   23    0.9311    0.1448
   5   24    0.7783    0.2113

   6    1    0.8328    0.2030
   6    2    0.7845    0.2103
   6    3    0.5832    0.1719
   6    4    0.3571    0.0574
   6    5    0.1348    0.0028
   6    6    0.0000    0.0000
   6    7    0.1348    0.0029
   6    8    0.3097    0.0855
   6    9    0.4588    0.1876
   6   10    0.7154    0.1967
   6   11    0.7685    0.2024
   6   12    0.9109    0.1541
   6   13    0.9419    0.1158
   6   14    0.9899    0.0339
   6   15    0.9831    0.0454
   6   16    0.9391    0.0815
   6   17    0.7657    0.1899
   6   18    0.9300    0.1192
   6   19    0.6737    0.2593
   6   20    0.7746    0.2034
   6   21    0.9699    0.0667
   6   22    0.9822    0.0631
   6   23    0.9444    0.1349
   6   24    0.6997    0.2380

   7    1    0.9189    0.1474
   7    2    0.8974    0.1844
   7    3    0.8222    0.2141
   7    4    0.6058    0.1388
   7    5    0.3747    0.0798
   7    6    0.1348    0.0029
   7    7    0.0000    0.0000
   7    8    0.1350    0.0029
   7    9    0.3293    0.0568
   7   10    0.5724    0.1153
   7   11    0.7420    0.1337
   7   12    0.9395    0.1349
   7   13    0.9565    0.1346
   7   14    0.9899    0.0541
   7   15    0.9826    0.0625
   7   16    0.9676    0.0805
   7   17    0.8118    0.1878
   7   18    0.9360    0.1374
   7   19    0.7799    0.2364
   7   20    0.8549    0.1742
   7   21    0.9793    0.0568
   7   22    0.9896    0.0410
   7   23    0.9621    0.0955
   7   24    0.7146    0.1565

   8    1    0.9354    0.1432
   8    2    0.9354    0.1656
   8    3    0.9071    0.1787
   8    4    0.7956    0.1488
   8    5    0.5947    0.0971
   8    6    0.3097    0.0855
   8    7    0.1350    0.0029
   8    8    0.0000    0.0000
   8    9    0.1348    0.0029
   8   10    0.3290    0.0712
   8   11    0.5941    0.0457
   8   12    0.9421    0.0826
   8   13    0.9852    0.0552
   8   14    0.9994    0.0074
   8   15    0.9962    0.0181
   8   16    0.9752    0.0534
   8   17    0.7648    0.0826
   8   18    0.9873    0.0406
   8   19    0.7991    0.1529
   8   20    0.8266    0.1524
   8   21    0.9944    0.0253
   8   22    0.9985    0.0117
   8   23    0.9750    0.0793
   8   24    0.6477    0.0987

   9    1    0.9222    0.1518
   9    2    0.9195    0.1412
   9    3    0.8674    0.1710
   9    4    0.8015    0.1972
   9    5    0.6942    0.2249
   9    6    0.4588    0.1876
   9    7    0.3293    0.0568
   9    8    0.1348    0.0029
   9    9    0.0000    0.0000
   9   10    0.1347    0.0029
   9   11    0.2653    0.0329
   9   12    0.6452    0.0726
   9   13    0.8807    0.0885
   9   14    0.9173    0.0777
   9   15    0.6873    0.0597
   9   16    0.6078    0.0392
   9   17    0.3660    0.0198
   9   18    0.7135    0.0399
   9   19    0.5806    0.0521
   9   20    0.5206    0.0113
   9   21    0.8410    0.0297
   9   22    0.9954    0.0164
   9   23    0.9752    0.0442
   9   24    0.2636    0.0098

  10    1    0.9678    0.1283
  10    2    0.9762    0.1071
  10    3    0.9560    0.1368
  10    4    0.9397    0.1101
  10    5    0.8561    0.1687
  10    6    0.7154    0.1967
  10    7    0.5724    0.1153
  10    8    0.3290    0.0712
  10    9    0.1347    0.0029
  10   10    0.0000    0.0000
  10   11    0.1348    0.0029
  10   12    0.4099    0.0419
  10   13    0.7463    0.0491
  10   14    0.7878    0.1156
  10   15    0.6676    0.0688
  10   16    0.7003    0.0746
  10   17    0.5977    0.1234
  10   18    0.9084    0.1651
  10   19    0.9232    0.1102
  10   20    0.8087    0.0745
  10   21    0.9852    0.0563
  10   22    0.9956    0.0288
  10   23    0.9984    0.0130
  10   24    0.6017    0.0534

  11    1    0.9165    0.1605
  11    2    0.9120    0.1522
  11    3    0.8270    0.2503
  11    4    0.8519    0.2152
  11    5    0.7684    0.2509
  11    6    0.7685    0.2024
  11    7    0.7420    0.1337
  11    8    0.5941    0.0457
  11    9    0.2653    0.0329
  11   10    0.1348    0.0029
  11   11    0.0000    0.0000
  11   12    0.1348    0.0027
  11   13    0.4198    0.0259
  11   14    0.4182    0.1120
  11   15    0.2763    0.0410
  11   16    0.2627    0.0312
  11   17    0.2330    0.0247
  11   18    0.6100    0.0331
  11   19    0.6028    0.0282
  11   20    0.2850    0.0358
  11   21    0.6046    0.0513
  11   22    0.8230    0.0788
  11   23    0.7982    0.1644
  11   24    0.2228    0.0067

  12    1    0.9860    0.0682
  12    2    0.9871    0.0440
  12    3    0.9173    0.1557
  12    4    0.9387    0.1270
  12    5    0.8516    0.2513
  12    6    0.9109    0.1541
  12    7    0.9395    0.1349
  12    8    0.9421    0.0826
  12    9    0.6452    0.0726
  12   10    0.4099    0.0419
  12   11    0.1348    0.0027
  12   12    0.0000    0.0000
  12   13    0.1346    0.0030
  12   14    0.2964    0.0269
  12   15    0.3768    0.1265
  12   16    0.3653    0.0957
  12   17    0.6482    0.0498
  12   18    0.9955    0.0122
  12   19    0.9973    0.0098
  12   20    0.6602    0.0595
  12   21    0.8694    0.0927
  12   22    0.9742    0.0588
  12   23    0.9145    0.1105
  12   24    0.7270    0.0577

  13    1    0.9927    0.0382
  13    2    0.9813    0.0549
  13    3    0.9005    0.1924
  13    4    0.9312    0.1385
  13    5    0.8252    0.3049
  13    6    0.9419    0.1158
  13    7    0.9565    0.1346
  13    8    0.9852    0.0552
  13    9    0.8807    0.0885
  13   10    0.7463    0.0491
  13   11    0.4198    0.0259
  13   12    0.1346    0.0030
  13   13    0.0000    0.0000
  13   14    0.1344    0.0029
  13   15    0.3719    0.0829
  13   16    0.3331    0.1317
  13   17    0.7803    0.0597
  13   18    0.9980    0.0106
  13   19    0.9993    0.0049
  13   20    0.6916    0.0779
  13   21    0.7792    0.1339
  13   22    0.9096    0.1195
  13   23    0.7947    0.2015
  13   24    0.8827    0.0663

  14    1    0.9888    0.0560
  14    2    0.9943    0.0382
  14    3    0.9249    0.1578
  14    4    0.9804    0.0599
  14    5    0.9156    0.1635
  14    6    0.9899    0.0339
  14    7    0.9899    0.0541
  14    8    0.9994    0.0074
  14    9    0.9173    0.0777
  14   10    0.7878    0.1156
  14   11    0.4182    0.1120
  14   12    0.2964    0.0269
  14   13    0.1344    0.0029
  14   14    0.0000    0.0000
  14   15    0.1351    0.0030
  14   16    0.3132    0.0486
  14   17    0.7044    0.0408
  14   18    0.9885    0.0287
  14   19    0.9997    0.0046
  14   20    0.7873    0.0679
  14   21    0.7587    0.0982
  14   22    0.8835    0.1490
  14   23    0.8261    0.2117
  14   24    0.9343    0.0616

  15    1    0.9740    0.1132
  15    2    0.9825    0.0662
  15    3    0.9213    0.1653
  15    4    0.9789    0.0662
  15    5    0.9372    0.1212
  15    6    0.9831    0.0454
  15    7    0.9826    0.0625
  15    8    0.9962    0.0181
  15    9    0.6873    0.0597
  15   10    0.6676    0.0688
  15   11    0.2763    0.0410
  15   12    0.3768    0.1265
  15   13    0.3719    0.0829
  15   14    0.1351    0.0030
  15   15    0.0000    0.0000
  15   16    0.1344    0.0028
  15   17    0.3930    0.0372
  15   18    0.7180    0.0519
  15   19    0.8649    0.0383
  15   20    0.5958    0.0697
  15   21    0.6329    0.0685
  15   22    0.8800    0.1671
  15   23    0.8942    0.1536
  15   24    0.6841    0.0552

  16    1    0.9378    0.1326
  16    2    0.9116    0.1571
  16    3    0.8137    0.2951
  16    4    0.9048    0.1696
  16    5    0.8668    0.1817
  16    6    0.9391    0.0815
  16    7    0.9676    0.0805
  16    8    0.9752    0.0534
  16    9    0.6078    0.0392
  16   10    0.7003    0.0746
  16   11    0.2627    0.0312
  16   12    0.3653    0.0957
  16   13    0.3331    0.1317
  16   14    0.3132    0.0486
  16   15    0.1344    0.0028
  16   16    0.0000    0.0000
  16   17    0.1347    0.0029
  16   18    0.4333    0.0203
  16   19    0.5681    0.0259
  16   20    0.2452    0.0282
  16   21    0.2703    0.0521
  16   22    0.4695    0.1431
  16   23    0.5001    0.2250
  16   24    0.4901    0.0283

  17    1    0.9068    0.1738
  17    2    0.8813    0.1754
  17    3    0.8212    0.2077
  17    4    0.8579    0.1682
  17    5    0.8083    0.2263
  17    6    0.7657    0.1899
  17    7    0.8118    0.1878
  17    8    0.7648    0.0826
  17    9    0.3660    0.0198
  17   10    0.5977    0.1234
  17   11    0.2330    0.0247
  17   12    0.6482    0.0498
  17   13    0.7803    0.0597
  17   14    0.7044    0.0408
  17   15    0.3930    0.0372
  17   16    0.1347    0.0029
  17   17    0.0000    0.0000
  17   18    0.1350    0.0028
  17   19    0.2931    0.0221
  17   20    0.2456    0.0304
  17   21    0.1888    0.0326
  17   22    0.4688    0.1044
  17   23    0.7074    0.1059
  17   24    0.2558    0.0075

  18    1    0.9160    0.1768
  18    2    0.8484    0.2048
  18    3    0.8138    0.2258
  18    4    0.9189    0.1632
  18    5    0.8638    0.2443
  18    6    0.9300    0.1192
  18    7    0.9360    0.1374
  18    8    0.9873    0.0406
  18    9    0.7135    0.0399
  18   10    0.9084    0.1651
  18   11    0.6100    0.0331
  18   12    0.9955    0.0122
  18   13    0.9980    0.0106
  18   14    0.9885    0.0287
  18   15    0.7180    0.0519
  18   16    0.4333    0.0203
  18   17    0.1350    0.0028
  18   18    0.0000    0.0000
  18   19    0.1350    0.0029
  18   20    0.3383    0.0208
  18   21    0.2802    0.0354
  18   22    0.3570    0.1254
  18   23    0.6207    0.1484
  18   24    0.6261    0.0205

  19    1    0.7271    0.3204
  19    2    0.7050    0.3144
  19    3    0.6630    0.2951
  19    4    0.6933    0.2722
  19    5    0.6986    0.2805
  19    6    0.6737    0.2593
  19    7    0.7799    0.2364
  19    8    0.7991    0.1529
  19    9    0.5806    0.0521
  19   10    0.9232    0.1102
  19   11    0.6028    0.0282
  19   12    0.9973    0.0098
  19   13    0.9993    0.0049
  19   14    0.9997    0.0046
  19   15    0.8649    0.0383
  19   16    0.5681    0.0259
  19   17    0.2931    0.0221
  19   18    0.1350    0.0029
  19   19    0.0000    0.0000
  19   20    0.1349    0.0028
  19   21    0.3077    0.0214
  19   22    0.3842    0.1520
  19   23    0.5047    0.2311
  19   24    0.4374    0.0363

  20    1    0.8532    0.2099
  20    2    0.8041    0.2954
  20    3    0.7421    0.3193
  20    4    0.8034    0.2529
  20    5    0.7850    0.2131
  20    6    0.7746    0.2034
  20    7    0.8549    0.1742
  20    8    0.8266    0.1524
  20    9    0.5206    0.0113
  20   10    0.8087    0.0745
  20   11    0.2850    0.0358
  20   12    0.6602    0.0595
  20   13    0.6916    0.0779
  20   14    0.7873    0.0679
  20   15    0.5958    0.0697
  20   16    0.2452    0.0282
  20   17    0.2456    0.0304
  20   18    0.3383    0.0208
  20   19    0.1349    0.0028
  20   20    0.0000    0.0000
  20   21    0.1350    0.0027
  20   22    0.3355    0.0502
  20   23    0.3980    0.2012
  20   24    0.2603    0.0087

  21    1    0.9302    0.1208
  21    2    0.8737    0.2137
  21    3    0.7951    0.2988
  21    4    0.9340    0.1101
  21    5    0.9420    0.1097
  21    6    0.9699    0.0667
  21    7    0.9793    0.0568
  21    8    0.9944    0.0253
  21    9    0.8410    0.0297
  21   10    0.9852    0.0563
  21   11    0.6046    0.0513
  21   12    0.8694    0.0927
  21   13    0.7792    0.1339
  21   14    0.7587    0.0982
  21   15    0.6329    0.0685
  21   16    0.2703    0.0521
  21   17    0.1888    0.0326
  21   18    0.2802    0.0354
  21   19    0.3077    0.0214
  21   20    0.1350    0.0027
  21   21    0.0000    0.0000
  21   22    0.1340    0.0033
  21   23    0.3090    0.0495
  21   24    0.6235    0.0238

  22    1    0.9388    0.1541
  22    2    0.9003    0.1640
  22    3    0.7860    0.2979
  22    4    0.9684    0.0901
  22    5    0.9638    0.0845
  22    6    0.9822    0.0631
  22    7    0.9896    0.0410
  22    8    0.9985    0.0117
  22    9    0.9954    0.0164
  22   10    0.9956    0.0288
  22   11    0.8230    0.0788
  22   12    0.9742    0.0588
  22   13    0.9096    0.1195
  22   14    0.8835    0.1490
  22   15    0.8800    0.1671
  22   16    0.4695    0.1431
  22   17    0.4688    0.1044
  22   18    0.3570    0.1254
  22   19    0.3842    0.1520
  22   20    0.3355    0.0502
  22   21    0.1340    0.0033
  22   22    0.0000    0.0000
  22   23    0.1345    0.0029
  22   24    0.8629    0.0715

  23    1    0.9210    0.1951
  23    2    0.8844    0.1944
  23    3    0.7782    0.2999
  23    4    0.9328    0.1385
  23    5    0.9311    0.1448
  23    6    0.9444    0.1349
  23    7    0.9621    0.0955
  23    8    0.9750    0.0793
  23    9    0.9752    0.0442
  23   10    0.9984    0.0130
  23   11    0.7982    0.1644
  23   12    0.9145    0.1105
  23   13    0.7947    0.2015
  23   14    0.8261    0.2117
  23   15    0.8942    0.1536
  23   16    0.5001    0.2250
  23   17    0.7074    0.1059
  23   18    0.6207    0.1484
  23   19    0.5047    0.2311
  23   20    0.3980    0.2012
  23   21    0.3090    0.0495
  23   22    0.1345    0.0029
  23   23    0.0000    0.0000
  23   24    0.8604    0.1400

  24    1    0.9085    0.1581
  24    2    0.8944    0.1704
  24    3    0.8412    0.2083
  24    4    0.8299    0.2130
  24    5    0.7783    0.2113
  24    6    0.6997    0.2380
  24    7    0.7146    0.1565
  24    8    0.6477    0.0987
  24    9    0.2636    0.0098
  24   10    0.6017    0.0534
  24   11    0.2228    0.0067
  24   12    0.7270    0.0577
  24   13    0.8827    0.0663
  24   14    0.9343    0.0616
  24   15    0.6841    0.0552
  24   16    0.4901    0.0283
  24   17    0.2558    0.0075
  24   18    0.6261    0.0205
  24   19    0.4374    0.0363
  24   20    0.2603    0.0087
  24   21    0.6235    0.0238
  24   22    0.8629    0.0715
  24   23    0.8604    0.1400
  24   24    0.0000    0.0000

