#  i  j   t_first t_last t_total (# encounters)
# first/last time residues i and j are within the interaction distance.
# total: fraction of frames in which residues i and j are within interaction distance (maximum = 1.0).
   1    1            0      1000000     1.000000 1000000.000000     1
   1    2            0      1000000     1.000000 1000000.000000     1
   1    3            0      1000000     1.000000 1000000.000000     1
   1    4            0      1000000     0.365634 1000000.000000    86
   1    5         1000       890000     0.099900 1000000.000000    45
   1    6         1000       942000     0.084915 1000000.000000    53
   1    7       144000       923000     0.021978 1000000.000000    14
   1    8       144000       926000     0.035964 1000000.000000    15
   1    9       445000       923000     0.035964 1000000.000000    15
   1   10       337000       985000     0.025974 1000000.000000    13
   1   11       484000       955000     0.033966 1000000.000000    12
   1   12       488000       955000     0.005994 1000000.000000     5
   1   13      1000000            0     0.000000 1000000.000000     0
   1   14      1000000            0     0.000000 1000000.000000     0
   1   15       484000       914000     0.025974 1000000.000000     9
   1   16       297000       914000     0.025974 1000000.000000     8
   1   17       444000       923000     0.046953 1000000.000000    11
   1   18       268000       947000     0.051948 1000000.000000    24
   1   19            0       944000     0.285714 1000000.000000    48
   1   20        11000       923000     0.112887 1000000.000000    49
   1   21         7000       912000     0.009990 1000000.000000     8
   1   22         7000       997000     0.039960 1000000.000000    24
   1   23         7000       863000     0.065934 1000000.000000    25
   1   24       445000       923000     0.015984 1000000.000000     7

   2    1            0      1000000     1.000000 1000000.000000     1
   2    2            0      1000000     1.000000 1000000.000000     1
   2    3            0      1000000     1.000000 1000000.000000     1
   2    4            0      1000000     1.000000 1000000.000000     1
   2    5         7000       987000     0.181818 1000000.000000    87
   2    6       220000       957000     0.095904 1000000.000000    44
   2    7       207000       943000     0.054945 1000000.000000    28
   2    8       340000       943000     0.044955 1000000.000000    18
   2    9       335000       926000     0.021978 1000000.000000     8
   2   10       359000       955000     0.019980 1000000.000000     5
   2   11       486000       914000     0.008991 1000000.000000     6
   2   12      1000000            0     0.000000 1000000.000000     0
   2   13       624000       624000     0.000999 1000000.000000     1
   2   14       624000       624000     0.000999 1000000.000000     1
   2   15       486000       803000     0.003996 1000000.000000     2
   2   16       297000       914000     0.007992 1000000.000000     5
   2   17       314000       914000     0.030969 1000000.000000    11
   2   18            0       952000     0.055944 1000000.000000    22
   2   19            0       944000     0.325674 1000000.000000    59
   2   20            0       816000     0.192807 1000000.000000     9
   2   21         1000       488000     0.156843 1000000.000000    34
   2   22         6000       917000     0.025974 1000000.000000    14
   2   23         3000       944000     0.064935 1000000.000000    27
   2   24        47000       335000     0.002997 1000000.000000     3

   3    1            0      1000000     1.000000 1000000.000000     1
   3    2            0      1000000     1.000000 1000000.000000     1
   3    3            0      1000000     1.000000 1000000.000000     1
   3    4            0      1000000     1.000000 1000000.000000     1
   3    5            0      1000000     0.999001 1000000.000000     2
   3    6       224000       995000     0.210789 1000000.000000    40
   3    7       207000       990000     0.096903 1000000.000000    48
   3    8       226000       945000     0.049950 1000000.000000    27
   3    9       296000       952000     0.044955 1000000.000000    23
   3   10       231000       952000     0.032967 1000000.000000    11
   3   11         1000       952000     0.206793 1000000.000000    20
   3   12        13000       952000     0.017982 1000000.000000    13
   3   13         7000       642000     0.046953 1000000.000000    24
   3   14         1000       642000     0.032967 1000000.000000    15
   3   15         1000       912000     0.042957 1000000.000000    15
   3   16            0       687000     0.207792 1000000.000000    13
   3   17        13000       952000     0.050949 1000000.000000    32
   3   18       191000       973000     0.111888 1000000.000000    44
   3   19            0       998000     0.393606 1000000.000000    85
   3   20            0       927000     0.248751 1000000.000000    15
   3   21            0       862000     0.216783 1000000.000000    23
   3   22            0       862000     0.252747 1000000.000000    22
   3   23            0       863000     0.233766 1000000.000000    44
   3   24         1000       952000     0.130869 1000000.000000    60

   4    1            0      1000000     0.365634 1000000.000000    86
   4    2            0      1000000     1.000000 1000000.000000     1
   4    3            0      1000000     1.000000 1000000.000000     1
   4    4            0      1000000     1.000000 1000000.000000     1
   4    5            0      1000000     1.000000 1000000.000000     1
   4    6            0      1000000     1.000000 1000000.000000     1
   4    7       198000       991000     0.175824 1000000.000000    85
   4    8       282000       993000     0.051948 1000000.000000    28
   4    9        16000       952000     0.052947 1000000.000000    36
   4   10       309000       986000     0.011988 1000000.000000    10
   4   11        10000       802000     0.150849 1000000.000000    32
   4   12       116000       117000     0.001998 1000000.000000     1
   4   13        12000       300000     0.008991 1000000.000000     8
   4   14      1000000            0     0.000000 1000000.000000     0
   4   15      1000000            0     0.000000 1000000.000000     0
   4   16        60000       615000     0.046953 1000000.000000    32
   4   17       268000       804000     0.035964 1000000.000000    16
   4   18       283000       999000     0.035964 1000000.000000    19
   4   19            0      1000000     0.252747 1000000.000000   110
   4   20            0       810000     0.218781 1000000.000000    34
   4   21       276000       866000     0.001998 1000000.000000     2
   4   22       537000       999000     0.006993 1000000.000000     4
   4   23       629000       999000     0.020979 1000000.000000    10
   4   24         5000       630000     0.168831 1000000.000000    39

   5    1         1000       890000     0.099900 1000000.000000    45
   5    2         7000       987000     0.181818 1000000.000000    87
   5    3            0      1000000     0.999001 1000000.000000     2
   5    4            0      1000000     1.000000 1000000.000000     1
   5    5            0      1000000     1.000000 1000000.000000     1
   5    6            0      1000000     1.000000 1000000.000000     1
   5    7            0      1000000     1.000000 1000000.000000     1
   5    8        95000       995000     0.101898 1000000.000000    45
   5    9         1000       973000     0.218781 1000000.000000    69
   5   10        95000       986000     0.037962 1000000.000000    29
   5   11         1000       810000     0.225774 1000000.000000    72
   5   12        10000       772000     0.158841 1000000.000000    39
   5   13         1000       772000     0.191808 1000000.000000    36
   5   14        25000       651000     0.017982 1000000.000000    13
   5   15       571000       754000     0.008991 1000000.000000     7
   5   16        61000       810000     0.054945 1000000.000000    41
   5   17       190000       996000     0.147852 1000000.000000    44
   5   18       214000       999000     0.116883 1000000.000000    42
   5   19         7000      1000000     0.283716 1000000.000000    67
   5   20         6000       810000     0.070929 1000000.000000    30
   5   21       295000       621000     0.001998 1000000.000000     2
   5   22       253000       621000     0.001998 1000000.000000     2
   5   23       621000       821000     0.023976 1000000.000000    12
   5   24         6000       810000     0.130869 1000000.000000    40

   6    1         1000       942000     0.084915 1000000.000000    53
   6    2       220000       957000     0.095904 1000000.000000    44
   6    3       224000       995000     0.210789 1000000.000000    40
   6    4            0      1000000     1.000000 1000000.000000     1
   6    5            0      1000000     1.000000 1000000.000000     1
   6    6            0      1000000     1.000000 1000000.000000     1
   6    7            0      1000000     1.000000 1000000.000000     1
   6    8            0      1000000     1.000000 1000000.000000     1
   6    9            0       986000     0.492507 1000000.000000    42
   6   10        64000       986000     0.105894 1000000.000000    68
   6   11         3000       692000     0.101898 1000000.000000    50
   6   12        57000       646000     0.022977 1000000.000000    19
   6   13        12000       642000     0.007992 1000000.000000     4
   6   14      1000000            0     0.000000 1000000.000000     0
   6   15      1000000            0     0.000000 1000000.000000     0
   6   16      1000000            0     0.000000 1000000.000000     0
   6   17       190000       992000     0.082917 1000000.000000    30
   6   18       466000       513000     0.001998 1000000.000000     2
   6   19            0      1000000     0.267732 1000000.000000    88
   6   20        95000      1000000     0.069930 1000000.000000    45
   6   21      1000000            0     0.000000 1000000.000000     0
   6   22       378000       382000     0.003996 1000000.000000     2
   6   23       377000       994000     0.021978 1000000.000000    13
   6   24            0      1000000     0.334665 1000000.000000    99

   7    1       144000       923000     0.021978 1000000.000000    14
   7    2       207000       943000     0.054945 1000000.000000    28
   7    3       207000       990000     0.096903 1000000.000000    48
   7    4       198000       991000     0.175824 1000000.000000    85
   7    5            0      1000000     1.000000 1000000.000000     1
   7    6            0      1000000     1.000000 1000000.000000     1
   7    7            0      1000000     1.000000 1000000.000000     1
   7    8            0      1000000     1.000000 1000000.000000     1
   7    9            0      1000000     1.000000 1000000.000000     1
   7   10            0       946000     0.226773 1000000.000000   148
   7   11         3000      1000000     0.060939 1000000.000000    37
   7   12         3000       726000     0.022977 1000000.000000    19
   7   13         3000       726000     0.022977 1000000.000000    11
   7   14      1000000            0     0.000000 1000000.000000     0
   7   15      1000000            0     0.000000 1000000.000000     0
   7   16       726000       726000     0.000999 1000000.000000     1
   7   17       218000      1000000     0.071928 1000000.000000    31
   7   18       218000      1000000     0.025974 1000000.000000    14
   7   19       197000      1000000     0.162837 1000000.000000    50
   7   20       252000       993000     0.032967 1000000.000000    26
   7   21      1000000            0     0.000000 1000000.000000     0
   7   22      1000000            0     0.000000 1000000.000000     0
   7   23       419000       965000     0.006993 1000000.000000     6
   7   24       240000      1000000     0.168831 1000000.000000    46

   8    1       144000       926000     0.035964 1000000.000000    15
   8    2       340000       943000     0.044955 1000000.000000    18
   8    3       226000       945000     0.049950 1000000.000000    27
   8    4       282000       993000     0.051948 1000000.000000    28
   8    5        95000       995000     0.101898 1000000.000000    45
   8    6            0      1000000     1.000000 1000000.000000     1
   8    7            0      1000000     1.000000 1000000.000000     1
   8    8            0      1000000     1.000000 1000000.000000     1
   8    9            0      1000000     1.000000 1000000.000000     1
   8   10            0      1000000     1.000000 1000000.000000     1
   8   11       345000       972000     0.007992 1000000.000000     7
   8   12       372000       372000     0.000999 1000000.000000     1
   8   13      1000000            0     0.000000 1000000.000000     0
   8   14      1000000            0     0.000000 1000000.000000     0
   8   15      1000000            0     0.000000 1000000.000000     0
   8   16      1000000            0     0.000000 1000000.000000     0
   8   17       296000       730000     0.002997 1000000.000000     3
   8   18      1000000            0     0.000000 1000000.000000     0
   8   19       233000       946000     0.041958 1000000.000000    27
   8   20       225000       972000     0.047952 1000000.000000    31
   8   21      1000000            0     0.000000 1000000.000000     0
   8   22      1000000            0     0.000000 1000000.000000     0
   8   23       751000       887000     0.001998 1000000.000000     2
   8   24       202000       993000     0.105894 1000000.000000    51

   9    1       445000       923000     0.035964 1000000.000000    15
   9    2       335000       926000     0.021978 1000000.000000     8
   9    3       296000       952000     0.044955 1000000.000000    23
   9    4        16000       952000     0.052947 1000000.000000    36
   9    5         1000       973000     0.218781 1000000.000000    69
   9    6            0       986000     0.492507 1000000.000000    42
   9    7            0      1000000     1.000000 1000000.000000     1
   9    8            0      1000000     1.000000 1000000.000000     1
   9    9            0      1000000     1.000000 1000000.000000     1
   9   10            0      1000000     1.000000 1000000.000000     1
   9   11            0      1000000     1.000000 1000000.000000     1
   9   12        61000       666000     0.007992 1000000.000000     7
   9   13      1000000            0     0.000000 1000000.000000     0
   9   14      1000000            0     0.000000 1000000.000000     0
   9   15      1000000            0     0.000000 1000000.000000     0
   9   16       560000       877000     0.001998 1000000.000000     2
   9   17            0      1000000     1.000000 1000000.000000     1
   9   18      1000000            0     0.000000 1000000.000000     0
   9   19            0       968000     0.050949 1000000.000000    38
   9   20       114000       997000     0.022977 1000000.000000    22
   9   21      1000000            0     0.000000 1000000.000000     0
   9   22      1000000            0     0.000000 1000000.000000     0
   9   23      1000000            0     0.000000 1000000.000000     0
   9   24            0      1000000     1.000000 1000000.000000     1

  10    1       337000       985000     0.025974 1000000.000000    13
  10    2       359000       955000     0.019980 1000000.000000     5
  10    3       231000       952000     0.032967 1000000.000000    11
  10    4       309000       986000     0.011988 1000000.000000    10
  10    5        95000       986000     0.037962 1000000.000000    29
  10    6        64000       986000     0.105894 1000000.000000    68
  10    7            0       946000     0.226773 1000000.000000   148
  10    8            0      1000000     1.000000 1000000.000000     1
  10    9            0      1000000     1.000000 1000000.000000     1
  10   10            0      1000000     1.000000 1000000.000000     1
  10   11            0      1000000     1.000000 1000000.000000     1
  10   12            0      1000000     1.000000 1000000.000000     1
  10   13      1000000            0     0.000000 1000000.000000     0
  10   14       311000       311000     0.000999 1000000.000000     1
  10   15        58000       832000     0.034965 1000000.000000    20
  10   16        57000       690000     0.027972 1000000.000000    18
  10   17         1000       778000     0.149850 1000000.000000    74
  10   18        57000       726000     0.056943 1000000.000000    18
  10   19       167000       666000     0.008991 1000000.000000     7
  10   20      1000000            0     0.000000 1000000.000000     0
  10   21      1000000            0     0.000000 1000000.000000     0
  10   22      1000000            0     0.000000 1000000.000000     0
  10   23      1000000            0     0.000000 1000000.000000     0
  10   24        57000       690000     0.047952 1000000.000000    31

  11    1       484000       955000     0.033966 1000000.000000    12
  11    2       486000       914000     0.008991 1000000.000000     6
  11    3         1000       952000     0.206793 1000000.000000    20
  11    4        10000       802000     0.150849 1000000.000000    32
  11    5         1000       810000     0.225774 1000000.000000    72
  11    6         3000       692000     0.101898 1000000.000000    50
  11    7         3000      1000000     0.060939 1000000.000000    37
  11    8       345000       972000     0.007992 1000000.000000     7
  11    9            0      1000000     1.000000 1000000.000000     1
  11   10            0      1000000     1.000000 1000000.000000     1
  11   11            0      1000000     1.000000 1000000.000000     1
  11   12            0      1000000     1.000000 1000000.000000     1
  11   13            0      1000000     1.000000 1000000.000000     1
  11   14            0       995000     0.693307 1000000.000000    65
  11   15            0      1000000     0.997003 1000000.000000     4
  11   16            0      1000000     1.000000 1000000.000000     1
  11   17            0      1000000     1.000000 1000000.000000     1
  11   18      1000000            0     0.000000 1000000.000000     0
  11   19      1000000            0     0.000000 1000000.000000     0
  11   20            0      1000000     1.000000 1000000.000000     1
  11   21       311000       797000     0.005994 1000000.000000     6
  11   22      1000000            0     0.000000 1000000.000000     0
  11   23       702000       886000     0.003996 1000000.000000     4
  11   24            0      1000000     1.000000 1000000.000000     1

  12    1       488000       955000     0.005994 1000000.000000     5
  12    2      1000000            0     0.000000 1000000.000000     0
  12    3        13000       952000     0.017982 1000000.000000    13
  12    4       116000       117000     0.001998 1000000.000000     1
  12    5        10000       772000     0.158841 1000000.000000    39
  12    6        57000       646000     0.022977 1000000.000000    19
  12    7         3000       726000     0.022977 1000000.000000    19
  12    8       372000       372000     0.000999 1000000.000000     1
  12    9        61000       666000     0.007992 1000000.000000     7
  12   10            0      1000000     1.000000 1000000.000000     1
  12   11            0      1000000     1.000000 1000000.000000     1
  12   12            0      1000000     1.000000 1000000.000000     1
  12   13            0      1000000     1.000000 1000000.000000     1
  12   14            0      1000000     1.000000 1000000.000000     1
  12   15            0      1000000     0.802198 1000000.000000   139
  12   16            0      1000000     0.890110 1000000.000000    57
  12   17      1000000            0     0.000000 1000000.000000     0
  12   18      1000000            0     0.000000 1000000.000000     0
  12   19      1000000            0     0.000000 1000000.000000     0
  12   20       466000       466000     0.000999 1000000.000000     1
  12   21      1000000            0     0.000000 1000000.000000     0
  12   22      1000000            0     0.000000 1000000.000000     0
  12   23      1000000            0     0.000000 1000000.000000     0
  12   24      1000000            0     0.000000 1000000.000000     0

  13    1      1000000            0     0.000000 1000000.000000     0
  13    2       624000       624000     0.000999 1000000.000000     1
  13    3         7000       642000     0.046953 1000000.000000    24
  13    4        12000       300000     0.008991 1000000.000000     8
  13    5         1000       772000     0.191808 1000000.000000    36
  13    6        12000       642000     0.007992 1000000.000000     4
  13    7         3000       726000     0.022977 1000000.000000    11
  13    8      1000000            0     0.000000 1000000.000000     0
  13    9      1000000            0     0.000000 1000000.000000     0
  13   10      1000000            0     0.000000 1000000.000000     0
  13   11            0      1000000     1.000000 1000000.000000     1
  13   12            0      1000000     1.000000 1000000.000000     1
  13   13            0      1000000     1.000000 1000000.000000     1
  13   14            0      1000000     1.000000 1000000.000000     1
  13   15            0      1000000     1.000000 1000000.000000     1
  13   16        22000      1000000     0.836164 1000000.000000    18
  13   17      1000000            0     0.000000 1000000.000000     0
  13   18      1000000            0     0.000000 1000000.000000     0
  13   19      1000000            0     0.000000 1000000.000000     0
  13   20      1000000            0     0.000000 1000000.000000     0
  13   21       509000       888000     0.001998 1000000.000000     2
  13   22        85000       147000     0.006993 1000000.000000     7
  13   23        45000       987000     0.078921 1000000.000000    39
  13   24      1000000            0     0.000000 1000000.000000     0

  14    1      1000000            0     0.000000 1000000.000000     0
  14    2       624000       624000     0.000999 1000000.000000     1
  14    3         1000       642000     0.032967 1000000.000000    15
  14    4      1000000            0     0.000000 1000000.000000     0
  14    5        25000       651000     0.017982 1000000.000000    13
  14    6      1000000            0     0.000000 1000000.000000     0
  14    7      1000000            0     0.000000 1000000.000000     0
  14    8      1000000            0     0.000000 1000000.000000     0
  14    9      1000000            0     0.000000 1000000.000000     0
  14   10       311000       311000     0.000999 1000000.000000     1
  14   11            0       995000     0.693307 1000000.000000    65
  14   12            0      1000000     1.000000 1000000.000000     1
  14   13            0      1000000     1.000000 1000000.000000     1
  14   14            0      1000000     1.000000 1000000.000000     1
  14   15            0      1000000     1.000000 1000000.000000     1
  14   16            0      1000000     1.000000 1000000.000000     1
  14   17      1000000            0     0.000000 1000000.000000     0
  14   18      1000000            0     0.000000 1000000.000000     0
  14   19      1000000            0     0.000000 1000000.000000     0
  14   20      1000000            0     0.000000 1000000.000000     0
  14   21       475000       916000     0.004995 1000000.000000     5
  14   22       119000       344000     0.008991 1000000.000000     9
  14   23        35000       982000     0.096903 1000000.000000    44
  14   24      1000000            0     0.000000 1000000.000000     0

  15    1       484000       914000     0.025974 1000000.000000     9
  15    2       486000       803000     0.003996 1000000.000000     2
  15    3         1000       912000     0.042957 1000000.000000    15
  15    4      1000000            0     0.000000 1000000.000000     0
  15    5       571000       754000     0.008991 1000000.000000     7
  15    6      1000000            0     0.000000 1000000.000000     0
  15    7      1000000            0     0.000000 1000000.000000     0
  15    8      1000000            0     0.000000 1000000.000000     0
  15    9      1000000            0     0.000000 1000000.000000     0
  15   10        58000       832000     0.034965 1000000.000000    20
  15   11            0      1000000     0.997003 1000000.000000     4
  15   12            0      1000000     0.802198 1000000.000000   139
  15   13            0      1000000     1.000000 1000000.000000     1
  15   14            0      1000000     1.000000 1000000.000000     1
  15   15            0      1000000     1.000000 1000000.000000     1
  15   16            0      1000000     1.000000 1000000.000000     1
  15   17            0      1000000     1.000000 1000000.000000     1
  15   18      1000000            0     0.000000 1000000.000000     0
  15   19      1000000            0     0.000000 1000000.000000     0
  15   20            0       665000     0.133866 1000000.000000    35
  15   21       310000       620000     0.002997 1000000.000000     3
  15   22         5000       203000     0.065934 1000000.000000    30
  15   23        45000       399000     0.039960 1000000.000000    18
  15   24      1000000            0     0.000000 1000000.000000     0

  16    1       297000       914000     0.025974 1000000.000000     8
  16    2       297000       914000     0.007992 1000000.000000     5
  16    3            0       687000     0.207792 1000000.000000    13
  16    4        60000       615000     0.046953 1000000.000000    32
  16    5        61000       810000     0.054945 1000000.000000    41
  16    6      1000000            0     0.000000 1000000.000000     0
  16    7       726000       726000     0.000999 1000000.000000     1
  16    8      1000000            0     0.000000 1000000.000000     0
  16    9       560000       877000     0.001998 1000000.000000     2
  16   10        57000       690000     0.027972 1000000.000000    18
  16   11            0      1000000     1.000000 1000000.000000     1
  16   12            0      1000000     0.890110 1000000.000000    57
  16   13        22000      1000000     0.836164 1000000.000000    18
  16   14            0      1000000     1.000000 1000000.000000     1
  16   15            0      1000000     1.000000 1000000.000000     1
  16   16            0      1000000     1.000000 1000000.000000     1
  16   17            0      1000000     1.000000 1000000.000000     1
  16   18            0      1000000     1.000000 1000000.000000     1
  16   19        74000       776000     0.002997 1000000.000000     3
  16   20            0      1000000     1.000000 1000000.000000     1
  16   21            0      1000000     0.989011 1000000.000000     5
  16   22            0       992000     0.409590 1000000.000000    83
  16   23        34000      1000000     0.559441 1000000.000000   103
  16   24            0       999000     0.639361 1000000.000000   216

  17    1       444000       923000     0.046953 1000000.000000    11
  17    2       314000       914000     0.030969 1000000.000000    11
  17    3        13000       952000     0.050949 1000000.000000    32
  17    4       268000       804000     0.035964 1000000.000000    16
  17    5       190000       996000     0.147852 1000000.000000    44
  17    6       190000       992000     0.082917 1000000.000000    30
  17    7       218000      1000000     0.071928 1000000.000000    31
  17    8       296000       730000     0.002997 1000000.000000     3
  17    9            0      1000000     1.000000 1000000.000000     1
  17   10         1000       778000     0.149850 1000000.000000    74
  17   11            0      1000000     1.000000 1000000.000000     1
  17   12      1000000            0     0.000000 1000000.000000     0
  17   13      1000000            0     0.000000 1000000.000000     0
  17   14      1000000            0     0.000000 1000000.000000     0
  17   15            0      1000000     1.000000 1000000.000000     1
  17   16            0      1000000     1.000000 1000000.000000     1
  17   17            0      1000000     1.000000 1000000.000000     1
  17   18            0      1000000     1.000000 1000000.000000     1
  17   19            0      1000000     1.000000 1000000.000000     1
  17   20            0      1000000     1.000000 1000000.000000     1
  17   21            0      1000000     0.998002 1000000.000000     3
  17   22        34000      1000000     0.680320 1000000.000000    67
  17   23            0       369000     0.010989 1000000.000000    11
  17   24            0      1000000     1.000000 1000000.000000     1

  18    1       268000       947000     0.051948 1000000.000000    24
  18    2            0       952000     0.055944 1000000.000000    22
  18    3       191000       973000     0.111888 1000000.000000    44
  18    4       283000       999000     0.035964 1000000.000000    19
  18    5       214000       999000     0.116883 1000000.000000    42
  18    6       466000       513000     0.001998 1000000.000000     2
  18    7       218000      1000000     0.025974 1000000.000000    14
  18    8      1000000            0     0.000000 1000000.000000     0
  18    9      1000000            0     0.000000 1000000.000000     0
  18   10        57000       726000     0.056943 1000000.000000    18
  18   11      1000000            0     0.000000 1000000.000000     0
  18   12      1000000            0     0.000000 1000000.000000     0
  18   13      1000000            0     0.000000 1000000.000000     0
  18   14      1000000            0     0.000000 1000000.000000     0
  18   15      1000000            0     0.000000 1000000.000000     0
  18   16            0      1000000     1.000000 1000000.000000     1
  18   17            0      1000000     1.000000 1000000.000000     1
  18   18            0      1000000     1.000000 1000000.000000     1
  18   19            0      1000000     1.000000 1000000.000000     1
  18   20            0      1000000     1.000000 1000000.000000     1
  18   21            0      1000000     1.000000 1000000.000000     1
  18   22        26000      1000000     0.775225 1000000.000000    27
  18   23            0       999000     0.123876 1000000.000000    69
  18   24      1000000            0     0.000000 1000000.000000     0

  19    1            0       944000     0.285714 1000000.000000    48
  19    2            0       944000     0.325674 1000000.000000    59
  19    3            0       998000     0.393606 1000000.000000    85
  19    4            0      1000000     0.252747 1000000.000000   110
  19    5         7000      1000000     0.283716 1000000.000000    67
  19    6            0      1000000     0.267732 1000000.000000    88
  19    7       197000      1000000     0.162837 1000000.000000    50
  19    8       233000       946000     0.041958 1000000.000000    27
  19    9            0       968000     0.050949 1000000.000000    38
  19   10       167000       666000     0.008991 1000000.000000     7
  19   11      1000000            0     0.000000 1000000.000000     0
  19   12      1000000            0     0.000000 1000000.000000     0
  19   13      1000000            0     0.000000 1000000.000000     0
  19   14      1000000            0     0.000000 1000000.000000     0
  19   15      1000000            0     0.000000 1000000.000000     0
  19   16        74000       776000     0.002997 1000000.000000     3
  19   17            0      1000000     1.000000 1000000.000000     1
  19   18            0      1000000     1.000000 1000000.000000     1
  19   19            0      1000000     1.000000 1000000.000000     1
  19   20            0      1000000     1.000000 1000000.000000     1
  19   21            0      1000000     1.000000 1000000.000000     1
  19   22        41000      1000000     0.640360 1000000.000000    16
  19   23            0      1000000     0.573427 1000000.000000    54
  19   24            0      1000000     0.961039 1000000.000000    32

  20    1        11000       923000     0.112887 1000000.000000    49
  20    2            0       816000     0.192807 1000000.000000     9
  20    3            0       927000     0.248751 1000000.000000    15
  20    4            0       810000     0.218781 1000000.000000    34
  20    5         6000       810000     0.070929 1000000.000000    30
  20    6        95000      1000000     0.069930 1000000.000000    45
  20    7       252000       993000     0.032967 1000000.000000    26
  20    8       225000       972000     0.047952 1000000.000000    31
  20    9       114000       997000     0.022977 1000000.000000    22
  20   10      1000000            0     0.000000 1000000.000000     0
  20   11            0      1000000     1.000000 1000000.000000     1
  20   12       466000       466000     0.000999 1000000.000000     1
  20   13      1000000            0     0.000000 1000000.000000     0
  20   14      1000000            0     0.000000 1000000.000000     0
  20   15            0       665000     0.133866 1000000.000000    35
  20   16            0      1000000     1.000000 1000000.000000     1
  20   17            0      1000000     1.000000 1000000.000000     1
  20   18            0      1000000     1.000000 1000000.000000     1
  20   19            0      1000000     1.000000 1000000.000000     1
  20   20            0      1000000     1.000000 1000000.000000     1
  20   21            0      1000000     1.000000 1000000.000000     1
  20   22            0      1000000     1.000000 1000000.000000     1
  20   23         9000      1000000     0.550450 1000000.000000    29
  20   24            0      1000000     1.000000 1000000.000000     1

  21    1         7000       912000     0.009990 1000000.000000     8
  21    2         1000       488000     0.156843 1000000.000000    34
  21    3            0       862000     0.216783 1000000.000000    23
  21    4       276000       866000     0.001998 1000000.000000     2
  21    5       295000       621000     0.001998 1000000.000000     2
  21    6      1000000            0     0.000000 1000000.000000     0
  21    7      1000000            0     0.000000 1000000.000000     0
  21    8      1000000            0     0.000000 1000000.000000     0
  21    9      1000000            0     0.000000 1000000.000000     0
  21   10      1000000            0     0.000000 1000000.000000     0
  21   11       311000       797000     0.005994 1000000.000000     6
  21   12      1000000            0     0.000000 1000000.000000     0
  21   13       509000       888000     0.001998 1000000.000000     2
  21   14       475000       916000     0.004995 1000000.000000     5
  21   15       310000       620000     0.002997 1000000.000000     3
  21   16            0      1000000     0.989011 1000000.000000     5
  21   17            0      1000000     0.998002 1000000.000000     3
  21   18            0      1000000     1.000000 1000000.000000     1
  21   19            0      1000000     1.000000 1000000.000000     1
  21   20            0      1000000     1.000000 1000000.000000     1
  21   21            0      1000000     1.000000 1000000.000000     1
  21   22            0      1000000     1.000000 1000000.000000     1
  21   23            0      1000000     1.000000 1000000.000000     1
  21   24      1000000            0     0.000000 1000000.000000     0

  22    1         7000       997000     0.039960 1000000.000000    24
  22    2         6000       917000     0.025974 1000000.000000    14
  22    3            0       862000     0.252747 1000000.000000    22
  22    4       537000       999000     0.006993 1000000.000000     4
  22    5       253000       621000     0.001998 1000000.000000     2
  22    6       378000       382000     0.003996 1000000.000000     2
  22    7      1000000            0     0.000000 1000000.000000     0
  22    8      1000000            0     0.000000 1000000.000000     0
  22    9      1000000            0     0.000000 1000000.000000     0
  22   10      1000000            0     0.000000 1000000.000000     0
  22   11      1000000            0     0.000000 1000000.000000     0
  22   12      1000000            0     0.000000 1000000.000000     0
  22   13        85000       147000     0.006993 1000000.000000     7
  22   14       119000       344000     0.008991 1000000.000000     9
  22   15         5000       203000     0.065934 1000000.000000    30
  22   16            0       992000     0.409590 1000000.000000    83
  22   17        34000      1000000     0.680320 1000000.000000    67
  22   18        26000      1000000     0.775225 1000000.000000    27
  22   19        41000      1000000     0.640360 1000000.000000    16
  22   20            0      1000000     1.000000 1000000.000000     1
  22   21            0      1000000     1.000000 1000000.000000     1
  22   22            0      1000000     1.000000 1000000.000000     1
  22   23            0      1000000     1.000000 1000000.000000     1
  22   24      1000000            0     0.000000 1000000.000000     0

  23    1         7000       863000     0.065934 1000000.000000    25
  23    2         3000       944000     0.064935 1000000.000000    27
  23    3            0       863000     0.233766 1000000.000000    44
  23    4       629000       999000     0.020979 1000000.000000    10
  23    5       621000       821000     0.023976 1000000.000000    12
  23    6       377000       994000     0.021978 1000000.000000    13
  23    7       419000       965000     0.006993 1000000.000000     6
  23    8       751000       887000     0.001998 1000000.000000     2
  23    9      1000000            0     0.000000 1000000.000000     0
  23   10      1000000            0     0.000000 1000000.000000     0
  23   11       702000       886000     0.003996 1000000.000000     4
  23   12      1000000            0     0.000000 1000000.000000     0
  23   13        45000       987000     0.078921 1000000.000000    39
  23   14        35000       982000     0.096903 1000000.000000    44
  23   15        45000       399000     0.039960 1000000.000000    18
  23   16        34000      1000000     0.559441 1000000.000000   103
  23   17            0       369000     0.010989 1000000.000000    11
  23   18            0       999000     0.123876 1000000.000000    69
  23   19            0      1000000     0.573427 1000000.000000    54
  23   20         9000      1000000     0.550450 1000000.000000    29
  23   21            0      1000000     1.000000 1000000.000000     1
  23   22            0      1000000     1.000000 1000000.000000     1
  23   23            0      1000000     1.000000 1000000.000000     1
  23   24      1000000            0     0.000000 1000000.000000     0

  24    1       445000       923000     0.015984 1000000.000000     7
  24    2        47000       335000     0.002997 1000000.000000     3
  24    3         1000       952000     0.130869 1000000.000000    60
  24    4         5000       630000     0.168831 1000000.000000    39
  24    5         6000       810000     0.130869 1000000.000000    40
  24    6            0      1000000     0.334665 1000000.000000    99
  24    7       240000      1000000     0.168831 1000000.000000    46
  24    8       202000       993000     0.105894 1000000.000000    51
  24    9            0      1000000     1.000000 1000000.000000     1
  24   10        57000       690000     0.047952 1000000.000000    31
  24   11            0      1000000     1.000000 1000000.000000     1
  24   12      1000000            0     0.000000 1000000.000000     0
  24   13      1000000            0     0.000000 1000000.000000     0
  24   14      1000000            0     0.000000 1000000.000000     0
  24   15      1000000            0     0.000000 1000000.000000     0
  24   16            0       999000     0.639361 1000000.000000   216
  24   17            0      1000000     1.000000 1000000.000000     1
  24   18      1000000            0     0.000000 1000000.000000     0
  24   19            0      1000000     0.961039 1000000.000000    32
  24   20            0      1000000     1.000000 1000000.000000     1
  24   21      1000000            0     0.000000 1000000.000000     0
  24   22      1000000            0     0.000000 1000000.000000     0
  24   23      1000000            0     0.000000 1000000.000000     0
  24   24            0      1000000     1.000000 1000000.000000     1

