--------------------------------------------------------------------------------
S H A P E   v2.1         Continuous Shape Measures calculation
(c) 2013  Electronic Structure Group, Universitat de Barcelona
                   Contact:  llunell@ub.edu                   
--------------------------------------------------------------------------------

coordination ZF1 

SP-4            1 D4h   Square                                             
T-4             2 Td    Tetrahedron                                        
SS-4            3 C2v   Seesaw                                             
vTBPY-4         4 C3v   Vacant trigonal bipyramid                          

Structure [ML4 ]         SP-4          T-4         SS-4      vTBPY-4
 0              ,      29.453,       0.277,       7.724,       3.380
 1000           ,      18.392,       6.816,       0.612,       6.333
 2000           ,      17.565,       8.675,       0.447,       7.200
 3000           ,      19.617,       4.197,       1.750,       4.970
 4000           ,      21.162,       6.530,       0.647,       5.839
 5000           ,      20.001,       7.104,       0.421,       5.867
 6000           ,      21.585,       6.322,       0.808,       5.677
 7000           ,      22.030,       6.524,       0.892,       5.768
 8000           ,      22.603,       6.011,       0.765,       5.209
 9000           ,      33.221,       0.247,       8.829,       2.958
 10000          ,      30.883,       0.563,       8.369,       2.081
 11000          ,      32.153,       0.489,       8.008,       1.786
 12000          ,      27.738,       0.776,       7.794,       2.812
 13000          ,      31.906,       0.240,       8.560,       2.756
 14000          ,      27.356,       1.116,       6.803,       2.532
 15000          ,      32.084,       0.478,       7.692,       2.450
 16000          ,      32.679,       0.177,       8.532,       2.749
 17000          ,      24.696,       1.387,       6.776,       3.692
 18000          ,      28.149,       0.888,       7.416,       2.313
 19000          ,      29.534,       0.463,       7.696,       3.253
 20000          ,      30.658,       0.464,       7.555,       2.977
 21000          ,      31.380,       0.283,       8.966,       2.736
 22000          ,      30.025,       0.348,       6.827,       2.691
 23000          ,      27.978,       0.408,       7.418,       3.298
 24000          ,      33.010,       0.396,       8.214,       2.719
 25000          ,      30.742,       0.792,       6.369,       2.374
 26000          ,      28.062,       0.966,       7.394,       4.069
 27000          ,      28.773,       0.514,       8.105,       2.915
 28000          ,      32.076,       0.273,       8.649,       2.141
 29000          ,      32.985,       0.453,       8.501,       3.046
 30000          ,      28.525,       0.695,       7.995,       2.493
 31000          ,      28.611,       0.634,       7.024,       3.166
 32000          ,      32.801,       0.071,       9.086,       3.318
 33000          ,      32.066,       0.318,       8.088,       2.134
 34000          ,      31.366,       0.384,       8.037,       2.427
 35000          ,      32.011,       0.194,       8.960,       2.866
 36000          ,      30.675,       0.318,       8.613,       3.223
 37000          ,      32.783,       0.368,       8.279,       1.918
 38000          ,      31.989,       0.234,       8.533,       2.451
 39000          ,      32.069,       0.478,       8.268,       2.230
 40000          ,      30.453,       0.651,       8.361,       2.381
 41000          ,      27.044,       0.817,       6.780,       2.859
 42000          ,      30.532,       0.642,       8.337,       2.635
 43000          ,      31.797,       0.863,       7.166,       1.553
 44000          ,      32.389,       0.276,       8.591,       2.484
 45000          ,      26.050,       0.912,       6.708,       3.518
 46000          ,      31.040,       0.253,       8.380,       2.549
 47000          ,      27.382,       1.357,       6.217,       1.980
 48000          ,      28.980,       0.627,       7.480,       2.322
 49000          ,      33.130,       0.434,       8.639,       2.081
 50000          ,      31.917,       0.167,       8.756,       3.017
 51000          ,      28.658,       0.842,       7.783,       3.871
 52000          ,      28.599,       0.686,       7.761,       2.687
 53000          ,      32.016,       0.140,       8.170,       3.009
 54000          ,      29.011,       0.692,       7.058,       2.932
 55000          ,      29.003,       1.027,       6.982,       1.644
 56000          ,      30.709,       0.525,       6.608,       2.615
 57000          ,      30.241,       0.489,       7.812,       2.031
 58000          ,      32.184,       0.303,       8.624,       2.117
 59000          ,      31.208,       0.373,       8.806,       2.574
 60000          ,      32.007,       0.416,       7.966,       2.198
 61000          ,      32.164,       0.593,       7.148,       2.413
 62000          ,      32.788,       0.289,       8.636,       3.118
 63000          ,      29.114,       0.395,       8.064,       3.082
 64000          ,      30.242,       0.352,       7.294,       3.002
 65000          ,      27.271,       0.924,       7.723,       3.186
 66000          ,      29.582,       0.820,       7.381,       2.043
 67000          ,      29.822,       1.137,       5.889,       2.048
 68000          ,      29.975,       0.528,       8.208,       2.689
 69000          ,      30.302,       0.393,       7.776,       2.794
 70000          ,      31.037,       0.859,       7.429,       1.971
 71000          ,      30.568,       0.913,       6.619,       2.566
 72000          ,      30.984,       0.406,       7.721,       2.950
 73000          ,      25.812,       0.883,       6.223,       2.926
 74000          ,      29.854,       0.563,       7.686,       2.286
 75000          ,      28.564,       0.576,       7.263,       3.390
 76000          ,      25.222,       1.038,       5.407,       3.741
 77000          ,      26.654,       0.716,       6.889,       3.284
 78000          ,      31.528,       0.308,       8.256,       2.363
 79000          ,      30.411,       0.380,       8.213,       3.026
 80000          ,      32.226,       0.746,       8.526,       1.530
 81000          ,      32.214,       0.157,       8.810,       3.015
 82000          ,      30.358,       0.688,       7.361,       2.458
 83000          ,      30.180,       0.394,       7.290,       3.120
 84000          ,      27.350,       0.669,       7.634,       3.168
 85000          ,      29.236,       0.440,       7.021,       2.785
 86000          ,      30.363,       1.155,       5.683,       1.664
 87000          ,      31.587,       0.247,       8.384,       2.927
 88000          ,      29.305,       0.894,       6.709,       3.178
 89000          ,      29.312,       0.625,       7.598,       2.764
 90000          ,      25.279,       1.538,       4.603,       2.807
 91000          ,      29.164,       0.343,       8.049,       3.330
 92000          ,      27.447,       0.754,       7.685,       2.939
 93000          ,      29.571,       1.115,       6.567,       2.391
 94000          ,      29.678,       0.597,       7.257,       3.079
 95000          ,      29.597,       0.568,       8.435,       3.745
 96000          ,      30.397,       0.210,       7.788,       3.188
 97000          ,      30.334,       0.828,       7.416,       2.443
 98000          ,      29.071,       0.898,       6.983,       1.898
 99000          ,      27.104,       1.049,       5.831,       3.320
 100000         ,      29.878,       0.345,       7.631,       2.596
 101000         ,      32.982,       0.692,       7.923,       1.471
 102000         ,      31.721,       0.213,       8.357,       2.465
 103000         ,      32.520,       0.625,       8.614,       1.658
 104000         ,      28.647,       1.028,       5.798,       2.473
 105000         ,      31.056,       0.391,       7.238,       2.898
 106000         ,      29.459,       1.030,       6.681,       1.733
 107000         ,      29.951,       0.881,       6.299,       1.764
 108000         ,      31.957,       0.259,       8.561,       2.628
 109000         ,      31.112,       0.296,       8.703,       2.810
 110000         ,      26.558,       1.115,       7.444,       2.729
 111000         ,      31.680,       0.162,       8.245,       2.823
 112000         ,      28.448,       0.829,       7.904,       2.760
 113000         ,      30.312,       0.317,       8.251,       2.632
 114000         ,      29.188,       0.504,       7.922,       3.001
 115000         ,      31.202,       0.447,       8.574,       2.946
 116000         ,      27.911,       1.097,       7.175,       2.333
 117000         ,      31.070,       0.315,       7.283,       2.491
 118000         ,      28.147,       0.650,       6.782,       2.803
 119000         ,      29.816,       0.302,       7.611,       3.479
 120000         ,      31.548,       0.389,       8.134,       1.985
 121000         ,      27.292,       1.391,       6.714,       1.762
 122000         ,      29.080,       0.493,       8.002,       2.881
 123000         ,      31.238,       0.450,       7.797,       2.694
 124000         ,      27.526,       0.969,       5.575,       2.797
 125000         ,      31.102,       0.703,       8.796,       2.104
 126000         ,      26.540,       1.220,       6.456,       2.968
 127000         ,      28.795,       0.889,       8.251,       2.829
 128000         ,      31.466,       0.250,       8.230,       2.904
 129000         ,      32.788,       0.540,       7.854,       1.527
 130000         ,      28.338,       0.691,       6.896,       2.978
 131000         ,      27.070,       0.748,       7.414,       3.350
 132000         ,      33.003,       0.087,       8.911,       3.043
 133000         ,      28.489,       0.548,       7.307,       2.605
 134000         ,      30.492,       0.359,       8.684,       2.641
 135000         ,      32.827,       0.374,       8.719,       1.818
 136000         ,      31.035,       0.442,       8.552,       2.460
 137000         ,      29.980,       0.245,       7.945,       2.907
 138000         ,      28.508,       0.483,       7.832,       3.136
 139000         ,      31.363,       0.220,       8.124,       2.365
 140000         ,      31.323,       0.741,       6.890,       2.458
 141000         ,      32.828,       0.254,       8.935,       2.390
 142000         ,      31.057,       0.214,       8.728,       2.717
 143000         ,      32.243,       0.493,       8.350,       2.774
 144000         ,      31.769,       0.376,       7.445,       2.472
 145000         ,      31.655,       0.422,       7.763,       1.914
 146000         ,      29.049,       1.233,       7.157,       1.741
 147000         ,      31.762,       0.285,       9.044,       2.588
 148000         ,      31.197,       1.313,       5.709,       1.726
 149000         ,      31.945,       0.261,       8.142,       2.415
 150000         ,      29.717,       0.308,       7.840,       2.944
 151000         ,      31.002,       1.375,       7.710,       1.103
 152000         ,      30.883,       0.245,       8.887,       3.033
 153000         ,      31.160,       0.502,       8.479,       2.683
 154000         ,      32.589,       0.816,       7.555,       1.190
 155000         ,      30.176,       0.418,       8.715,       2.355
 156000         ,      30.807,       0.345,       7.588,       2.165
 157000         ,      31.169,       0.588,       7.651,       2.685
 158000         ,      28.862,       0.520,       8.042,       2.842
 159000         ,      32.409,       0.287,       8.101,       2.298
 160000         ,      33.154,       0.166,       8.763,       2.806
 161000         ,      30.324,       0.483,       7.951,       2.870
 162000         ,      29.975,       0.393,       8.444,       2.688
 163000         ,      30.400,       0.373,       7.436,       2.280
 164000         ,      33.026,       0.614,       7.906,       2.569
 165000         ,      30.463,       0.585,       7.418,       1.860
 166000         ,      22.334,       1.635,       6.001,       4.654
 167000         ,      31.284,       0.460,       7.475,       2.150
 168000         ,      32.772,       0.252,       8.486,       2.960
 169000         ,      31.023,       0.407,       7.204,       2.837
 170000         ,      29.908,       0.373,       7.826,       3.448
 171000         ,      29.945,       0.603,       7.527,       2.507
 172000         ,      30.683,       0.352,       7.411,       2.817
 173000         ,      29.952,       0.676,       7.836,       2.129
 174000         ,      28.664,       1.185,       6.178,       3.365
 175000         ,      32.394,       0.128,       9.296,       2.860
 176000         ,      29.256,       0.517,       7.440,       3.116
 177000         ,      31.813,       0.242,       9.008,       3.024
 178000         ,      32.986,       0.590,       7.484,       1.768
 179000         ,      27.656,       0.526,       6.610,       3.189
 180000         ,      31.214,       0.189,       8.600,       3.327
 181000         ,      26.420,       0.861,       6.527,       3.363
 182000         ,      29.391,       0.979,       5.626,       1.769
 183000         ,      29.558,       1.016,       7.680,       1.785
 184000         ,      29.280,       0.847,       6.788,       2.157
 185000         ,      31.786,       0.912,       7.039,       1.502
 186000         ,      31.304,       0.449,       7.114,       1.915
 187000         ,      28.714,       0.380,       7.900,       3.431
 188000         ,      30.608,       0.811,       6.140,       2.714
 189000         ,      29.230,       0.452,       7.590,       2.726
 190000         ,      31.091,       0.435,       8.108,       2.611
 191000         ,      27.986,       0.928,       6.737,       2.031
 192000         ,      31.425,       0.461,       8.335,       2.436
 193000         ,      28.249,       0.493,       7.432,       3.162
 194000         ,      27.332,       1.143,       6.006,       2.244
 195000         ,      30.988,       0.624,       8.492,       2.514
 196000         ,      28.695,       0.396,       7.591,       3.079
 197000         ,      32.252,       0.744,       7.889,       1.453
 198000         ,      31.485,       0.360,       7.818,       2.280
 199000         ,      29.764,       0.335,       8.402,       3.179
 200000         ,      28.698,       0.575,       7.335,       2.957
 201000         ,      29.710,       0.380,       8.414,       3.009
 202000         ,      28.410,       0.967,       8.151,       2.853
 203000         ,      30.805,       0.575,       7.621,       2.095
 204000         ,      29.078,       0.414,       7.945,       3.064
 205000         ,      29.434,       1.115,       7.074,       2.940
 206000         ,      31.444,       0.139,       9.022,       3.132
 207000         ,      30.340,       0.486,       8.030,       2.803
 208000         ,      31.817,       0.410,       7.176,       2.467
 209000         ,      31.747,       0.500,       8.440,       2.619
 210000         ,      26.501,       0.731,       6.178,       3.464
 211000         ,      29.039,       0.360,       7.429,       3.004
 212000         ,      30.828,       0.517,       8.316,       2.682
 213000         ,      30.796,       0.328,       8.186,       2.541
 214000         ,      29.291,       0.802,       7.294,       2.576
 215000         ,      31.602,       0.381,       8.473,       2.260
 216000         ,      31.747,       0.270,       8.755,       2.836
 217000         ,      33.282,       0.450,       8.156,       1.858
 218000         ,      29.813,       0.501,       8.482,       2.983
 219000         ,      31.071,       0.721,       8.014,       1.907
 220000         ,      30.062,       0.410,       7.239,       2.453
 221000         ,      29.823,       0.276,       7.709,       2.834
 222000         ,      27.289,       0.773,       7.230,       3.422
 223000         ,      31.504,       0.205,       8.180,       2.652
 224000         ,      29.781,       0.639,       8.075,       2.760
 225000         ,      26.891,       0.713,       6.363,       3.113
 226000         ,      31.516,       0.315,       7.549,       2.418
 227000         ,      30.671,       0.570,       7.178,       2.104
 228000         ,      29.587,       1.166,       6.733,       2.113
 229000         ,      32.824,       0.240,       8.614,       2.422
 230000         ,      32.690,       0.412,       7.693,       1.935
 231000         ,      28.734,       0.476,       7.706,       3.623
 232000         ,      30.141,       0.801,       7.471,       1.508
 233000         ,      30.619,       0.973,       7.063,       2.021
 234000         ,      29.377,       0.800,       6.987,       2.600
 235000         ,      31.371,       0.133,       8.776,       3.414
 236000         ,      32.454,       0.329,       8.031,       2.178
 237000         ,      30.944,       0.376,       8.025,       2.821
 238000         ,      30.702,       0.650,       8.192,       2.530
 239000         ,      30.634,       0.444,       8.105,       2.575
 240000         ,      30.671,       0.643,       7.643,       2.142
 241000         ,      32.897,       0.421,       8.289,       2.204
 242000         ,      31.017,       0.564,       7.757,       1.693
 243000         ,      30.664,       0.587,       8.087,       3.018
 244000         ,      31.634,       0.653,       7.708,       2.605
 245000         ,      30.663,       0.675,       7.875,       2.521
 246000         ,      30.569,       1.071,       6.612,       2.159
 247000         ,      28.328,       1.109,       7.980,       2.442
 248000         ,      33.197,       0.966,       8.320,       1.076
 249000         ,      32.061,       0.472,       8.042,       1.989
 250000         ,      27.940,       0.594,       7.653,       2.841
 251000         ,      25.671,       0.796,       6.910,       3.766
 252000         ,      27.606,       0.766,       6.784,       2.874
 253000         ,      31.871,       0.547,       8.125,       2.283
 254000         ,      26.118,       0.886,       6.399,       3.187
 255000         ,      29.627,       0.504,       7.874,       2.408
 256000         ,      30.556,       0.688,       7.487,       1.708
 257000         ,      28.991,       0.674,       7.908,       3.225
 258000         ,      29.045,       0.244,       7.943,       3.712
 259000         ,      31.187,       0.284,       8.549,       2.352
 260000         ,      32.874,       0.170,       8.591,       3.069
 261000         ,      30.941,       1.347,       8.602,       2.043
 262000         ,      30.315,       0.427,       8.249,       2.683
 263000         ,      31.931,       0.212,       8.503,       2.558
 264000         ,      25.793,       0.896,       6.978,       3.743
 265000         ,      32.710,       0.365,       8.807,       2.346
 266000         ,      28.272,       1.086,       6.047,       1.763
 267000         ,      33.121,       0.277,       8.297,       2.077
 268000         ,      29.838,       0.461,       6.810,       2.994
 269000         ,      31.740,       1.075,       7.700,       1.392
 270000         ,      29.716,       0.345,       8.307,       2.966
 271000         ,      31.599,       0.487,       7.798,       1.920
 272000         ,      31.712,       1.008,       8.088,       1.344
 273000         ,      31.784,       0.573,       7.279,       2.189
 274000         ,      32.560,       0.089,       8.833,       3.217
 275000         ,      30.491,       0.540,       8.240,       2.481
 276000         ,      30.968,       0.567,       8.250,       2.566
 277000         ,      30.134,       0.499,       8.695,       3.049
 278000         ,      30.210,       0.239,       7.987,       2.899
 279000         ,      31.171,       0.344,       7.503,       2.416
 280000         ,      28.402,       0.842,       5.647,       2.223
 281000         ,      31.366,       0.292,       7.793,       2.490
 282000         ,      29.332,       0.391,       7.901,       3.358
 283000         ,      29.163,       0.875,       6.965,       2.995
 284000         ,      29.392,       0.762,       6.079,       2.176
 285000         ,      29.629,       0.877,       7.355,       2.866
 286000         ,      28.968,       0.986,       5.502,       2.366
 287000         ,      31.142,       0.277,       7.825,       2.908
 288000         ,      25.556,       1.165,       6.284,       2.521
 289000         ,      30.271,       1.301,       7.249,       1.303
 290000         ,      28.862,       0.375,       7.548,       2.946
 291000         ,      30.389,       0.982,       7.013,       2.082
 292000         ,      31.015,       0.744,       8.311,       1.982
 293000         ,      30.984,       0.344,       8.285,       3.260
 294000         ,      30.195,       0.573,       7.922,       3.359
 295000         ,      29.995,       1.206,       6.884,       2.037
 296000         ,      31.517,       0.754,       8.791,       1.756
 297000         ,      32.147,       0.165,       8.913,       3.146
 298000         ,      31.669,       0.527,       7.525,       2.363
 299000         ,      23.771,       1.718,       4.202,       3.504
 300000         ,      32.049,       0.708,       7.852,       2.381
 301000         ,      30.146,       0.276,       7.746,       3.375
 302000         ,      32.048,       0.233,       8.321,       2.574
 303000         ,      26.551,       0.954,       6.425,       2.425
 304000         ,      28.812,       0.611,       8.210,       2.925
 305000         ,      31.183,       0.627,       8.622,       2.750
 306000         ,      31.930,       0.266,       8.122,       2.425
 307000         ,      31.829,       0.850,       7.489,       1.542
 308000         ,      29.438,       0.468,       7.863,       2.719
 309000         ,      28.250,       0.556,       7.391,       3.029
 310000         ,      31.369,       0.514,       7.675,       1.887
 311000         ,      31.346,       0.206,       8.605,       2.963
 312000         ,      27.628,       0.975,       5.932,       2.293
 313000         ,      31.816,       0.375,       8.821,       2.818
 314000         ,      31.839,       0.427,       7.458,       2.705
 315000         ,      30.267,       0.829,       7.465,       2.074
 316000         ,      28.102,       0.914,       6.444,       1.907
 317000         ,      28.835,       0.624,       6.643,       2.701
 318000         ,      30.335,       0.344,       8.407,       2.882
 319000         ,      30.974,       0.581,       7.521,       2.308
 320000         ,      31.013,       0.332,       8.277,       3.035
 321000         ,      29.255,       0.402,       6.903,       2.978
 322000         ,      32.205,       0.400,       7.990,       1.989
 323000         ,      28.620,       1.069,       7.205,       2.150
 324000         ,      28.306,       0.830,       8.078,       2.734
 325000         ,      29.932,       0.752,       7.035,       2.904
 326000         ,      31.820,       1.037,       8.146,       1.054
 327000         ,      32.134,       0.304,       8.791,       2.564
 328000         ,      30.183,       0.252,       8.457,       3.036
 329000         ,      31.180,       0.320,       8.253,       2.810
 330000         ,      29.736,       1.140,       5.806,       1.638
 331000         ,      28.772,       0.690,       7.478,       3.123
 332000         ,      32.177,       0.554,       7.237,       1.818
 333000         ,      28.909,       1.249,       7.102,       2.324
 334000         ,      31.258,       0.273,       9.081,       2.975
 335000         ,      30.009,       0.936,       7.151,       1.633
 336000         ,      25.901,       1.169,       5.239,       2.773
 337000         ,      30.593,       0.682,       6.583,       1.945
 338000         ,      28.918,       0.607,       7.126,       3.190
 339000         ,      30.588,       0.477,       8.230,       2.843
 340000         ,      31.900,       0.337,       9.046,       2.950
 341000         ,      30.108,       0.342,       7.818,       2.511
 342000         ,      31.110,       0.434,       8.684,       2.677
 343000         ,      29.577,       0.332,       7.244,       2.913
 344000         ,      29.560,       0.371,       7.806,       2.618
 345000         ,      30.141,       0.203,       7.871,       3.212
 346000         ,      29.568,       0.501,       7.591,       2.888
 347000         ,      31.301,       0.708,       6.488,       2.342
 348000         ,      29.426,       1.044,       7.717,       2.409
 349000         ,      31.908,       0.264,       9.277,       2.988
 350000         ,      30.565,       0.401,       8.560,       2.899
 351000         ,      31.723,       0.386,       8.146,       2.131
 352000         ,      30.667,       0.388,       8.732,       2.604
 353000         ,      26.892,       0.614,       6.300,       3.367
 354000         ,      28.246,       0.987,       5.497,       2.296
 355000         ,      31.652,       0.448,       8.376,       2.110
 356000         ,      31.726,       0.385,       8.770,       2.962
 357000         ,      30.946,       0.444,       7.981,       2.439
 358000         ,      32.072,       0.306,       8.183,       2.730
 359000         ,      32.366,       0.190,       8.233,       3.069
 360000         ,      29.917,       0.658,       7.448,       2.139
 361000         ,      30.169,       0.383,       7.768,       2.828
 362000         ,      24.081,       1.922,       5.329,       3.737
 363000         ,      25.229,       1.324,       6.719,       3.905
 364000         ,      29.589,       0.331,       8.373,       3.012
 365000         ,      25.567,       0.963,       6.844,       4.289
 366000         ,      30.327,       0.271,       8.588,       2.991
 367000         ,      28.622,       0.564,       7.138,       2.637
 368000         ,      30.955,       0.656,       7.122,       2.656
 369000         ,      30.498,       0.355,       8.684,       3.235
 370000         ,      27.539,       0.576,       6.470,       3.133
 371000         ,      29.101,       0.440,       8.040,       2.634
 372000         ,      31.173,       0.841,       6.707,       1.499
 373000         ,      31.570,       0.185,       8.759,       3.053
 374000         ,      30.776,       0.626,       8.421,       2.953
 375000         ,      30.598,       0.394,       8.190,       3.040
 376000         ,      27.819,       0.626,       7.394,       3.235
 377000         ,      31.781,       0.218,       9.099,       3.144
 378000         ,      31.214,       0.410,       8.545,       2.988
 379000         ,      31.204,       0.220,       8.434,       2.771
 380000         ,      31.975,       0.317,       9.330,       2.733
 381000         ,      31.764,       0.433,       8.487,       2.257
 382000         ,      28.193,       0.851,       6.628,       1.993
 383000         ,      29.984,       0.850,       6.836,       1.654
 384000         ,      31.144,       0.267,       8.608,       2.626
 385000         ,      26.467,       1.372,       6.653,       2.635
 386000         ,      31.816,       0.336,       8.757,       3.119
 387000         ,      27.287,       0.808,       7.248,       3.055
 388000         ,      29.408,       0.673,       8.176,       2.553
 389000         ,      30.779,       0.506,       7.274,       1.983
 390000         ,      32.766,       0.375,       7.974,       2.196
 391000         ,      30.655,       0.394,       6.793,       2.822
 392000         ,      30.987,       0.561,       8.518,       3.021
 393000         ,      28.181,       0.424,       7.616,       3.127
 394000         ,      29.819,       0.398,       8.124,       3.038
 395000         ,      27.488,       0.757,       7.245,       2.474
 396000         ,      27.979,       0.559,       7.712,       3.472
 397000         ,      30.906,       0.361,       8.517,       2.763
 398000         ,      32.874,       0.200,       8.868,       3.106
 399000         ,      26.162,       0.996,       6.103,       3.799
 400000         ,      27.219,       1.060,       7.400,       2.698
 401000         ,      27.259,       0.575,       7.052,       3.503
 402000         ,      25.844,       1.798,       6.967,       2.542
 403000         ,      29.729,       0.819,       7.025,       1.754
 404000         ,      31.632,       0.344,       8.437,       3.190
 405000         ,      26.701,       0.611,       6.688,       3.770
 406000         ,      31.123,       0.941,       8.363,       1.559
 407000         ,      31.894,       0.203,       8.856,       2.459
 408000         ,      31.066,       0.312,       7.759,       2.587
 409000         ,      31.888,       0.226,       8.577,       3.010
 410000         ,      30.612,       0.632,       8.010,       2.561
 411000         ,      32.267,       0.451,       7.613,       1.864
 412000         ,      23.862,       2.208,       4.057,       3.917
 413000         ,      29.423,       0.861,       6.520,       2.604
 414000         ,      30.084,       0.297,       8.255,       3.667
 415000         ,      28.261,       0.701,       7.141,       2.440
 416000         ,      28.193,       0.584,       6.160,       2.718
 417000         ,      28.570,       0.694,       7.108,       2.268
 418000         ,      31.062,       0.571,       8.368,       2.269
 419000         ,      31.627,       0.172,       8.849,       3.442
 420000         ,      29.575,       0.640,       8.336,       2.648
 421000         ,      31.334,       0.445,       6.733,       2.588
 422000         ,      29.564,       0.693,       7.368,       2.284
 423000         ,      28.189,       0.766,       5.983,       2.669
 424000         ,      31.646,       0.347,       7.788,       2.492
 425000         ,      32.377,       0.510,       8.086,       1.900
 426000         ,      30.041,       0.370,       6.970,       2.877
 427000         ,      30.122,       0.268,       8.103,       3.052
 428000         ,      29.634,       0.435,       8.448,       2.907
 429000         ,      27.022,       0.881,       7.517,       2.524
 430000         ,      27.829,       1.006,       6.861,       2.817
 431000         ,      31.413,       0.538,       7.098,       2.810
 432000         ,      30.421,       0.429,       8.091,       3.224
 433000         ,      29.754,       1.301,       6.969,       2.498
 434000         ,      30.790,       0.271,       8.517,       2.790
 435000         ,      31.434,       0.306,       7.899,       2.181
 436000         ,      26.557,       0.742,       6.702,       3.676
 437000         ,      30.534,       0.327,       7.863,       2.699
 438000         ,      28.482,       0.545,       7.233,       2.481
 439000         ,      32.012,       0.186,       8.208,       2.724
 440000         ,      30.406,       0.650,       7.408,       2.897
 441000         ,      31.412,       0.716,       8.075,       2.093
 442000         ,      27.405,       0.587,       6.462,       3.083
 443000         ,      32.676,       0.643,       7.570,       1.707
 444000         ,      31.385,       0.114,       8.605,       3.044
 445000         ,      30.636,       0.349,       8.840,       2.968
 446000         ,      29.234,       0.504,       7.891,       2.426
 447000         ,      33.032,       0.277,       8.561,       2.619
 448000         ,      32.604,       0.184,       8.371,       2.852
 449000         ,      30.237,       0.366,       8.415,       3.206
 450000         ,      31.140,       0.342,       7.903,       2.533
 451000         ,      28.365,       0.710,       6.902,       3.446
 452000         ,      31.157,       0.530,       7.649,       2.593
 453000         ,      28.380,       0.788,       6.642,       2.896
 454000         ,      30.475,       0.236,       7.860,       2.950
 455000         ,      30.659,       0.458,       8.653,       2.390
 456000         ,      31.037,       0.460,       7.133,       1.934
 457000         ,      28.717,       0.861,       5.817,       2.840
 458000         ,      27.951,       0.599,       7.540,       2.805
 459000         ,      31.352,       0.463,       7.185,       2.435
 460000         ,      31.708,       0.299,       8.849,       2.605
 461000         ,      29.583,       0.606,       8.058,       2.636
 462000         ,      30.433,       0.673,       6.804,       2.387
 463000         ,      26.952,       1.318,       7.183,       2.114
 464000         ,      28.170,       0.583,       7.429,       3.149
 465000         ,      24.858,       1.065,       6.001,       3.438
 466000         ,      28.717,       0.631,       7.407,       3.574
 467000         ,      29.614,       0.426,       7.676,       3.072
 468000         ,      25.556,       0.983,       5.687,       3.173
 469000         ,      30.270,       0.461,       8.164,       2.339
 470000         ,      33.049,       0.171,       9.200,       2.787
 471000         ,      30.604,       0.543,       7.773,       1.852
 472000         ,      29.749,       0.490,       7.944,       2.669
 473000         ,      29.887,       0.508,       7.305,       3.155
 474000         ,      30.508,       0.576,       7.566,       1.927
 475000         ,      31.840,       0.234,       8.789,       3.144
 476000         ,      31.481,       0.332,       8.007,       2.348
 477000         ,      29.454,       0.577,       8.274,       2.806
 478000         ,      30.910,       0.607,       7.488,       2.134
 479000         ,      29.276,       0.440,       7.064,       2.529
 480000         ,      30.597,       0.417,       8.643,       2.810
 481000         ,      28.956,       0.394,       7.154,       2.934
 482000         ,      32.079,       0.280,       8.695,       2.434
 483000         ,      31.659,       0.450,       7.735,       1.987
 484000         ,      32.529,       0.160,       8.543,       2.747
 485000         ,      31.656,       0.494,       8.119,       2.694
 486000         ,      30.439,       0.663,       7.334,       3.318
 487000         ,      29.838,       0.490,       7.332,       2.254
 488000         ,      31.819,       0.613,       6.742,       2.625
 489000         ,      30.746,       0.738,       8.006,       1.633
 490000         ,      25.326,       1.253,       5.899,       3.985
 491000         ,      29.878,       0.764,       6.350,       1.759
 492000         ,      32.064,       0.406,       8.242,       2.368
 493000         ,      32.401,       0.425,       8.787,       2.064
 494000         ,      30.930,       1.097,       8.457,       2.317
 495000         ,      28.125,       0.749,       7.263,       2.504
 496000         ,      28.296,       0.784,       7.546,       2.369
 497000         ,      32.139,       0.224,       8.076,       2.504
 498000         ,      27.353,       1.411,       5.017,       1.954
 499000         ,      25.616,       0.982,       6.872,       3.506
 500000         ,      28.978,       0.522,       7.066,       2.597
 501000         ,      31.732,       0.452,       8.128,       2.322
 502000         ,      26.957,       1.553,       4.959,       2.857
 503000         ,      32.198,       1.388,       7.512,       1.027
 504000         ,      28.997,       0.355,       7.490,       3.172
 505000         ,      32.295,       0.142,       8.973,       3.133
 506000         ,      31.934,       0.318,       8.226,       2.867
 507000         ,      31.777,       0.235,       7.760,       2.830
 508000         ,      24.942,       1.593,       4.857,       2.619
 509000         ,      31.269,       0.550,       7.963,       2.206
 510000         ,      29.865,       0.607,       6.693,       2.829
 511000         ,      29.551,       0.717,       7.833,       2.884
 512000         ,      30.951,       0.340,       8.157,       2.643
 513000         ,      31.845,       0.331,       8.361,       2.999
 514000         ,      32.677,       0.307,       8.099,       2.299
 515000         ,      31.107,       0.325,       8.127,       2.188
 516000         ,      30.118,       0.255,       7.517,       3.013
 517000         ,      31.984,       0.307,       8.344,       2.321
 518000         ,      30.797,       0.494,       8.844,       2.128
 519000         ,      32.346,       0.353,       8.870,       2.278
 520000         ,      29.176,       1.228,       6.421,       1.349
 521000         ,      29.086,       0.542,       7.316,       2.452
 522000         ,      30.643,       0.294,       8.447,       3.160
 523000         ,      31.898,       0.271,       8.539,       2.126
 524000         ,      26.740,       0.893,       6.700,       2.629
 525000         ,      30.920,       0.444,       8.420,       2.455
 526000         ,      30.094,       0.829,       6.782,       1.617
 527000         ,      27.944,       0.780,       6.686,       2.946
 528000         ,      29.733,       0.838,       7.641,       3.435
 529000         ,      31.798,       0.241,       8.614,       2.545
 530000         ,      30.984,       0.487,       8.317,       1.990
 531000         ,      26.630,       0.973,       5.844,       2.636
 532000         ,      31.519,       0.113,       8.763,       3.202
 533000         ,      32.400,       0.914,       8.388,       2.515
 534000         ,      31.722,       0.859,       7.631,       1.671
 535000         ,      31.371,       0.355,       8.740,       2.978
 536000         ,      27.559,       0.973,       7.399,       2.212
 537000         ,      29.502,       0.363,       7.929,       2.702
 538000         ,      33.156,       0.414,       8.552,       1.784
 539000         ,      32.231,       0.524,       7.891,       2.056
 540000         ,      29.885,       0.574,       7.319,       2.192
 541000         ,      28.656,       0.431,       7.721,       3.401
 542000         ,      32.496,       0.210,       8.534,       2.429
 543000         ,      30.033,       0.532,       8.142,       3.347
 544000         ,      29.522,       0.716,       7.732,       2.960
 545000         ,      30.331,       0.408,       8.299,       3.012
 546000         ,      32.836,       0.162,       9.177,       3.095
 547000         ,      30.966,       0.479,       6.842,       2.495
 548000         ,      31.158,       0.916,       7.631,       1.683
 549000         ,      32.692,       0.162,       8.324,       2.557
 550000         ,      30.800,       0.470,       7.099,       2.748
 551000         ,      32.032,       0.439,       7.551,       1.952
 552000         ,      32.132,       0.354,       8.288,       2.199
 553000         ,      29.132,       0.447,       8.054,       3.025
 554000         ,      32.168,       1.077,       6.843,       1.919
 555000         ,      29.190,       1.162,       5.682,       1.850
 556000         ,      29.957,       0.723,       7.383,       1.977
 557000         ,      27.438,       0.861,       7.162,       2.921
 558000         ,      30.440,       0.780,       7.301,       1.561
 559000         ,      32.911,       0.102,       9.134,       2.824
 560000         ,      28.556,       0.639,       7.965,       3.020
 561000         ,      29.959,       1.105,       9.035,       2.035
 562000         ,      30.109,       0.621,       8.078,       2.295
 563000         ,      29.237,       0.744,       7.909,       1.985
 564000         ,      29.972,       0.489,       8.510,       3.663
 565000         ,      30.013,       0.726,       7.011,       2.018
 566000         ,      29.238,       0.716,       8.192,       2.431
 567000         ,      28.780,       0.842,       5.678,       2.395
 568000         ,      31.850,       0.270,       8.619,       2.343
 569000         ,      29.987,       0.776,       7.020,       1.652
 570000         ,      28.473,       0.510,       7.068,       3.028
 571000         ,      28.450,       0.409,       6.748,       3.071
 572000         ,      31.553,       0.286,       8.458,       2.640
 573000         ,      30.151,       0.653,       7.914,       2.048
 574000         ,      28.038,       0.864,       7.120,       2.850
 575000         ,      29.777,       0.588,       7.019,       2.744
 576000         ,      30.924,       0.459,       8.428,       2.152
 577000         ,      31.171,       0.278,       8.266,       3.019
 578000         ,      30.382,       0.287,       8.398,       2.998
 579000         ,      32.453,       0.052,       9.358,       3.398
 580000         ,      31.471,       0.303,       8.297,       2.940
 581000         ,      28.838,       0.626,       6.137,       2.734
 582000         ,      30.117,       0.550,       6.723,       2.879
 583000         ,      27.116,       0.807,       7.476,       3.221
 584000         ,      32.126,       0.289,       8.597,       2.445
 585000         ,      24.739,       1.163,       6.653,       3.358
 586000         ,      28.090,       0.699,       6.431,       2.714
 587000         ,      27.387,       1.613,       5.271,       2.576
 588000         ,      32.340,       0.085,       9.392,       3.450
 589000         ,      27.582,       0.775,       6.691,       2.856
 590000         ,      30.536,       0.324,       8.023,       3.307
 591000         ,      32.729,       0.863,       8.211,       1.181
 592000         ,      31.473,       0.203,       8.337,       2.868
 593000         ,      31.741,       0.420,       7.997,       2.694
 594000         ,      29.661,       0.511,       7.972,       2.946
 595000         ,      28.717,       1.103,       7.617,       1.855
 596000         ,      30.168,       0.490,       7.983,       3.298
 597000         ,      32.209,       1.335,       6.323,       1.641
 598000         ,      32.272,       0.127,       9.030,       3.249
 599000         ,      30.978,       0.638,       7.152,       1.945
 600000         ,      32.391,       0.541,       8.728,       2.690
 601000         ,      32.513,       0.195,       8.668,       2.502
 602000         ,      32.146,       1.092,       8.387,       2.020
 603000         ,      31.530,       0.582,       8.157,       1.820
 604000         ,      29.819,       0.696,       7.570,       2.348
 605000         ,      29.486,       1.001,       5.928,       1.972
 606000         ,      31.122,       0.274,       8.862,       2.940
 607000         ,      31.728,       0.617,       7.801,       1.563
 608000         ,      28.173,       0.778,       5.827,       2.638
 609000         ,      31.077,       0.459,       8.270,       2.388
 610000         ,      31.638,       0.398,       7.170,       2.389
 611000         ,      33.123,       0.551,       7.589,       1.869
 612000         ,      30.307,       0.936,       7.191,       2.016
 613000         ,      29.491,       0.350,       7.799,       3.060
 614000         ,      29.497,       0.501,       7.984,       2.800
 615000         ,      31.523,       0.246,       8.160,       2.970
 616000         ,      32.233,       0.279,       8.062,       3.060
 617000         ,      25.861,       0.918,       6.846,       3.189
 618000         ,      29.525,       0.942,       6.856,       1.536
 619000         ,      28.386,       0.908,       8.047,       2.602
 620000         ,      23.902,       1.569,       4.637,       3.381
 621000         ,      29.981,       0.713,       6.953,       2.236
 622000         ,      31.259,       0.615,       7.920,       2.176
 623000         ,      31.772,       0.582,       7.278,       1.917
 624000         ,      30.799,       0.283,       8.876,       3.013
 625000         ,      32.027,       0.399,       7.759,       2.509
 626000         ,      26.827,       0.757,       7.068,       3.438
 627000         ,      31.671,       0.451,       8.374,       2.854
 628000         ,      29.898,       0.822,       6.310,       2.184
 629000         ,      30.221,       0.480,       7.315,       2.850
 630000         ,      28.901,       0.919,       5.600,       2.105
 631000         ,      33.064,       0.549,       7.554,       2.463
 632000         ,      28.513,       0.711,       7.377,       2.295
 633000         ,      30.303,       0.310,       7.840,       3.332
 634000         ,      30.491,       0.332,       8.468,       2.867
 635000         ,      31.440,       0.351,       7.593,       2.761
 636000         ,      31.900,       0.248,       8.915,       2.699
 637000         ,      28.432,       0.537,       6.569,       3.228
 638000         ,      29.228,       0.894,       6.165,       2.464
 639000         ,      29.839,       0.358,       7.998,       2.733
 640000         ,      30.523,       0.308,       7.753,       3.082
 641000         ,      31.591,       0.203,       8.243,       2.545
 642000         ,      29.602,       0.336,       7.710,       3.030
 643000         ,      32.590,       0.173,       8.754,       2.582
 644000         ,      28.903,       0.501,       6.537,       3.144
 645000         ,      26.843,       0.826,       6.966,       4.012
 646000         ,      29.218,       1.022,       6.007,       1.803
 647000         ,      32.123,       0.659,       7.675,       1.642
 648000         ,      30.014,       0.638,       7.659,       2.732
 649000         ,      28.116,       0.637,       6.561,       2.869
 650000         ,      28.315,       1.054,       6.428,       2.223
 651000         ,      31.361,       0.956,       7.797,       1.986
 652000         ,      10.898,      10.759,       1.912,      10.201
 653000         ,      32.597,       0.202,       9.375,       2.892
 654000         ,      30.908,       0.329,       8.006,       3.284
 655000         ,      31.987,       0.161,       9.135,       2.988
 656000         ,      30.125,       0.424,       7.443,       2.547
 657000         ,      32.014,       0.221,       8.262,       2.370
 658000         ,      30.909,       0.595,       6.747,       2.681
 659000         ,      28.711,       1.134,       7.387,       2.685
 660000         ,      30.931,       0.531,       8.062,       3.008
 661000         ,      27.431,       0.525,       7.412,       3.648
 662000         ,      29.565,       1.220,       7.190,       2.549
 663000         ,      30.892,       0.548,       7.911,       2.523
 664000         ,      30.050,       0.615,       8.559,       2.124
 665000         ,      25.232,       1.267,       5.138,       2.854
 666000         ,      30.272,       1.831,       5.101,       2.084
 667000         ,      28.962,       0.627,       6.524,       1.945
 668000         ,      31.153,       0.299,       8.002,       2.913
 669000         ,      32.728,       0.766,       8.079,       2.804
 670000         ,      30.198,       0.419,       7.497,       2.790
 671000         ,      32.617,       1.017,       6.865,       1.387
 672000         ,      30.948,       0.583,       8.219,       1.974
 673000         ,      29.795,       0.647,       6.888,       2.542
 674000         ,      25.996,       0.881,       6.873,       3.828
 675000         ,      31.263,       0.337,       8.046,       2.307
 676000         ,      32.274,       0.296,       8.178,       2.183
 677000         ,      30.649,       0.401,       8.434,       2.686
 678000         ,      29.438,       0.308,       8.187,       3.555
 679000         ,      28.730,       0.287,       7.599,       3.327
 680000         ,      30.518,       0.215,       7.961,       3.248
 681000         ,      26.819,       0.739,       7.064,       3.103
 682000         ,      30.431,       0.859,       5.721,       2.270
 683000         ,      31.745,       0.699,       8.115,       1.627
 684000         ,      29.597,       0.803,       8.048,       2.337
 685000         ,      31.119,       0.389,       7.872,       2.908
 686000         ,      30.329,       0.230,       8.155,       2.887
 687000         ,      32.353,       0.211,       8.620,       2.591
 688000         ,      31.601,       0.502,       8.572,       1.800
 689000         ,      31.011,       0.265,       7.990,       2.588
 690000         ,      31.303,       0.324,       8.648,       2.760
 691000         ,      31.549,       0.513,       7.892,       1.983
 692000         ,      31.090,       0.664,       7.214,       2.228
 693000         ,      29.410,       0.671,       8.334,       2.903
 694000         ,      27.866,       0.528,       7.667,       3.116
 695000         ,      27.870,       0.592,       7.720,       2.907
 696000         ,      31.713,       0.578,       7.312,       2.041
 697000         ,      27.234,       0.698,       6.070,       2.846
 698000         ,      31.444,       0.289,       9.089,       2.994
 699000         ,      29.547,       0.479,       7.925,       2.871
 700000         ,      29.128,       0.754,       6.775,       1.982
 701000         ,      32.401,       0.645,       7.922,       1.593
 702000         ,      31.027,       0.453,       7.654,       2.779
 703000         ,      31.365,       0.171,       8.862,       3.379
 704000         ,      30.157,       0.360,       7.619,       2.485
 705000         ,      32.190,       0.592,       8.441,       1.751
 706000         ,      31.321,       0.715,       7.406,       2.247
 707000         ,      30.063,       0.546,       7.598,       2.176
 708000         ,      26.025,       0.942,       5.729,       3.144
 709000         ,      32.048,       0.654,       7.154,       2.119
 710000         ,      28.834,       0.712,       6.543,       2.661
 711000         ,      29.619,       0.667,       7.431,       2.978
 712000         ,      29.695,       0.904,       6.841,       1.796
 713000         ,      27.658,       0.740,       6.253,       3.213
 714000         ,      29.531,       0.572,       6.858,       3.081
 715000         ,      31.365,       0.548,       6.991,       2.841
 716000         ,      28.652,       0.601,       7.771,       3.056
 717000         ,      27.453,       0.838,       6.140,       2.713
 718000         ,      29.205,       1.054,       5.969,       3.082
 719000         ,      28.902,       0.576,       7.221,       2.149
 720000         ,      32.169,       0.267,       8.463,       2.578
 721000         ,      27.098,       1.321,       5.201,       2.130
 722000         ,      30.637,       0.680,       7.389,       3.212
 723000         ,      30.883,       0.517,       8.003,       2.755
 724000         ,      32.940,       0.288,       8.177,       2.632
 725000         ,      29.006,       0.624,       7.545,       2.298
 726000         ,      32.023,       0.264,       8.035,       2.305
 727000         ,      32.371,       0.360,       8.017,       2.450
 728000         ,      30.508,       0.385,       7.578,       2.442
 729000         ,      29.112,       0.410,       6.712,       2.622
 730000         ,      31.254,       0.515,       7.634,       2.851
 731000         ,      31.782,       0.582,       7.554,       1.976
 732000         ,      31.787,       0.193,       9.187,       3.057
 733000         ,      31.031,       0.307,       7.818,       2.670
 734000         ,      31.226,       0.346,       8.062,       2.103
 735000         ,      31.006,       0.427,       8.540,       2.047
 736000         ,      29.743,       0.655,       6.245,       2.035
 737000         ,      30.948,       0.978,       7.586,       2.005
 738000         ,      30.086,       0.867,       7.029,       2.899
 739000         ,      30.310,       0.757,       7.940,       2.822
 740000         ,      32.052,       0.310,       8.046,       2.806
 741000         ,      28.028,       0.621,       7.602,       2.656
 742000         ,      28.338,       0.401,       7.630,       3.185
 743000         ,      29.463,       0.972,       6.757,       3.374
 744000         ,      31.464,       0.445,       8.790,       2.302
 745000         ,      31.504,       0.162,       8.945,       3.415
 746000         ,      24.711,       1.198,       5.293,       3.596
 747000         ,      28.062,       0.872,       6.348,       2.168
 748000         ,      32.773,       0.567,       8.000,       1.776
 749000         ,      31.060,       0.346,       7.536,       2.589
 750000         ,      31.282,       0.570,       7.548,       1.856
 751000         ,      31.182,       0.417,       8.055,       2.217
 752000         ,      31.425,       0.380,       7.611,       2.879
 753000         ,      26.942,       0.845,       6.768,       3.123
 754000         ,      29.412,       0.763,       7.607,       2.815
 755000         ,      27.836,       0.930,       6.388,       2.937
 756000         ,      32.973,       0.298,       8.156,       2.310
 757000         ,      30.478,       0.471,       7.069,       2.679
 758000         ,      31.637,       0.495,       7.393,       2.498
 759000         ,      32.730,       0.297,       7.855,       2.784
 760000         ,      29.556,       1.413,       5.416,       1.209
 761000         ,      29.665,       1.000,       6.281,       2.103
 762000         ,      32.337,       0.142,       8.784,       3.232
 763000         ,      30.608,       0.708,       7.236,       1.866
 764000         ,      30.453,       0.563,       7.770,       2.680
 765000         ,      29.398,       0.527,       7.312,       2.409
 766000         ,      26.763,       1.083,       6.950,       3.298
 767000         ,      30.534,       0.883,       6.997,       2.167
 768000         ,      31.691,       0.170,       9.036,       3.480
 769000         ,      30.679,       0.324,       8.237,       2.842
 770000         ,      32.270,       0.264,       8.473,       3.121
 771000         ,      31.028,       0.875,       8.032,       1.948
 772000         ,      29.622,       0.454,       8.515,       2.628
 773000         ,      29.935,       0.627,       6.782,       1.953
 774000         ,      29.813,       0.727,       6.876,       3.086
 775000         ,      27.959,       1.050,       7.282,       2.041
 776000         ,      28.822,       0.819,       5.664,       2.461
 777000         ,      30.588,       0.637,       8.627,       2.610
 778000         ,      33.261,       0.740,       7.883,       1.721
 779000         ,      27.003,       1.295,       7.715,       3.053
 780000         ,      30.391,       0.236,       7.823,       3.125
 781000         ,      31.355,       0.183,       8.547,       3.242
 782000         ,      32.828,       0.366,       7.888,       2.385
 783000         ,      30.596,       0.370,       7.700,       3.037
 784000         ,      29.990,       0.691,       6.712,       2.390
 785000         ,      27.664,       0.838,       5.830,       2.396
 786000         ,      31.526,       0.523,       8.060,       2.823
 787000         ,      30.089,       0.326,       8.190,       2.978
 788000         ,      32.911,       0.325,       8.742,       2.143
 789000         ,      30.706,       0.199,       8.510,       2.903
 790000         ,      29.960,       0.649,       6.927,       2.224
 791000         ,      29.985,       0.841,       7.544,       3.324
 792000         ,      28.935,       0.780,       6.536,       1.916
 793000         ,      32.589,       0.318,       7.841,       2.220
 794000         ,      27.100,       0.592,       6.875,       3.481
 795000         ,      25.347,       1.443,       5.710,       2.950
 796000         ,      31.447,       0.832,       7.422,       2.520
 797000         ,      29.894,       0.374,       8.177,       3.049
 798000         ,      31.310,       0.501,       7.654,       1.978
 799000         ,      27.689,       0.657,       7.316,       3.500
 800000         ,      30.134,       0.564,       6.836,       2.449
 801000         ,      31.061,       0.285,       7.979,       3.277
 802000         ,      26.991,       1.152,       5.711,       2.200
 803000         ,      26.031,       0.839,       7.067,       3.502
 804000         ,      31.949,       0.780,       7.278,       1.442
 805000         ,      29.698,       0.883,       7.521,       1.712
 806000         ,      31.585,       0.569,       7.547,       1.861
 807000         ,      30.020,       0.834,       7.661,       2.790
 808000         ,      32.102,       0.334,       7.804,       2.495
 809000         ,      30.536,       0.392,       8.631,       2.618
 810000         ,      26.939,       1.331,       5.089,       1.947
 811000         ,      31.203,       0.180,       8.337,       3.074
 812000         ,      31.390,       0.379,       8.596,       2.262
 813000         ,      32.626,       0.204,       8.746,       2.305
 814000         ,      31.455,       0.769,       7.794,       2.014
 815000         ,      30.440,       0.502,       7.545,       1.948
 816000         ,      31.461,       0.509,       7.003,       2.226
 817000         ,      30.493,       0.252,       8.487,       3.042
 818000         ,      30.865,       0.359,       7.702,       2.693
 819000         ,      30.567,       0.585,       6.986,       2.473
 820000         ,      25.846,       1.159,       6.647,       2.780
 821000         ,      29.743,       0.515,       6.974,       2.519
 822000         ,      31.777,       0.285,       8.360,       3.202
 823000         ,      31.313,       0.519,       8.620,       1.873
 824000         ,      31.453,       0.225,       8.591,       3.150
 825000         ,      29.859,       1.075,       7.596,       1.611
 826000         ,      30.494,       0.583,       6.683,       1.994
 827000         ,      30.124,       0.551,       8.136,       2.867
 828000         ,      30.961,       0.520,       7.125,       2.309
 829000         ,      31.019,       0.243,       8.681,       3.290
 830000         ,      29.810,       0.459,       7.870,       2.378
 831000         ,      26.229,       1.353,       6.065,       3.726
 832000         ,      31.864,       0.495,       7.432,       2.443
 833000         ,      31.901,       0.763,       8.216,       1.394
 834000         ,      30.927,       0.262,       7.537,       2.855
 835000         ,      28.130,       0.776,       7.402,       2.407
 836000         ,      29.541,       0.721,       7.498,       1.771
 837000         ,      30.864,       0.621,       7.354,       2.456
 838000         ,      31.220,       1.050,       7.786,       1.527
 839000         ,      29.091,       0.580,       7.461,       2.461
 840000         ,      28.431,       0.947,       6.963,       2.986
 841000         ,      29.310,       0.450,       7.938,       3.625
 842000         ,      29.975,       0.608,       7.447,       2.007
 843000         ,      30.982,       0.977,       6.014,       1.752
 844000         ,      31.021,       0.657,       8.239,       1.685
 845000         ,      31.649,       1.075,       7.958,       1.111
 846000         ,      31.983,       0.487,       8.521,       2.006
 847000         ,      30.855,       0.379,       7.042,       2.666
 848000         ,      31.967,       0.650,       7.181,       1.664
 849000         ,      29.210,       1.303,       7.210,       1.910
 850000         ,      29.098,       0.602,       6.106,       2.624
 851000         ,      30.059,       1.262,       7.160,       2.336
 852000         ,      32.795,       0.644,       7.499,       2.516
 853000         ,      26.764,       1.847,       4.254,       2.509
 854000         ,      30.740,       0.923,       7.088,       1.315
 855000         ,      26.950,       0.875,       6.605,       3.129
 856000         ,      28.094,       0.896,       6.455,       3.475
 857000         ,      26.774,       0.850,       6.292,       2.468
 858000         ,      32.905,       0.649,       7.308,       2.573
 859000         ,      29.641,       1.620,       5.781,       1.090
 860000         ,      30.915,       0.317,       8.170,       2.791
 861000         ,      31.956,       0.674,       7.207,       1.491
 862000         ,      32.250,       0.610,       8.186,       1.876
 863000         ,      29.586,       0.503,       8.234,       2.942
 864000         ,      30.130,       1.296,       6.979,       2.032
 865000         ,      30.206,       0.475,       7.757,       2.785
 866000         ,      30.754,       0.291,       8.385,       3.609
 867000         ,      27.359,       4.082,       4.406,       0.921
 868000         ,      20.057,       6.577,       0.867,       5.720
 869000         ,      18.621,       7.877,       0.675,       6.228
 870000         ,      17.225,       8.521,       0.422,       7.391
 871000         ,      32.684,       0.092,       9.178,       3.365
 872000         ,      25.114,       1.238,       5.389,       3.323
 873000         ,      22.554,       6.198,       0.896,       4.845
 874000         ,      23.727,       4.906,       1.986,       2.946
 875000         ,      19.345,       7.529,       0.469,       5.741
 876000         ,      18.748,       6.796,       1.077,       5.304
 877000         ,      18.890,       8.502,       0.353,       7.252
 878000         ,      19.493,       8.099,       0.364,       7.120
 879000         ,      19.047,       7.736,       0.492,       6.954
 880000         ,      17.847,       9.202,       0.312,       7.812
 881000         ,      20.221,       6.944,       0.658,       6.155
 882000         ,      17.981,       7.962,       0.459,       7.151
 883000         ,      15.231,       9.944,       0.577,       8.399
 884000         ,      20.986,       6.190,       1.293,       4.818
 885000         ,      20.537,       6.023,       0.871,       5.135
 886000         ,      21.504,       6.280,       0.886,       5.598
 887000         ,      19.277,       8.185,       0.465,       6.222
 888000         ,      17.492,       8.218,       0.565,       7.282
 889000         ,      15.856,       9.175,       0.388,       8.197
 890000         ,      21.039,       5.510,       1.762,       4.369
 891000         ,      20.207,       6.918,       0.774,       6.165
 892000         ,      19.842,       7.736,       0.375,       6.601
 893000         ,      17.736,       7.682,       0.687,       5.740
 894000         ,      19.449,       6.810,       1.008,       6.109
 895000         ,      20.699,       8.007,       0.567,       6.438
 896000         ,      18.643,       8.212,       0.608,       7.225
 897000         ,      17.365,       8.063,       0.514,       6.491
 898000         ,      17.901,       9.037,       0.503,       7.275
 899000         ,      28.780,       3.522,       5.500,       0.465
 900000         ,      20.765,       7.535,       0.797,       6.653
 901000         ,      17.252,       6.996,       0.856,       6.307
 902000         ,      17.257,       6.313,       1.140,       5.862
 903000         ,      21.510,       6.623,       0.726,       5.556
 904000         ,      31.715,       4.837,       6.613,       0.833
 905000         ,      20.075,       6.466,       0.996,       5.471
 906000         ,      20.812,       5.889,       0.779,       4.667
 907000         ,      18.826,       8.951,       0.403,       7.542
 908000         ,      22.720,       6.656,       0.574,       5.276
 909000         ,      19.603,       9.107,       0.449,       7.276
 910000         ,      19.134,       8.155,       0.250,       6.896
 911000         ,      19.483,       7.236,       0.967,       5.716
 912000         ,      23.028,       6.325,       0.751,       5.322
 913000         ,      16.144,      10.494,       0.479,       8.604
 914000         ,      17.126,       8.272,       0.569,       7.481
 915000         ,      19.992,       6.444,       0.699,       5.607
 916000         ,      24.853,       5.391,       1.399,       4.372
 917000         ,      19.146,       8.099,       0.212,       6.729
 918000         ,      18.787,       9.265,       0.158,       7.516
 919000         ,      17.769,       7.487,       0.617,       5.914
 920000         ,      23.085,       7.104,       0.703,       5.397
 921000         ,      17.650,       6.576,       1.013,       5.757
 922000         ,      19.792,       7.828,       0.451,       5.825
 923000         ,      19.700,       7.434,       0.553,       6.199
 924000         ,      19.434,       6.926,       1.138,       6.040
 925000         ,      31.789,       2.414,       7.048,       0.513
 926000         ,      18.599,       7.816,       0.481,       6.070
 927000         ,      18.455,       9.152,       0.510,       6.864
 928000         ,      27.687,       2.585,       6.595,       0.883
 929000         ,      30.341,       0.444,       8.529,       2.478
 930000         ,      21.671,       7.871,       0.632,       6.204
 931000         ,      24.384,       4.825,       1.372,       4.288
 932000         ,      19.387,       7.064,       0.796,       6.375
 933000         ,      19.170,       7.018,       0.830,       5.742
 934000         ,      20.930,       5.978,       0.826,       4.827
 935000         ,      22.508,       6.899,       0.627,       5.201
 936000         ,      19.329,       6.097,       0.836,       5.805
 937000         ,      22.017,       8.097,       0.762,       5.127
 938000         ,      18.064,       8.223,       0.474,       6.879
 939000         ,      15.851,       7.194,       0.908,       6.975
 940000         ,      21.072,       6.416,       0.658,       4.903
 941000         ,      21.027,       5.954,       0.917,       5.084
 942000         ,      18.962,       7.778,       0.610,       6.397
 943000         ,      19.015,       6.916,       0.813,       5.489
 944000         ,      22.596,       5.806,       0.927,       4.344
 945000         ,      21.375,       8.213,       0.554,       6.279
 946000         ,      23.561,       5.883,       1.238,       3.879
 947000         ,      18.406,       8.076,       0.437,       7.208
 948000         ,      16.913,       8.680,       0.413,       7.255
 949000         ,      17.964,       9.352,       0.528,       7.252
 950000         ,      21.145,       7.053,       0.566,       6.127
 951000         ,      22.024,       7.258,       0.695,       5.360
 952000         ,      22.638,       5.978,       1.074,       4.782
 953000         ,      19.123,       7.252,       0.522,       5.554
 954000         ,      18.123,       8.670,       0.315,       7.023
 955000         ,      22.180,       6.743,       1.175,       5.117
 956000         ,      16.103,       9.481,       0.292,       8.431
 957000         ,      20.620,       6.494,       0.760,       5.332
 958000         ,      15.886,      10.417,       0.395,       9.068
 959000         ,      19.902,       8.449,       0.261,       7.120
 960000         ,      22.196,       6.060,       1.020,       5.419
 961000         ,      17.408,       8.499,       0.789,       6.974
 962000         ,      21.140,       6.404,       0.941,       5.308
 963000         ,      20.708,       6.754,       0.881,       4.538
 964000         ,      17.896,       8.255,       0.449,       7.111
 965000         ,      19.069,       6.902,       0.796,       5.716
 966000         ,      31.814,       2.844,       6.352,       0.312
 967000         ,      18.509,       7.069,       0.499,       6.060
 968000         ,      20.576,       8.008,       0.561,       5.995
 969000         ,      15.489,       9.313,       0.477,       8.281
 970000         ,      20.286,       7.119,       0.668,       5.009
 971000         ,      19.513,       7.116,       0.961,       5.203
 972000         ,      18.323,       6.764,       0.851,       5.812
 973000         ,      27.902,       3.323,       4.293,       1.315
 974000         ,      17.075,       7.293,       0.669,       6.956
 975000         ,      17.596,       9.989,       0.328,       7.565
 976000         ,      18.002,       8.460,       0.189,       7.565
 977000         ,      31.193,       3.821,       6.416,       0.541
 978000         ,      20.547,       7.346,       0.785,       5.665
 979000         ,      18.289,       6.532,       1.325,       5.446
 980000         ,      22.674,       5.997,       1.229,       5.352
 981000         ,      16.268,      10.718,       0.346,       8.842
 982000         ,      20.952,       6.398,       0.960,       5.566
 983000         ,      19.283,       7.128,       0.693,       5.381
 984000         ,      19.458,       7.948,       0.593,       6.184
 985000         ,      20.392,       7.117,       0.541,       5.743
 986000         ,      20.489,       8.299,       0.209,       6.946
 987000         ,      20.829,       6.475,       0.662,       5.220
 988000         ,      20.283,       5.794,       0.866,       5.541
 989000         ,      19.440,       6.641,       0.646,       6.100
 990000         ,      18.893,       6.630,       0.926,       4.975
 991000         ,      21.521,       7.391,       0.676,       5.649
 992000         ,      19.647,       7.200,       0.591,       6.269
 993000         ,      18.686,       8.513,       0.417,       6.840
 994000         ,      19.757,       7.370,       0.628,       5.881
 995000         ,      22.521,       5.220,       1.539,       3.507
 996000         ,      21.151,       6.537,       0.667,       5.527
 997000         ,      22.365,       6.242,       0.739,       4.708
 998000         ,      21.526,       5.950,       0.734,       5.464
 999000         ,      16.917,       9.408,       0.391,       7.514
 1000000        ,      17.539,       8.512,       0.532,       6.757
