--------------------------------------------------------------------------------
S H A P E   v2.1         Continuous Shape Measures calculation
(c) 2013  Electronic Structure Group, Universitat de Barcelona
                   Contact:  llunell@ub.edu                   
--------------------------------------------------------------------------------

coordination ZF1 

SP-4            1 D4h   Square                                             
T-4             2 Td    Tetrahedron                                        
SS-4            3 C2v   Seesaw                                             
vTBPY-4         4 C3v   Vacant trigonal bipyramid                          

Structure [ML4 ]         SP-4          T-4         SS-4      vTBPY-4
 0              ,      15.988,      11.229,       0.690,       8.591
 1000           ,      23.085,       9.679,       1.229,       6.063
 2000           ,      13.869,      14.330,       1.667,      10.417
 3000           ,      16.087,      11.156,       1.586,       8.557
 4000           ,      16.924,      12.715,       0.539,       9.947
 5000           ,      16.924,      11.609,       1.014,       8.271
 6000           ,      17.219,      11.860,       0.472,       9.064
 7000           ,      18.932,       9.943,       0.303,       7.026
 8000           ,      19.680,       9.771,       0.478,       7.431
 9000           ,      22.153,       8.917,       0.637,       5.855
 10000          ,      19.795,       8.335,       0.415,       6.419
 11000          ,      15.910,      11.431,       0.643,       9.408
 12000          ,      21.546,       8.227,       0.544,       6.466
 13000          ,      15.360,      10.982,       0.526,       9.081
 14000          ,      17.740,      10.168,       0.722,       7.629
 15000          ,      16.728,      12.064,       0.525,       9.479
 16000          ,      18.645,      10.893,       0.518,       7.811
 17000          ,      20.954,       8.547,       0.997,       6.737
 18000          ,      20.539,       9.153,       0.393,       6.718
 19000          ,      15.942,      10.532,       1.043,       7.890
 20000          ,      17.010,       9.729,       0.600,       7.323
 21000          ,      17.885,      10.478,       0.593,       7.838
 22000          ,      18.339,      11.112,       0.699,       8.254
 23000          ,      22.256,       8.845,       0.693,       7.175
 24000          ,      19.695,      10.237,       0.484,       8.355
 25000          ,      20.835,       9.516,       0.899,       6.712
 26000          ,      17.771,      10.272,       0.624,       7.204
 27000          ,      18.191,       8.686,       0.564,       6.929
 28000          ,      17.570,       9.157,       0.545,       7.924
 29000          ,      16.710,      10.776,       0.794,       7.674
 30000          ,      17.933,       9.694,       0.886,       6.687
 31000          ,      19.160,       9.227,       0.749,       6.583
 32000          ,      19.622,       9.810,       0.599,       6.868
 33000          ,      17.441,      11.972,       0.741,       8.366
 34000          ,      10.885,      12.995,       1.668,      11.915
 35000          ,      20.231,      10.061,       0.395,       7.861
 36000          ,      18.838,      10.323,       0.277,       7.835
 37000          ,      16.799,       9.998,       0.866,       7.133
 38000          ,      18.619,       9.206,       0.199,       7.102
 39000          ,      18.788,      12.091,       1.069,       8.412
 40000          ,      15.311,      11.415,       0.739,       8.804
 41000          ,      18.898,      10.486,       0.492,       8.666
 42000          ,      21.930,       8.452,       0.780,       5.631
 43000          ,      19.899,       9.555,       0.486,       7.564
 44000          ,      17.289,      12.186,       0.763,       9.151
 45000          ,      16.276,      12.124,       0.521,      10.353
 46000          ,      17.779,       9.745,       1.023,       6.225
 47000          ,      19.478,       9.248,       0.642,       6.904
 48000          ,      20.513,       9.663,       0.845,       8.031
 49000          ,      17.645,      10.231,       0.278,       8.026
 50000          ,      18.094,      11.053,       0.520,       8.173
 51000          ,      22.366,       9.405,       0.922,       7.452
 52000          ,      15.713,      10.411,       0.516,       8.534
 53000          ,      17.753,       8.950,       0.601,       6.610
 54000          ,      18.499,       9.777,       0.276,       8.265
 55000          ,      17.215,      10.104,       0.472,       7.673
 56000          ,      17.536,      11.095,       0.512,       8.694
 57000          ,      20.804,      10.526,       1.129,       7.258
 58000          ,      20.139,       9.285,       0.617,       6.539
 59000          ,      18.068,      11.581,       0.351,       8.696
 60000          ,      20.484,       8.657,       0.613,       6.021
 61000          ,      22.097,       9.429,       1.196,       5.581
 62000          ,      21.096,       9.808,       0.829,       6.381
 63000          ,      21.778,      11.125,       0.589,       8.051
 64000          ,      18.348,      10.068,       0.480,       7.677
 65000          ,      20.483,      10.252,       1.085,       6.595
 66000          ,      19.875,       9.415,       0.679,       6.362
 67000          ,      20.365,      10.984,       0.568,       7.764
 68000          ,      21.197,      10.739,       0.704,       7.255
 69000          ,      20.029,       8.724,       0.633,       7.095
 70000          ,      14.811,      10.466,       0.957,       8.251
 71000          ,      18.280,       9.559,       0.436,       6.844
 72000          ,      19.987,       9.734,       0.958,       5.997
 73000          ,      18.734,      10.470,       0.917,       7.366
 74000          ,      20.742,      10.720,       0.498,       7.920
 75000          ,      20.084,      11.183,       0.594,       7.566
 76000          ,      20.669,      10.233,       0.627,       6.707
 77000          ,      20.422,       7.151,       0.922,       5.542
 78000          ,      18.667,      10.429,       0.527,       7.982
 79000          ,      19.744,      11.019,       0.766,       7.563
 80000          ,      17.996,       9.560,       0.585,       6.859
 81000          ,      18.559,       9.671,       0.747,       6.718
 82000          ,      19.422,      11.024,       0.775,       7.416
 83000          ,      21.945,       9.090,       0.627,       6.137
 84000          ,      15.552,      11.420,       1.195,       7.884
 85000          ,      20.226,       9.805,       0.654,       6.549
 86000          ,      19.120,       8.824,       0.688,       6.205
 87000          ,      19.890,       9.589,       0.853,       6.336
 88000          ,      20.138,       9.902,       0.911,       5.928
 89000          ,      18.759,      11.405,       0.406,       8.606
 90000          ,      19.899,      11.222,       1.026,       7.214
 91000          ,      20.333,       8.745,       0.404,       6.933
 92000          ,      14.697,      13.013,       1.607,       9.364
 93000          ,      20.123,       9.847,       0.690,       7.140
 94000          ,      19.789,       7.769,       0.374,       6.150
 95000          ,      17.565,      11.161,       0.794,       7.568
 96000          ,      16.989,      10.608,       0.608,       8.397
 97000          ,      19.368,      11.449,       0.404,       8.346
 98000          ,      18.460,       8.584,       0.717,       5.751
 99000          ,      18.773,      11.398,       0.724,       8.434
 100000         ,      18.195,      12.775,       1.211,       8.868
 101000         ,      21.482,       9.881,       1.065,       5.575
 102000         ,      21.203,       9.292,       0.556,       6.852
 103000         ,      19.509,       7.883,       0.824,       5.411
 104000         ,      19.027,       9.373,       0.549,       6.807
 105000         ,      18.704,      10.246,       0.611,       7.170
 106000         ,      17.859,      11.225,       0.768,       7.663
 107000         ,      18.457,       9.547,       0.380,       7.234
 108000         ,      21.587,      11.028,       0.750,       8.072
 109000         ,      18.684,       9.921,       0.385,       8.165
 110000         ,      21.731,      11.217,       0.713,       8.107
 111000         ,      21.365,       9.915,       0.502,       6.815
 112000         ,      16.503,      11.371,       0.622,       8.975
 113000         ,      16.160,      10.650,       0.531,       8.309
 114000         ,      17.605,       8.668,       0.454,       6.969
 115000         ,      18.313,       9.074,       0.413,       7.260
 116000         ,      19.542,       9.937,       0.486,       7.095
 117000         ,      20.886,      10.099,       0.562,       7.078
 118000         ,      20.652,       8.798,       0.906,       5.775
 119000         ,      20.392,       7.545,       0.471,       5.765
 120000         ,      15.723,      12.099,       0.957,       9.009
 121000         ,      19.414,       7.753,       0.576,       6.388
 122000         ,      20.721,      11.614,       1.405,       6.805
 123000         ,      20.303,       9.161,       0.556,       6.091
 124000         ,      18.883,      12.288,       0.548,       8.398
 125000         ,      21.551,       7.990,       0.733,       6.188
 126000         ,      21.921,       9.861,       0.749,       6.635
 127000         ,      20.805,       8.873,       0.679,       7.056
 128000         ,      20.737,       8.844,       0.410,       6.577
 129000         ,      19.000,      10.265,       0.595,       7.313
 130000         ,      17.990,      10.616,       0.427,       7.934
 131000         ,      19.404,      10.459,       0.244,       8.517
 132000         ,      20.637,      10.173,       0.783,       6.745
 133000         ,      20.305,       8.384,       0.932,       5.565
 134000         ,      21.016,       8.511,       0.669,       6.587
 135000         ,      16.695,      10.562,       0.320,       8.200
 136000         ,      22.644,       8.684,       0.629,       6.367
 137000         ,      20.225,      10.111,       0.974,       7.172
 138000         ,      18.685,      11.660,       0.984,       7.814
 139000         ,      16.575,      10.073,       0.642,       7.464
 140000         ,      15.023,      10.705,       0.720,       8.748
 141000         ,      22.020,      11.417,       0.928,       7.751
 142000         ,      18.849,       9.011,       0.669,       6.611
 143000         ,      18.427,       8.346,       0.486,       7.286
 144000         ,      19.447,       9.149,       0.430,       7.751
 145000         ,      18.352,       9.500,       0.393,       8.156
 146000         ,      23.556,       8.780,       0.734,       5.927
 147000         ,      21.603,       8.106,       0.875,       5.609
 148000         ,      20.409,       8.958,       0.663,       6.067
 149000         ,      23.421,       9.718,       1.743,       6.125
 150000         ,      20.371,       9.353,       0.862,       6.570
 151000         ,      18.118,      10.079,       0.299,       8.510
 152000         ,      22.340,      10.939,       1.440,       6.667
 153000         ,      19.611,      10.005,       0.183,       8.085
 154000         ,      20.158,       9.049,       0.712,       7.461
 155000         ,      20.788,       7.666,       1.106,       4.952
 156000         ,      15.899,      10.424,       0.503,       8.225
 157000         ,      19.185,       9.190,       0.550,       6.756
 158000         ,      20.629,      10.414,       1.048,       6.416
 159000         ,      17.376,      10.263,       0.467,       7.904
 160000         ,      22.877,       8.894,       0.619,       6.398
 161000         ,      19.989,       8.391,       0.749,       6.822
 162000         ,      21.703,       9.079,       0.515,       6.153
 163000         ,      21.714,       8.911,       0.809,       5.885
 164000         ,      19.253,       9.285,       0.669,       6.423
 165000         ,      20.630,       7.794,       0.910,       5.561
 166000         ,      16.727,      10.428,       0.256,       8.301
 167000         ,      19.294,       8.720,       0.617,       6.415
 168000         ,      20.111,       9.601,       0.675,       6.752
 169000         ,      20.152,      10.248,       0.980,       5.971
 170000         ,      22.374,       7.515,       0.892,       5.240
 171000         ,      22.438,       9.098,       0.559,       6.263
 172000         ,      17.541,       8.155,       0.487,       6.966
 173000         ,      17.854,       8.737,       0.954,       6.111
 174000         ,      21.705,       8.094,       1.010,       5.379
 175000         ,      20.538,       9.356,       0.519,       6.697
 176000         ,      17.447,      11.445,       0.609,       8.640
 177000         ,      18.452,      10.384,       0.704,       8.841
 178000         ,      18.029,      10.098,       0.650,       8.576
 179000         ,      18.557,       9.321,       0.559,       6.827
 180000         ,      17.398,       9.348,       0.256,       7.947
 181000         ,      15.626,       8.975,       1.119,       6.661
 182000         ,      22.253,      11.847,       1.332,       8.676
 183000         ,      22.357,       9.310,       0.786,       6.334
 184000         ,      19.813,       8.907,       0.534,       6.134
 185000         ,      19.432,      11.183,       0.550,       8.912
 186000         ,      19.420,      10.086,       0.386,       7.662
 187000         ,      23.043,       8.969,       1.111,       6.435
 188000         ,      17.786,      11.674,       1.007,       7.601
 189000         ,      19.736,      10.198,       0.605,       7.579
 190000         ,      18.729,      10.096,       0.406,       8.517
 191000         ,      20.487,       8.124,       0.496,       6.380
 192000         ,      21.063,       9.735,       0.661,       7.911
 193000         ,      17.488,       9.832,       0.648,       7.447
 194000         ,      19.292,       9.534,       0.600,       7.473
 195000         ,      19.859,      10.510,       0.651,       7.551
 196000         ,      19.565,       8.877,       0.387,       7.030
 197000         ,      18.993,      11.002,       0.329,       8.900
 198000         ,      25.219,       6.704,       1.438,       4.767
 199000         ,      14.504,      11.715,       0.817,      10.443
 200000         ,      18.409,       8.566,       0.280,       7.034
 201000         ,      17.684,      10.905,       0.683,       8.206
 202000         ,      19.859,       7.285,       0.654,       6.578
 203000         ,      19.487,       8.299,       0.459,       6.781
 204000         ,      19.740,       8.339,       0.622,       6.168
 205000         ,      18.761,      10.321,       0.310,       8.041
 206000         ,      23.465,       7.704,       1.167,       6.407
 207000         ,      17.604,      11.281,       0.380,       8.653
 208000         ,      21.388,       9.187,       0.852,       6.311
 209000         ,      19.187,      10.226,       0.432,       8.272
 210000         ,      21.022,       8.149,       0.782,       5.193
 211000         ,      18.011,      11.304,       0.520,       8.655
 212000         ,      18.141,       9.850,       0.623,       7.381
 213000         ,      22.460,       8.661,       0.832,       5.320
 214000         ,      19.676,       9.116,       0.742,       7.250
 215000         ,      20.629,      11.630,       0.834,       8.671
 216000         ,      19.491,       9.391,       0.223,       7.166
 217000         ,      18.675,       8.995,       0.537,       6.774
 218000         ,      22.900,       8.901,       0.739,       6.472
 219000         ,      19.752,       6.680,       0.721,       5.322
 220000         ,      18.747,      10.050,       0.525,       8.152
 221000         ,      20.429,       9.060,       0.842,       7.131
 222000         ,      22.513,       7.501,       0.779,       6.165
 223000         ,      20.193,      11.593,       0.951,       7.713
 224000         ,      23.408,       7.885,       0.939,       5.770
 225000         ,      19.519,       8.877,       0.507,       7.395
 226000         ,      22.561,       7.997,       0.845,       6.545
 227000         ,      17.296,      10.682,       0.411,       8.264
 228000         ,      18.342,      11.293,       0.461,       8.641
 229000         ,      17.300,      13.120,       0.895,       9.732
 230000         ,      22.138,       8.428,       0.861,       5.993
 231000         ,      22.340,       9.946,       1.402,       6.142
 232000         ,      20.842,       9.458,       0.511,       6.932
 233000         ,      19.694,      10.778,       0.865,       7.775
 234000         ,      23.859,       7.915,       1.184,       5.277
 235000         ,      23.505,       7.314,       1.023,       5.059
 236000         ,      20.609,       9.246,       0.554,       6.320
 237000         ,      18.731,       8.710,       0.386,       6.957
 238000         ,      19.216,      10.000,       0.619,       6.510
 239000         ,      23.452,       9.246,       0.969,       5.756
 240000         ,      16.855,      11.523,       1.190,       8.574
 241000         ,      18.930,      10.923,       0.640,       7.899
 242000         ,      19.405,       8.046,       1.160,       5.324
 243000         ,      22.957,       8.930,       1.446,       4.909
 244000         ,      18.220,       8.621,       0.402,       6.583
 245000         ,      21.902,       8.432,       0.806,       5.550
 246000         ,      21.611,       8.994,       0.928,       6.035
 247000         ,      17.962,      10.639,       0.899,       6.791
 248000         ,      18.060,       9.305,       0.666,       6.724
 249000         ,      15.394,      12.412,       0.612,       9.761
 250000         ,      19.633,      10.127,       0.862,       7.960
 251000         ,      17.424,       9.623,       0.467,       7.384
 252000         ,      21.301,       8.052,       0.794,       6.028
 253000         ,      16.599,      12.688,       0.598,       9.978
 254000         ,      15.128,      10.117,       1.055,       7.373
 255000         ,      19.983,       9.736,       0.596,       6.897
 256000         ,      20.114,       9.031,       0.507,       7.011
 257000         ,      21.967,       8.323,       0.854,       6.863
 258000         ,      23.682,       7.319,       1.289,       5.057
 259000         ,      18.718,      10.058,       0.542,       7.777
 260000         ,      24.852,       7.564,       0.953,       5.823
 261000         ,      25.267,       7.142,       1.024,       5.585
 262000         ,      21.785,       8.047,       0.656,       5.504
 263000         ,      18.082,       9.152,       0.492,       7.857
 264000         ,      17.744,      10.944,       0.709,       8.060
 265000         ,      21.185,       8.146,       0.333,       6.392
 266000         ,      19.262,       9.826,       0.454,       6.972
 267000         ,      22.044,       9.909,       0.952,       6.776
 268000         ,      21.389,       8.543,       0.676,       6.013
 269000         ,      20.660,       9.973,       0.783,       6.575
 270000         ,      23.677,       9.266,       1.122,       7.127
 271000         ,      17.250,       9.987,       0.412,       7.843
 272000         ,      18.707,       7.732,       0.674,       6.466
 273000         ,      18.286,      10.291,       0.495,       7.867
 274000         ,      17.212,      10.559,       0.801,       8.444
 275000         ,      20.719,       9.009,       0.530,       6.561
 276000         ,      18.453,      10.269,       0.433,       7.904
 277000         ,      16.034,      10.965,       0.528,       9.400
 278000         ,      21.607,       8.928,       0.952,       6.264
 279000         ,      16.661,       9.767,       0.571,       8.671
 280000         ,      20.854,      11.439,       0.972,       7.101
 281000         ,      19.137,       8.918,       0.603,       6.454
 282000         ,      20.648,      11.267,       0.618,       9.000
 283000         ,      16.922,      10.193,       0.911,       7.654
 284000         ,      16.886,      10.316,       1.117,       6.939
 285000         ,      21.942,       9.644,       1.453,       5.799
 286000         ,      20.430,       9.990,       0.534,       7.147
 287000         ,      18.943,       8.858,       0.438,       6.670
 288000         ,      18.168,       9.916,       0.541,       7.203
 289000         ,      19.134,       9.845,       0.725,       6.615
 290000         ,      18.055,       9.990,       0.504,       8.381
 291000         ,      22.491,       7.389,       0.663,       5.803
 292000         ,      19.585,       8.870,       0.762,       6.467
 293000         ,      18.335,       9.009,       0.810,       6.435
 294000         ,      18.518,      11.587,       0.633,       8.266
 295000         ,      20.401,       9.541,       1.542,       5.596
 296000         ,      19.959,       7.691,       0.656,       5.867
 297000         ,      19.815,       8.949,       0.911,       6.042
 298000         ,      22.046,       8.855,       0.659,       6.297
 299000         ,      17.817,      10.182,       0.275,       8.512
 300000         ,      18.990,      11.927,       0.871,       7.527
 301000         ,      17.348,      10.653,       0.440,       8.735
 302000         ,      19.007,       8.826,       0.588,       7.251
 303000         ,      15.981,      11.575,       0.618,       9.291
 304000         ,      21.007,       8.148,       0.499,       6.803
 305000         ,      18.040,       9.763,       0.611,       8.001
 306000         ,      22.129,       7.759,       0.899,       5.268
 307000         ,      16.393,      11.010,       1.147,       7.850
 308000         ,      20.533,      11.731,       0.961,       7.841
 309000         ,      20.835,       9.444,       0.599,       6.599
 310000         ,      21.771,       7.757,       0.687,       5.366
 311000         ,      22.112,       8.370,       1.011,       6.558
 312000         ,      20.753,      10.881,       0.760,       7.764
 313000         ,      21.059,      10.709,       1.138,       6.625
 314000         ,      24.173,       8.461,       2.037,       5.779
 315000         ,      21.531,      10.685,       1.371,       6.496
 316000         ,      23.921,       8.796,       1.653,       6.571
 317000         ,      21.422,       9.589,       0.751,       6.919
 318000         ,      23.234,       7.131,       1.238,       4.753
 319000         ,      21.298,       9.299,       0.915,       6.312
 320000         ,      19.994,       8.154,       0.508,       6.009
 321000         ,      21.602,       8.859,       0.599,       6.710
 322000         ,      18.395,       9.630,       0.729,       6.901
 323000         ,      15.216,      12.027,       0.885,       8.866
 324000         ,      17.823,      12.297,       0.547,       9.571
 325000         ,      18.428,       8.346,       0.378,       7.025
 326000         ,      19.260,       9.179,       0.634,       7.645
 327000         ,      18.125,       9.094,       1.018,       6.950
 328000         ,      15.774,      11.059,       0.856,       8.091
 329000         ,      21.099,       8.686,       0.512,       6.573
 330000         ,      17.612,       7.831,       0.535,       6.811
 331000         ,      20.099,       8.435,       0.600,       6.268
 332000         ,      17.315,      11.203,       0.243,       9.104
 333000         ,      16.799,      11.243,       0.695,       8.303
 334000         ,      19.253,      10.403,       0.756,       7.701
 335000         ,      16.281,      11.495,       0.840,       8.010
 336000         ,      17.469,      11.041,       0.632,       7.910
 337000         ,      21.223,       7.666,       0.947,       5.229
 338000         ,      18.837,       9.527,       0.555,       7.420
 339000         ,      16.755,      11.117,       0.552,       8.476
 340000         ,      16.513,      10.724,       0.413,       8.862
 341000         ,      19.485,       8.501,       0.663,       6.772
 342000         ,      14.548,      10.849,       0.964,       8.421
 343000         ,      18.859,      10.819,       0.469,       8.694
 344000         ,      19.136,      11.260,       0.399,       8.866
 345000         ,      11.094,      12.209,       1.650,      11.347
 346000         ,      14.801,      10.843,       1.102,       8.822
 347000         ,      17.616,       8.331,       0.416,       7.481
 348000         ,      20.321,       8.801,       1.207,       6.186
 349000         ,      18.951,       8.796,       0.530,       7.136
 350000         ,      20.052,       8.524,       0.990,       5.775
 351000         ,      15.183,       9.430,       0.719,       8.321
 352000         ,      19.961,       8.979,       1.165,       7.513
 353000         ,      22.376,       7.933,       1.392,       4.910
 354000         ,      18.890,      10.972,       0.348,       8.740
 355000         ,      21.984,       6.676,       1.042,       5.206
 356000         ,      18.843,       8.933,       0.342,       7.479
 357000         ,      16.570,      12.319,       0.475,       9.713
 358000         ,      22.447,       9.330,       0.893,       6.166
 359000         ,      19.274,      10.728,       0.505,       7.726
 360000         ,      23.665,       8.857,       1.152,       5.882
 361000         ,      19.557,       9.335,       0.591,       6.662
 362000         ,      19.269,       9.856,       0.592,       7.751
 363000         ,      17.754,      10.892,       1.212,       7.235
 364000         ,      22.358,       9.700,       0.570,       6.891
 365000         ,      21.742,       7.829,       0.488,       5.841
 366000         ,      17.618,       9.744,       0.382,       8.536
 367000         ,      19.265,      10.404,       0.458,       7.749
 368000         ,      15.169,      10.977,       0.790,       8.178
 369000         ,      25.801,       8.325,       1.458,       6.006
 370000         ,      17.250,      10.232,       0.930,       7.909
 371000         ,      19.200,       9.637,       0.682,       7.563
 372000         ,      19.403,      10.532,       0.409,       8.730
 373000         ,      18.108,      10.566,       0.616,       7.760
 374000         ,      17.935,      10.127,       0.359,       7.942
 375000         ,      20.731,       9.403,       0.674,       6.824
 376000         ,      19.352,      10.198,       0.466,       8.464
 377000         ,      20.295,       7.448,       0.577,       6.215
 378000         ,      18.226,      10.839,       0.454,       8.220
 379000         ,      21.453,       8.616,       0.714,       7.117
 380000         ,      22.876,       8.508,       0.950,       5.647
 381000         ,      21.107,      10.332,       0.844,       6.713
 382000         ,      15.255,      11.910,       0.886,       9.701
 383000         ,      20.683,      10.214,       0.743,       7.173
 384000         ,      15.056,       9.304,       0.735,       7.898
 385000         ,      20.579,       9.356,       0.633,       7.293
 386000         ,      21.626,       8.243,       1.136,       6.717
 387000         ,      25.615,       9.082,       1.450,       5.489
 388000         ,      17.527,      10.855,       0.534,       8.213
 389000         ,      20.304,       9.120,       0.690,       6.289
 390000         ,      19.134,      11.137,       0.769,       7.774
 391000         ,      16.343,      10.363,       0.628,       8.296
 392000         ,      18.596,      11.034,       0.635,       8.306
 393000         ,      14.853,      10.982,       0.673,       8.766
 394000         ,      21.157,       9.379,       1.125,       7.091
 395000         ,      16.363,      11.944,       1.143,       8.393
 396000         ,      23.254,       7.981,       0.736,       5.706
 397000         ,      16.567,       9.702,       0.433,       7.896
 398000         ,      21.812,       8.350,       0.627,       6.676
 399000         ,      17.376,      11.546,       0.662,       8.619
 400000         ,      20.282,       8.652,       0.670,       6.901
 401000         ,      17.004,      11.073,       0.849,       7.806
 402000         ,      15.186,      12.498,       0.683,       9.545
 403000         ,      19.753,       8.483,       0.637,       6.120
 404000         ,      18.837,       8.772,       0.972,       5.969
 405000         ,      16.263,      10.438,       0.721,       8.347
 406000         ,      13.897,      13.197,       1.075,      10.478
 407000         ,      17.514,       9.414,       0.622,       6.872
 408000         ,      18.779,      10.457,       0.767,       6.832
 409000         ,      13.404,      11.710,       1.150,       9.462
 410000         ,      19.567,      10.249,       0.756,       6.481
 411000         ,      18.302,      10.581,       0.548,       8.145
 412000         ,      22.165,       7.927,       0.752,       5.250
 413000         ,      18.406,       9.967,       0.550,       7.130
 414000         ,      15.477,      11.569,       0.889,       8.628
 415000         ,      17.929,       9.922,       0.670,       7.499
 416000         ,      22.958,      10.120,       0.770,       7.543
 417000         ,      19.672,      11.119,       0.705,       8.739
 418000         ,      21.148,      10.270,       0.738,       7.907
 419000         ,      20.032,       9.369,       0.699,       6.469
 420000         ,      22.989,       8.678,       0.745,       6.528
 421000         ,      19.522,      11.615,       0.671,       8.562
 422000         ,      13.876,      11.582,       0.785,      10.121
 423000         ,      21.711,       9.039,       0.664,       7.375
 424000         ,      20.390,       9.807,       0.465,       6.788
 425000         ,      21.524,       7.800,       0.681,       6.546
 426000         ,      15.685,      12.063,       0.793,       9.433
 427000         ,      18.116,      10.976,       1.229,       7.442
 428000         ,      16.560,      10.433,       0.779,       7.524
 429000         ,      21.669,       9.831,       0.450,       6.601
 430000         ,      22.123,       8.058,       0.740,       5.322
 431000         ,      21.413,       8.661,       0.995,       5.437
 432000         ,      20.749,      10.603,       0.539,       8.377
 433000         ,      18.929,      10.525,       0.238,       8.423
 434000         ,      19.424,       8.952,       0.416,       6.940
 435000         ,      21.786,       9.831,       0.483,       7.138
 436000         ,      23.857,       6.866,       0.965,       5.124
 437000         ,      21.892,       7.888,       1.063,       5.480
 438000         ,      19.125,       9.295,       0.390,       7.633
 439000         ,      20.130,       9.982,       0.494,       7.693
 440000         ,      19.304,       8.691,       0.708,       6.324
 441000         ,      23.575,       9.577,       1.361,       5.385
 442000         ,      15.343,      11.453,       0.719,       8.892
 443000         ,      17.899,       9.178,       0.304,       7.552
 444000         ,      20.067,       9.641,       0.475,       7.090
 445000         ,      19.177,       7.772,       0.943,       6.258
 446000         ,      22.521,      10.985,       0.984,       6.905
 447000         ,      19.027,      10.664,       0.910,       7.663
 448000         ,      17.685,       8.863,       0.502,       7.791
 449000         ,      20.315,       9.484,       0.499,       7.531
 450000         ,      20.300,      10.151,       0.576,       7.833
 451000         ,      21.898,       8.660,       0.498,       5.938
 452000         ,      18.053,      11.417,       0.503,       8.863
 453000         ,      19.974,       9.812,       0.925,       6.506
 454000         ,      21.372,       8.094,       0.632,       6.369
 455000         ,      21.951,       7.585,       0.265,       6.044
 456000         ,      18.374,      10.180,       0.181,       7.870
 457000         ,      20.379,       8.587,       0.509,       6.368
 458000         ,      23.144,       8.736,       1.269,       6.454
 459000         ,      16.446,      10.704,       0.505,       8.285
 460000         ,      21.437,       9.816,       0.598,       7.066
 461000         ,      20.365,      11.892,       0.806,       8.561
 462000         ,      16.808,      11.180,       0.231,       9.345
 463000         ,      19.526,      10.628,       0.737,       8.278
 464000         ,      21.559,       8.824,       0.982,       6.417
 465000         ,      15.171,       9.685,       0.760,       8.305
 466000         ,      16.846,      10.700,       1.015,       7.290
 467000         ,      18.602,      10.471,       0.384,       7.699
 468000         ,      17.736,       9.425,       0.617,       7.700
 469000         ,      19.495,       8.731,       0.536,       7.088
 470000         ,      16.255,       9.949,       0.692,       8.244
 471000         ,      19.701,      10.111,       0.861,       7.366
 472000         ,      19.386,      10.466,       0.803,       7.090
 473000         ,      19.415,       8.185,       0.914,       5.722
 474000         ,      18.708,      11.679,       1.257,       7.141
 475000         ,      16.903,      10.406,       0.565,       7.584
 476000         ,      19.070,       9.004,       0.655,       6.084
 477000         ,      16.510,      11.143,       0.672,       8.558
 478000         ,      17.000,      10.972,       0.564,       8.637
 479000         ,      17.747,      10.161,       0.373,       8.310
 480000         ,      17.324,       9.489,       0.555,       7.550
 481000         ,      19.697,       9.006,       0.840,       6.057
 482000         ,      16.073,      11.165,       0.738,       8.193
 483000         ,      18.657,       9.620,       0.685,       6.516
 484000         ,      15.521,       9.369,       1.523,       7.397
 485000         ,      20.693,       9.043,       0.642,       6.920
 486000         ,      18.863,       9.082,       0.499,       7.310
 487000         ,      20.926,       9.362,       0.731,       6.724
 488000         ,      21.015,       9.076,       0.622,       6.742
 489000         ,      21.125,       8.356,       0.789,       5.923
 490000         ,      21.106,       9.118,       0.874,       5.650
 491000         ,      23.009,       9.389,       2.006,       6.415
 492000         ,      18.947,       8.862,       0.277,       6.847
 493000         ,      15.632,      11.742,       0.861,       9.063
 494000         ,      19.696,       8.640,       0.927,       5.855
 495000         ,      20.810,       8.161,       0.607,       6.061
 496000         ,      19.071,       8.689,       0.667,       6.339
 497000         ,      21.959,       8.824,       0.654,       6.233
 498000         ,      19.981,       9.056,       0.669,       6.225
 499000         ,      20.969,       9.293,       0.916,       6.259
 500000         ,      18.816,       8.887,       0.467,       7.225
 501000         ,      17.278,      12.121,       1.301,       7.915
 502000         ,      15.800,      10.281,       0.648,       7.859
 503000         ,      16.837,      11.249,       0.311,       8.830
 504000         ,      18.716,       9.449,       0.748,       6.374
 505000         ,      19.841,      11.655,       0.893,       7.465
 506000         ,      17.425,       8.956,       0.712,       7.727
 507000         ,      17.796,      10.894,       1.191,       7.542
 508000         ,      15.610,      10.065,       0.870,       7.384
 509000         ,      19.912,       9.425,       0.488,       6.649
 510000         ,      19.063,       9.567,       0.542,       7.384
 511000         ,      15.799,      11.681,       0.457,      10.102
 512000         ,      18.543,       8.817,       0.804,       6.811
 513000         ,      18.472,      10.405,       1.220,       6.113
 514000         ,      21.791,       6.876,       0.931,       4.893
 515000         ,      22.922,       8.724,       1.060,       5.309
 516000         ,      18.706,       7.894,       0.431,       6.401
 517000         ,      22.142,       8.780,       1.164,       5.475
 518000         ,      18.472,       9.676,       0.329,       7.339
 519000         ,      18.345,      10.471,       0.598,       7.536
 520000         ,      22.799,       7.413,       0.755,       5.117
 521000         ,      19.102,       8.176,       0.735,       5.588
 522000         ,      21.206,       8.962,       0.675,       6.007
 523000         ,      20.084,       8.594,       0.496,       6.050
 524000         ,      19.677,       9.173,       0.482,       7.051
 525000         ,      18.881,       9.310,       0.755,       6.941
 526000         ,      25.137,      10.138,       1.278,       7.637
 527000         ,      24.833,       9.207,       1.475,       5.627
 528000         ,      22.930,      10.586,       1.229,       6.758
 529000         ,      18.900,      10.900,       0.648,       8.071
 530000         ,      18.203,       8.780,       0.333,       7.187
 531000         ,      19.243,       9.844,       0.523,       6.780
 532000         ,      19.444,       9.575,       1.075,       6.535
 533000         ,      19.770,      10.056,       0.660,       7.391
 534000         ,      18.559,      11.519,       1.034,       8.022
 535000         ,      19.724,      10.869,       0.737,       7.474
 536000         ,      20.725,       9.603,       0.602,       7.421
 537000         ,      18.729,      10.365,       0.513,       8.037
 538000         ,      20.936,       9.065,       1.049,       6.819
 539000         ,      18.957,       9.262,       0.543,       6.634
 540000         ,      18.674,      10.552,       0.524,       8.358
 541000         ,      16.519,      10.410,       0.478,       8.795
 542000         ,      20.659,      10.317,       1.001,       6.786
 543000         ,      17.039,       9.763,       0.680,       7.289
 544000         ,      21.016,       8.627,       0.769,       6.003
 545000         ,      22.524,       8.515,       0.857,       5.369
 546000         ,      19.221,       8.887,       0.507,       6.528
 547000         ,      21.820,       8.149,       0.613,       6.097
 548000         ,      21.147,      10.097,       0.906,       7.528
 549000         ,      22.196,       7.627,       0.694,       5.726
 550000         ,      18.974,       9.382,       0.410,       7.769
 551000         ,      16.711,      11.018,       0.380,       8.941
 552000         ,      19.754,      10.320,       0.291,       8.333
 553000         ,      22.176,       9.204,       0.647,       6.574
 554000         ,      21.091,       8.465,       0.886,       6.283
 555000         ,      18.888,       8.396,       0.423,       6.962
 556000         ,      18.949,       8.685,       0.278,       6.575
 557000         ,      19.699,       9.456,       0.749,       6.495
 558000         ,      19.036,       9.214,       0.561,       7.440
 559000         ,      17.814,      10.938,       0.525,       8.148
 560000         ,      19.479,       7.717,       0.607,       6.033
 561000         ,      19.701,       8.760,       0.505,       6.383
 562000         ,      20.082,       9.631,       0.559,       8.069
 563000         ,      26.914,       6.921,       1.796,       4.953
 564000         ,      20.846,       8.423,       0.704,       5.976
 565000         ,      21.561,       9.360,       1.105,       5.806
 566000         ,      20.212,       9.129,       1.112,       6.969
 567000         ,      20.075,       9.388,       0.753,       6.746
 568000         ,      18.094,       9.185,       0.331,       7.836
 569000         ,      19.825,       8.633,       0.493,       6.959
 570000         ,      18.644,       9.473,       0.503,       7.369
 571000         ,      15.371,      10.582,       0.790,       8.574
 572000         ,      21.065,       7.536,       0.980,       5.393
 573000         ,      21.031,       8.762,       0.545,       6.689
 574000         ,      22.338,       9.069,       0.849,       5.942
 575000         ,      16.561,      10.692,       0.472,       9.015
 576000         ,      22.091,       8.689,       0.479,       6.729
 577000         ,      18.857,      10.595,       0.703,       7.992
 578000         ,      16.731,      11.669,       0.809,       8.410
 579000         ,      17.998,       8.776,       0.491,       6.722
 580000         ,      18.581,       9.869,       0.523,       7.738
 581000         ,      21.978,       8.881,       0.659,       6.161
 582000         ,      18.690,       8.751,       0.321,       7.089
 583000         ,      21.625,       9.864,       0.669,       7.475
 584000         ,      18.628,      10.745,       0.592,       8.319
 585000         ,      19.132,      10.191,       0.905,       7.330
 586000         ,      19.866,       9.364,       0.868,       6.788
 587000         ,      22.993,       8.441,       0.785,       5.575
 588000         ,      20.900,       9.763,       1.129,       7.092
 589000         ,      16.684,      10.286,       0.605,       7.802
 590000         ,      15.503,      10.561,       1.026,       7.446
 591000         ,      19.348,       7.956,       0.659,       6.147
 592000         ,      19.639,       9.266,       0.906,       6.609
 593000         ,      21.728,       9.280,       0.850,       5.801
 594000         ,      19.667,       9.826,       0.861,       6.358
 595000         ,      20.132,       9.088,       0.691,       6.837
 596000         ,      16.778,      11.449,       0.696,       8.635
 597000         ,      19.133,      10.129,       0.599,       7.067
 598000         ,      17.914,       9.495,       0.780,       7.273
 599000         ,      19.899,       9.875,       0.807,       7.225
 600000         ,      20.682,      11.652,       1.287,       6.938
 601000         ,      19.148,       8.713,       0.843,       5.942
 602000         ,      18.382,       9.231,       0.415,       7.106
 603000         ,      18.581,       7.818,       0.781,       5.975
 604000         ,      17.883,      10.224,       0.493,       8.289
 605000         ,      17.591,      10.748,       0.337,       8.602
 606000         ,      22.189,       8.141,       0.846,       5.382
 607000         ,      19.760,      11.319,       0.549,       8.308
 608000         ,      22.767,       7.949,       0.784,       5.790
 609000         ,      17.687,      11.918,       1.114,       7.842
 610000         ,      22.198,       7.758,       0.960,       5.422
 611000         ,      17.514,      10.198,       0.624,       8.356
 612000         ,      18.927,      10.989,       0.446,       7.984
 613000         ,      19.245,       9.284,       0.462,       7.100
 614000         ,      20.118,      10.132,       0.968,       6.040
 615000         ,      20.398,       9.944,       0.944,       6.353
 616000         ,      19.951,       7.676,       0.388,       5.616
 617000         ,      16.741,      11.490,       0.876,       9.663
 618000         ,      20.652,       8.920,       0.481,       6.781
 619000         ,      16.617,       9.198,       0.366,       8.332
 620000         ,      20.856,      10.709,       0.550,       7.542
 621000         ,      19.558,       8.542,       0.632,       6.414
 622000         ,      16.416,      10.304,       0.736,       7.685
 623000         ,      18.038,      12.159,       1.340,       9.157
 624000         ,      18.987,       9.227,       0.385,       7.486
 625000         ,      20.264,      10.481,       0.690,       7.432
 626000         ,      18.651,       9.765,       0.550,       7.011
 627000         ,      16.004,       9.959,       1.019,       7.541
 628000         ,      19.394,      10.661,       0.778,       7.307
 629000         ,      19.273,      11.441,       0.798,       9.068
 630000         ,      17.165,      10.783,       0.478,       8.127
 631000         ,      19.767,      10.482,       0.660,       8.043
 632000         ,      16.462,      10.797,       0.350,       8.977
 633000         ,      15.017,      12.090,       1.122,       8.630
 634000         ,      11.708,      15.072,       1.699,      12.481
 635000         ,      19.064,      10.258,       0.250,       7.733
 636000         ,      17.916,       9.193,       0.501,       7.637
 637000         ,      18.087,      11.761,       0.561,       8.629
 638000         ,      20.442,      10.024,       0.893,       6.782
 639000         ,      21.790,      12.384,       1.434,       7.912
 640000         ,      19.595,       9.317,       0.885,       6.809
 641000         ,      19.678,       9.808,       0.537,       7.594
 642000         ,      16.040,      10.559,       0.614,       8.364
 643000         ,      20.931,      10.171,       0.923,       6.167
 644000         ,      17.528,      11.075,       0.744,       8.030
 645000         ,      24.295,       8.496,       1.557,       4.584
 646000         ,      18.547,       9.564,       0.804,       6.563
 647000         ,      17.021,      10.948,       0.794,       9.389
 648000         ,      17.084,      12.381,       0.613,       9.466
 649000         ,      19.761,       9.787,       0.484,       7.048
 650000         ,      14.894,      11.546,       0.892,       8.521
 651000         ,      16.242,      11.116,       0.768,       8.419
 652000         ,      20.456,      10.656,       0.677,       6.879
 653000         ,      20.391,       8.857,       0.236,       6.883
 654000         ,      19.825,      10.555,       1.036,       6.525
 655000         ,      23.828,       8.164,       0.881,       6.018
 656000         ,      15.609,      11.232,       0.724,       8.788
 657000         ,      22.810,       6.991,       1.345,       5.148
 658000         ,      19.279,       9.129,       0.746,       6.727
 659000         ,      17.283,      11.369,       0.590,       8.968
 660000         ,      12.093,      13.324,       1.403,      11.262
 661000         ,      17.868,      11.866,       0.951,       8.236
 662000         ,      19.274,      10.989,       0.456,       8.468
 663000         ,      17.425,      11.663,       0.782,       8.085
 664000         ,      21.498,      10.293,       1.186,       5.752
 665000         ,      19.744,       9.866,       0.733,       6.260
 666000         ,      23.384,       9.987,       0.844,       7.660
 667000         ,      25.757,       7.683,       1.910,       4.546
 668000         ,      18.226,      10.596,       0.164,       8.213
 669000         ,      18.867,       9.719,       0.635,       6.904
 670000         ,      21.844,       9.842,       0.680,       6.855
 671000         ,      20.984,       8.642,       0.497,       6.466
 672000         ,      15.008,      13.006,       0.757,      10.185
 673000         ,      22.637,       8.762,       1.067,       5.575
 674000         ,      22.395,       8.525,       0.883,       6.239
 675000         ,      19.854,      11.504,       0.617,       7.856
 676000         ,      18.241,       9.659,       0.359,       8.077
 677000         ,      21.581,      10.410,       0.552,       7.340
 678000         ,      17.189,       9.826,       0.360,       7.928
 679000         ,      19.299,       8.786,       0.635,       5.970
 680000         ,      18.096,      11.166,       0.615,       7.955
 681000         ,      15.455,      11.227,       0.877,       8.164
 682000         ,      20.114,       9.534,       0.443,       6.874
 683000         ,      20.660,      10.017,       1.118,       6.654
 684000         ,      18.478,      10.194,       0.516,       7.660
 685000         ,      24.246,       9.125,       1.645,       5.460
 686000         ,      19.806,       9.547,       0.386,       7.166
 687000         ,      19.484,      10.044,       0.381,       7.724
 688000         ,      19.040,       9.953,       0.623,       6.908
 689000         ,      20.185,       8.790,       0.715,       6.082
 690000         ,      17.904,      11.640,       0.571,       8.649
 691000         ,      15.541,      11.318,       0.530,       9.080
 692000         ,      19.377,       9.044,       0.484,       6.399
 693000         ,      17.611,      11.670,       1.175,       7.548
 694000         ,      21.666,       8.494,       0.668,       6.477
 695000         ,      17.450,      10.140,       0.465,       7.507
 696000         ,      18.858,      10.419,       0.330,       8.133
 697000         ,      20.898,       9.570,       0.802,       6.789
 698000         ,      19.455,       9.116,       0.189,       7.692
 699000         ,      20.726,       9.274,       0.589,       6.078
 700000         ,      21.378,       8.828,       0.632,       7.043
 701000         ,      19.743,       9.958,       1.203,       6.370
 702000         ,      21.676,       8.069,       1.033,       4.594
 703000         ,      22.643,       8.704,       1.014,       6.213
 704000         ,      19.198,       9.114,       0.942,       7.701
 705000         ,      19.595,       9.142,       0.868,       5.654
 706000         ,      18.358,      11.788,       1.068,       7.766
 707000         ,      18.480,      11.040,       0.655,       7.485
 708000         ,      19.642,       9.403,       0.756,       6.051
 709000         ,      18.966,      10.084,       0.468,       8.122
 710000         ,      16.049,      10.397,       0.838,       8.184
 711000         ,      19.940,       9.590,       0.676,       6.867
 712000         ,      20.035,       8.334,       1.016,       6.104
 713000         ,      21.189,       9.308,       0.704,       6.704
 714000         ,      18.250,      10.198,       0.274,       7.934
 715000         ,      21.506,      10.617,       0.798,       6.774
 716000         ,      17.564,       9.377,       0.513,       7.922
 717000         ,      20.999,       8.664,       0.413,       6.485
 718000         ,      21.882,      11.072,       1.202,       6.838
 719000         ,      21.320,       8.655,       1.201,       6.468
 720000         ,      18.857,       9.162,       0.527,       6.785
 721000         ,      21.264,       8.470,       0.526,       6.370
 722000         ,      20.943,       9.185,       0.504,       6.493
 723000         ,      19.778,       9.590,       1.139,       6.388
 724000         ,      12.198,      11.995,       1.303,      10.428
 725000         ,      22.200,       8.432,       0.839,       6.418
 726000         ,      22.182,       9.143,       1.019,       5.836
 727000         ,      17.299,      10.420,       0.747,       7.493
 728000         ,      20.863,       9.795,       0.729,       7.790
 729000         ,      23.046,       8.602,       0.853,       6.003
 730000         ,      19.088,       9.641,       0.494,       7.882
 731000         ,      19.357,      10.629,       0.538,       7.595
 732000         ,      18.921,       9.072,       0.662,       6.534
 733000         ,      18.494,       9.252,       0.659,       6.458
 734000         ,      24.858,       6.971,       1.554,       4.719
 735000         ,      19.725,       8.762,       0.578,       7.113
 736000         ,      20.776,       8.484,       0.806,       5.423
 737000         ,      13.793,      11.357,       0.956,       9.666
 738000         ,      20.995,       9.234,       0.422,       7.122
 739000         ,      19.905,      10.206,       1.116,       7.917
 740000         ,      21.237,       8.495,       0.465,       6.572
 741000         ,      18.816,       9.738,       0.460,       7.428
 742000         ,      19.086,       9.877,       0.724,       7.114
 743000         ,      17.873,      10.536,       0.392,       7.788
 744000         ,      22.460,       8.662,       0.693,       6.218
 745000         ,      18.518,      10.700,       0.346,       8.675
 746000         ,      16.288,      11.966,       0.830,       8.631
 747000         ,      23.516,       9.158,       0.922,       5.518
 748000         ,      16.828,      10.788,       0.503,       7.873
 749000         ,      18.435,       9.717,       0.383,       7.508
 750000         ,      16.871,      10.537,       0.329,       9.012
 751000         ,      23.176,       9.816,       0.717,       6.902
 752000         ,      20.884,       8.823,       0.629,       6.370
 753000         ,      20.673,       8.327,       1.019,       6.174
 754000         ,      17.879,      10.161,       0.458,       7.495
 755000         ,      17.664,       9.581,       0.343,       8.266
 756000         ,      16.244,      11.461,       0.503,       9.119
 757000         ,      20.982,       7.799,       0.520,       6.010
 758000         ,      22.599,       7.792,       1.219,       5.654
 759000         ,      20.111,       8.838,       0.644,       6.021
 760000         ,      18.314,      11.254,       0.509,       8.759
 761000         ,      21.841,       9.789,       1.035,       6.542
 762000         ,      18.099,       7.525,       0.399,       6.674
 763000         ,      18.667,       8.598,       0.935,       5.639
 764000         ,      14.490,      12.225,       0.719,      10.278
 765000         ,      18.924,      11.245,       0.707,       8.913
 766000         ,      22.284,      10.064,       0.770,       7.354
 767000         ,      15.790,       9.948,       0.574,       8.221
 768000         ,      16.642,      10.009,       0.505,       7.890
 769000         ,      17.244,       8.568,       0.686,       7.806
 770000         ,      22.469,       8.600,       0.752,       6.610
 771000         ,      14.686,      10.901,       0.573,       9.479
 772000         ,      19.042,       8.510,       0.477,       7.241
 773000         ,      15.381,      10.259,       0.673,       8.664
 774000         ,      22.475,      10.352,       0.975,       8.028
 775000         ,      16.698,      10.705,       0.606,       8.095
 776000         ,      19.817,      10.650,       0.741,       7.312
 777000         ,      19.257,      10.845,       0.667,       7.883
 778000         ,      20.752,      10.609,       0.544,       7.684
 779000         ,      20.205,       8.584,       0.664,       6.727
 780000         ,      14.446,      10.818,       1.549,       7.637
 781000         ,      15.892,      11.101,       0.524,       8.380
 782000         ,      19.921,      10.423,       0.432,       7.779
 783000         ,      20.712,       7.398,       0.848,       4.945
 784000         ,      21.017,       9.606,       0.610,       6.621
 785000         ,      16.172,      11.930,       0.774,       9.623
 786000         ,      16.219,       9.928,       0.478,       8.209
 787000         ,      17.276,      10.452,       0.539,       7.650
 788000         ,      19.974,       8.987,       0.634,       6.737
 789000         ,      26.490,       7.998,       1.987,       5.402
 790000         ,      17.076,      10.080,       0.685,       7.273
 791000         ,      19.941,       9.832,       0.621,       7.016
 792000         ,      18.679,       9.783,       0.396,       7.250
 793000         ,      22.615,       8.891,       0.893,       6.290
 794000         ,      20.748,       8.760,       0.900,       6.207
 795000         ,      17.901,       9.007,       0.409,       6.991
 796000         ,      20.480,      10.179,       0.458,       7.852
 797000         ,      22.598,       9.458,       0.712,       6.941
 798000         ,      17.194,       9.641,       0.492,       7.721
 799000         ,      17.519,      10.332,       0.481,       8.042
 800000         ,      19.455,       7.982,       0.517,       6.625
 801000         ,      19.514,       8.678,       0.768,       6.652
 802000         ,      15.553,       9.782,       0.683,       8.090
 803000         ,      19.508,       8.728,       0.535,       6.805
 804000         ,      14.754,      13.222,       1.019,      10.428
 805000         ,      16.759,      10.398,       0.523,       8.040
 806000         ,      18.716,      10.313,       0.537,       7.900
 807000         ,      22.913,       8.343,       0.958,       5.983
 808000         ,      20.961,       8.263,       0.862,       6.234
 809000         ,      16.102,      10.173,       0.906,       8.587
 810000         ,      17.794,      10.366,       0.256,       8.365
 811000         ,      17.252,       9.120,       0.651,       7.327
 812000         ,      18.051,       8.693,       0.457,       7.267
 813000         ,      17.014,      11.178,       0.603,       8.684
 814000         ,      24.611,       6.792,       1.518,       5.373
 815000         ,      20.382,       8.444,       0.157,       6.764
 816000         ,      19.796,       8.294,       0.713,       5.696
 817000         ,      21.116,       9.348,       0.639,       6.642
 818000         ,      21.210,       8.581,       1.429,       5.183
 819000         ,      19.202,       7.919,       0.797,       6.212
 820000         ,      17.517,      11.944,       0.705,       8.476
 821000         ,      18.458,       8.898,       0.363,       7.422
 822000         ,      20.275,       9.768,       0.594,       7.268
 823000         ,      17.173,      10.783,       0.347,       8.291
 824000         ,      16.973,      10.130,       1.023,       7.222
 825000         ,      19.228,       8.884,       1.043,       5.569
 826000         ,      17.726,      10.198,       0.538,       7.509
 827000         ,      16.751,      10.215,       0.568,       8.217
 828000         ,      18.783,       9.128,       0.557,       6.616
 829000         ,      14.918,      11.234,       0.866,       8.966
 830000         ,      20.387,       9.074,       0.715,       6.327
 831000         ,      18.119,      10.273,       0.465,       7.888
 832000         ,      18.106,      11.393,       0.758,       8.041
 833000         ,      18.111,       9.282,       0.766,       6.776
 834000         ,      17.645,       9.757,       0.222,       8.232
 835000         ,      21.960,       8.376,       0.767,       5.304
 836000         ,      18.563,       9.017,       0.742,       7.514
 837000         ,      20.567,       9.785,       0.567,       6.763
 838000         ,      21.658,      10.921,       2.014,       7.001
 839000         ,      18.419,      11.044,       0.770,       8.366
 840000         ,      22.533,       8.028,       1.095,       6.029
 841000         ,      18.050,      10.606,       0.496,       7.657
 842000         ,      17.838,      10.404,       0.480,       7.763
 843000         ,      19.561,      10.180,       0.811,       6.974
 844000         ,      19.543,       8.430,       0.571,       6.391
 845000         ,      16.940,      10.292,       0.575,       7.965
 846000         ,      19.812,      11.084,       0.869,       7.581
 847000         ,      17.724,       8.970,       0.312,       7.032
 848000         ,      19.763,       9.042,       0.540,       6.783
 849000         ,      19.367,      10.286,       0.751,       6.597
 850000         ,      19.872,       8.034,       0.530,       6.214
 851000         ,      21.678,       9.054,       1.113,       6.180
 852000         ,      17.782,       9.276,       0.468,       7.196
 853000         ,      20.585,       9.082,       0.712,       7.566
 854000         ,      20.686,       8.121,       0.972,       5.789
 855000         ,      17.417,      11.295,       0.733,       7.738
 856000         ,      20.490,       9.287,       1.068,       6.227
 857000         ,      21.025,       7.839,       0.651,       5.900
 858000         ,      22.381,       8.836,       0.563,       6.935
 859000         ,      19.369,       9.574,       0.756,       6.829
 860000         ,      20.474,       8.978,       0.617,       6.161
 861000         ,      19.789,      10.575,       0.651,       7.890
 862000         ,      17.738,       9.670,       1.028,       6.342
 863000         ,      19.998,       9.460,       0.444,       6.793
 864000         ,      18.280,       9.376,       0.400,       7.385
 865000         ,      14.572,      12.348,       1.004,       9.582
 866000         ,      23.648,       9.435,       1.028,       6.130
 867000         ,      15.509,      10.098,       0.511,       8.949
 868000         ,      18.349,      12.230,       0.991,       8.700
 869000         ,      20.842,       9.697,       0.756,       7.436
 870000         ,      18.699,       8.613,       0.539,       6.382
 871000         ,      21.598,       8.910,       0.436,       6.861
 872000         ,      17.638,       8.298,       0.453,       7.621
 873000         ,      18.114,      10.391,       0.716,       7.512
 874000         ,      18.596,       9.219,       0.998,       6.877
 875000         ,      16.981,       8.330,       0.417,       7.601
 876000         ,      22.581,      10.556,       0.974,       7.483
 877000         ,      20.623,       7.926,       0.676,       6.386
 878000         ,      18.095,      12.047,       0.698,       8.700
 879000         ,      22.188,      10.594,       1.391,       6.589
 880000         ,      23.939,       8.307,       0.956,       5.841
 881000         ,      20.384,      10.750,       1.004,       7.547
 882000         ,      24.434,       8.077,       1.531,       4.790
 883000         ,      22.575,       9.280,       0.849,       6.582
 884000         ,      18.803,      10.746,       1.156,       7.614
 885000         ,      20.981,       9.133,       0.463,       6.793
 886000         ,      21.429,      10.277,       0.703,       6.757
 887000         ,      21.349,       8.586,       1.135,       6.095
 888000         ,      20.255,       9.692,       0.314,       7.831
 889000         ,      22.660,       9.177,       1.320,       5.716
 890000         ,      24.488,       8.109,       1.745,       4.311
 891000         ,      21.321,       7.751,       0.943,       4.928
 892000         ,      17.969,      11.869,       0.607,       8.540
 893000         ,      22.600,       7.078,       1.088,       5.221
 894000         ,      19.355,       8.531,       0.733,       5.919
 895000         ,      22.803,       7.489,       1.263,       4.553
 896000         ,      21.720,       6.569,       0.704,       5.364
 897000         ,      16.951,      10.858,       0.627,       8.202
 898000         ,      18.366,       9.519,       0.638,       7.234
 899000         ,      21.870,       8.759,       1.059,       5.389
 900000         ,      19.903,       8.213,       0.888,       5.690
 901000         ,      17.516,       9.872,       0.265,       8.360
 902000         ,      15.519,      10.450,       0.982,       8.180
 903000         ,      19.346,       9.343,       0.768,       6.918
 904000         ,      19.289,      10.703,       0.718,       7.857
 905000         ,      20.457,       9.233,       0.512,       6.650
 906000         ,      18.308,       9.128,       0.600,       8.048
 907000         ,      19.891,      10.343,       0.638,       8.219
 908000         ,      20.032,       9.348,       0.917,       6.337
 909000         ,      18.990,      10.593,       0.765,       7.662
 910000         ,      19.888,       8.363,       0.721,       5.798
 911000         ,      19.319,      11.824,       1.266,       7.818
 912000         ,      19.108,      10.062,       0.205,       7.962
 913000         ,      21.633,       7.680,       0.630,       6.019
 914000         ,      21.006,       8.935,       0.760,       6.121
 915000         ,      18.777,       9.679,       0.643,       6.974
 916000         ,      19.022,      10.988,       0.982,       8.964
 917000         ,      20.771,       8.553,       0.464,       6.211
 918000         ,      20.191,       8.460,       0.519,       6.953
 919000         ,      20.131,       7.212,       0.863,       5.497
 920000         ,      15.708,      11.734,       0.524,       9.786
 921000         ,      16.547,      11.412,       0.413,       9.631
 922000         ,      16.836,      10.635,       0.223,       8.663
 923000         ,      19.454,       8.971,       0.716,       6.494
 924000         ,      20.031,       9.587,       0.429,       6.979
 925000         ,      21.427,       7.864,       0.727,       5.916
 926000         ,      20.435,       8.105,       0.643,       6.513
 927000         ,      18.588,      12.637,       0.920,       8.934
 928000         ,      19.305,      10.965,       0.474,       8.266
 929000         ,      16.136,      10.544,       0.599,       8.649
 930000         ,      18.039,       8.593,       0.934,       6.248
 931000         ,      17.839,       8.984,       0.478,       7.116
 932000         ,      20.440,       8.638,       0.732,       6.305
 933000         ,      19.181,       9.909,       0.662,       8.031
 934000         ,      18.758,       9.795,       0.616,       7.236
 935000         ,      19.251,      10.459,       0.649,       7.087
 936000         ,      16.715,      11.484,       0.636,       8.588
 937000         ,      20.448,       9.863,       0.446,       6.935
 938000         ,      16.416,      10.631,       0.476,       8.017
 939000         ,      15.804,      11.455,       0.776,       8.591
 940000         ,      19.194,       8.999,       0.527,       6.447
 941000         ,      21.104,       7.908,       0.728,       5.859
 942000         ,      20.074,       9.229,       0.758,       6.374
 943000         ,      18.924,       8.751,       0.662,       5.681
 944000         ,      16.290,      10.776,       0.863,       8.270
 945000         ,      19.820,       8.685,       0.907,       5.748
 946000         ,      17.729,       9.144,       0.633,       6.659
 947000         ,      19.173,      10.499,       0.536,       7.800
 948000         ,      17.292,      11.440,       0.598,       8.365
 949000         ,      14.220,      11.436,       0.820,       9.081
 950000         ,      21.647,       7.985,       0.854,       5.211
 951000         ,      21.073,      10.119,       0.698,       7.735
 952000         ,      19.206,       9.086,       0.707,       6.864
 953000         ,      22.030,       8.709,       1.069,       5.660
 954000         ,      21.846,       9.307,       0.948,       6.771
 955000         ,      22.065,       9.432,       1.009,       6.176
 956000         ,      17.830,      10.694,       0.819,       7.735
 957000         ,      19.745,       8.765,       0.726,       6.613
 958000         ,      15.494,      10.334,       0.495,       8.448
 959000         ,      18.188,      10.938,       0.975,       6.979
 960000         ,      16.587,       9.908,       0.432,       8.089
 961000         ,      23.831,       8.255,       1.201,       4.865
 962000         ,      21.855,       7.655,       0.880,       5.692
 963000         ,      21.036,       9.954,       1.388,       5.620
 964000         ,      19.459,       8.736,       0.434,       6.326
 965000         ,      17.882,       9.244,       0.369,       7.939
 966000         ,      17.804,       9.602,       0.703,       7.046
 967000         ,      20.328,       8.600,       0.684,       7.132
 968000         ,      16.394,      10.971,       0.501,       8.511
 969000         ,      16.299,      10.648,       0.456,       8.481
 970000         ,      22.901,       8.528,       0.638,       5.760
 971000         ,      18.798,       8.956,       0.295,       7.560
 972000         ,      20.133,       9.454,       0.592,       6.786
 973000         ,      21.450,       8.404,       0.975,       5.497
 974000         ,      18.137,       8.685,       0.364,       7.007
 975000         ,      19.170,       9.971,       0.398,       7.515
 976000         ,      19.865,       9.323,       0.266,       7.105
 977000         ,      20.655,       8.701,       0.310,       6.555
 978000         ,      21.996,      10.399,       0.971,       8.069
 979000         ,      23.031,       8.922,       1.313,       6.265
 980000         ,      21.600,      11.618,       0.816,       8.288
 981000         ,      17.347,      10.945,       0.770,       8.275
 982000         ,      14.564,      12.408,       0.769,      10.616
 983000         ,      18.250,      10.261,       0.482,       8.180
 984000         ,      19.051,      10.185,       0.728,       6.994
 985000         ,      16.598,       9.826,       0.482,       8.285
 986000         ,      20.068,       8.976,       0.556,       7.492
 987000         ,      20.599,       7.517,       0.701,       5.369
 988000         ,      19.106,       9.668,       0.672,       7.878
 989000         ,      18.187,       9.703,       0.621,       7.084
 990000         ,      19.062,       9.371,       0.363,       7.085
 991000         ,      22.384,       7.347,       0.846,       5.269
 992000         ,      21.463,       8.248,       0.556,       5.953
 993000         ,      19.642,      10.314,       0.387,       8.319
 994000         ,      16.330,       9.798,       0.650,       7.436
 995000         ,      20.314,       9.469,       0.578,       6.990
 996000         ,      17.083,       9.761,       0.787,       8.039
 997000         ,      22.144,       7.946,       0.919,       4.815
 998000         ,      18.538,       8.466,       0.509,       7.126
 999000         ,      21.072,       7.643,       0.573,       6.210
 1000000        ,      19.784,       9.643,       0.404,       7.420
