--------------------------------------------------------------------------------
S H A P E   v2.1         Continuous Shape Measures calculation
(c) 2013  Electronic Structure Group, Universitat de Barcelona
                   Contact:  llunell@ub.edu                   
--------------------------------------------------------------------------------

coordination ZF1 

SP-4            1 D4h   Square                                             
T-4             2 Td    Tetrahedron                                        
SS-4            3 C2v   Seesaw                                             
vTBPY-4         4 C3v   Vacant trigonal bipyramid                          

Structure [ML4 ]         SP-4          T-4         SS-4      vTBPY-4
 0              ,      20.656,       8.565,       1.328,       5.976
 500            ,      20.413,      10.751,       0.595,       7.569
 1000           ,      18.853,       9.167,       0.283,       7.847
 1500           ,      21.822,       7.361,       0.562,       5.635
 2000           ,      16.661,      10.294,       0.687,       7.965
 2500           ,      21.136,       8.822,       0.775,       6.483
 3000           ,      17.246,      11.137,       0.340,       8.663
 3500           ,      18.925,      11.977,       0.797,       8.481
 4000           ,      19.156,       8.954,       0.467,       6.740
 4500           ,      19.103,       9.782,       0.557,       7.902
 5000           ,      19.889,       7.637,       0.400,       6.711
 5500           ,      20.652,       7.526,       0.862,       5.747
 6000           ,      21.405,       8.752,       0.841,       5.938
 6500           ,      19.306,       9.556,       0.621,       6.854
 7000           ,      20.692,       9.175,       0.992,       6.166
 7500           ,      18.823,       9.444,       0.583,       6.510
 8000           ,      20.918,       7.605,       0.605,       5.852
 8500           ,      19.565,      10.900,       0.548,       8.313
 9000           ,      24.013,       9.874,       1.058,       6.542
 9500           ,      19.341,       9.996,       0.949,       6.359
 10000          ,      18.876,      11.949,       0.841,       9.004
 10500          ,      18.199,      11.315,       1.112,       7.354
 11000          ,      16.780,       9.608,       0.617,       7.578
 11500          ,      18.625,       8.047,       0.694,       6.572
 12000          ,      19.762,       8.651,       0.684,       5.877
 12500          ,      19.738,       9.105,       0.609,       6.782
 13000          ,      21.906,       9.979,       1.018,       6.348
 13500          ,      16.937,      11.298,       0.480,       8.988
 14000          ,      20.105,      11.462,       0.989,       7.098
 14500          ,      20.323,       9.037,       0.275,       6.913
 15000          ,      18.202,       9.565,       0.366,       7.958
 15500          ,      16.986,      11.806,       1.411,       8.292
 16000          ,      22.090,       9.084,       0.378,       6.572
 16500          ,      21.833,       9.016,       1.010,       6.322
 17000          ,      19.403,      10.533,       0.828,       8.122
 17500          ,      17.292,      10.626,       0.746,       8.774
 18000          ,      17.102,      12.978,       0.953,      10.042
 18500          ,      18.753,      10.419,       0.373,       7.647
 19000          ,      17.768,      11.172,       0.591,       7.792
 19500          ,      17.777,      11.511,       0.703,       8.268
 20000          ,      19.292,      10.443,       0.441,       8.329
 20500          ,      21.793,       8.884,       0.752,       6.546
 21000          ,      21.372,       8.828,       0.739,       6.259
 21500          ,      18.764,       9.853,       0.288,       7.473
 22000          ,      20.652,      10.187,       0.750,       6.478
 22500          ,      16.110,      12.950,       0.668,      10.912
 23000          ,      21.534,      10.109,       1.357,       5.718
 23500          ,      21.849,       9.055,       1.390,       5.939
 24000          ,      19.341,      10.125,       0.564,       8.339
 24500          ,      15.647,      13.648,       0.741,      11.110
 25000          ,      15.607,      14.885,       1.175,      11.037
 25500          ,      17.294,      12.404,       0.726,       9.458
 26000          ,      20.849,      10.157,       0.538,       8.098
 26500          ,      17.632,       9.148,       0.842,       6.864
 27000          ,      17.989,      10.314,       0.492,       8.822
 27500          ,      17.959,       8.789,       0.723,       6.723
 28000          ,      21.529,       9.977,       0.520,       7.488
 28500          ,      19.413,      10.561,       0.487,       8.684
 29000          ,      20.719,       9.974,       1.056,       6.972
 29500          ,      16.176,      10.604,       0.659,       8.942
 30000          ,      20.045,       9.398,       0.774,       5.958
 30500          ,      24.488,       7.398,       2.626,       4.393
 31000          ,      19.644,      10.995,       0.420,       8.351
 31500          ,      19.096,       9.515,       0.398,       7.145
 32000          ,      19.034,      10.135,       0.407,       7.723
 32500          ,      18.329,      10.898,       0.889,       7.614
 33000          ,      16.645,      11.516,       0.856,       8.910
 33500          ,      18.716,      10.964,       0.625,       8.384
 34000          ,      18.949,       9.807,       0.269,       7.220
 34500          ,      19.652,       9.911,       0.681,       7.740
 35000          ,      21.804,      10.642,       0.803,       7.115
 35500          ,      19.189,       9.349,       0.258,       7.526
 36000          ,      21.025,       9.778,       0.496,       7.463
 36500          ,      20.194,       8.433,       0.614,       6.807
 37000          ,      19.979,       8.368,       1.055,       5.460
 37500          ,      17.514,      12.103,       0.499,       9.573
 38000          ,      20.819,       9.586,       0.350,       7.803
 38500          ,      21.106,       8.634,       0.361,       6.380
 39000          ,      22.577,       6.542,       1.337,       4.522
 39500          ,      18.997,      11.138,       0.368,       8.578
 40000          ,      19.349,      11.397,       0.863,       8.327
 40500          ,      20.820,       9.046,       0.454,       6.443
 41000          ,      18.146,      10.444,       0.269,       8.203
 41500          ,      21.111,       8.938,       0.550,       6.095
 42000          ,      20.394,      10.684,       0.631,       8.138
 42500          ,      15.746,      11.642,       0.591,      10.013
 43000          ,      18.740,       8.820,       0.523,       6.899
 43500          ,      18.847,      10.759,       0.636,       7.851
 44000          ,      19.892,       8.981,       0.539,       6.669
 44500          ,      18.230,       9.767,       0.507,       7.636
 45000          ,      22.843,       8.430,       1.145,       5.181
 45500          ,      18.511,      11.183,       0.845,       8.811
 46000          ,      20.581,       8.464,       0.945,       5.168
 46500          ,      22.105,       9.226,       1.273,       5.631
 47000          ,      15.279,      10.817,       0.945,       7.750
 47500          ,      22.026,       9.522,       1.059,       5.792
 48000          ,      19.160,       9.667,       1.351,       6.219
 48500          ,      16.616,      10.088,       0.344,       8.738
 49000          ,      19.565,      11.487,       0.985,       7.226
 49500          ,      18.076,      12.675,       0.599,       8.990
 50000          ,      21.921,      11.150,       1.227,       6.547
 50500          ,      15.022,       9.505,       1.199,       8.440
 51000          ,      17.015,       9.905,       0.893,       7.475
 51500          ,      19.972,       9.100,       0.542,       6.897
 52000          ,      15.447,      12.223,       0.995,       8.932
 52500          ,      22.071,       8.239,       1.095,       5.149
 53000          ,      21.468,       9.954,       0.801,       6.743
 53500          ,      18.053,      10.862,       0.253,       8.377
 54000          ,      14.936,      12.146,       0.845,      10.351
 54500          ,      16.302,      10.733,       0.853,       7.459
 55000          ,      19.496,       9.187,       0.410,       6.287
 55500          ,      17.947,      12.021,       0.906,       7.767
 56000          ,      17.065,       9.911,       0.738,       7.142
 56500          ,      19.861,       9.226,       0.851,       5.547
 57000          ,      22.617,       9.590,       1.633,       5.519
 57500          ,      21.286,       9.538,       0.590,       6.250
 58000          ,      17.281,      11.427,       0.866,       8.143
 58500          ,      19.848,      11.015,       0.655,       7.198
 59000          ,      23.060,       8.891,       0.753,       5.956
 59500          ,      18.477,       9.911,       0.615,       7.439
 60000          ,      18.164,      11.243,       0.668,       7.881
 60500          ,      20.112,      10.721,       0.883,       6.533
 61000          ,      19.547,      10.312,       0.339,       7.903
 61500          ,      22.076,       9.350,       0.748,       6.651
 62000          ,      19.354,       9.134,       0.589,       6.734
 62500          ,      21.578,      11.872,       1.203,       7.494
 63000          ,      21.706,       8.666,       0.377,       6.615
 63500          ,      19.548,      10.333,       0.533,       7.152
 64000          ,      20.068,       8.141,       0.224,       6.326
 64500          ,      22.117,       9.705,       1.261,       5.506
 65000          ,      16.011,      10.440,       1.332,       7.026
 65500          ,      20.646,       9.127,       0.532,       6.393
 66000          ,      15.197,      15.992,       1.483,      12.042
 66500          ,      19.655,       9.913,       0.997,       6.342
 67000          ,      19.134,      11.124,       1.380,       7.553
 67500          ,      17.365,      11.560,       0.803,       9.035
 68000          ,      22.105,       9.235,       1.147,       6.707
 68500          ,      19.645,       9.943,       0.346,       7.302
 69000          ,      20.814,      10.079,       0.448,       7.449
 69500          ,      21.186,      10.521,       1.125,       7.507
 70000          ,      18.898,       9.917,       0.469,       7.378
 70500          ,      22.863,       7.851,       1.506,       5.634
 71000          ,      19.713,      10.438,       0.952,       8.534
 71500          ,      18.680,      10.654,       1.429,       6.458
 72000          ,      21.362,      10.690,       1.558,       5.612
 72500          ,      19.290,       8.663,       0.562,       6.385
 73000          ,      21.374,       8.338,       0.592,       6.354
 73500          ,      20.694,       8.422,       0.420,       5.869
 74000          ,      19.808,       9.193,       0.432,       6.217
 74500          ,      19.070,      11.249,       0.927,       7.267
 75000          ,      19.267,       9.983,       0.712,       7.320
 75500          ,      21.230,      10.126,       0.852,       7.097
 76000          ,      17.117,      10.074,       0.415,       7.760
 76500          ,      17.883,      10.874,       0.737,       8.013
 77000          ,      18.497,      11.821,       0.810,       8.191
 77500          ,      18.546,       9.562,       0.990,       7.106
 78000          ,      21.912,       8.482,       0.682,       5.954
 78500          ,      16.269,       9.534,       0.706,       8.636
 79000          ,      17.992,      10.061,       0.488,       7.607
 79500          ,      17.335,      11.100,       1.301,       7.116
 80000          ,      16.507,      10.864,       0.687,       8.774
 80500          ,      21.434,       8.893,       0.427,       6.995
 81000          ,      14.094,      12.196,       0.739,       9.824
 81500          ,      21.678,       7.604,       0.819,       5.619
 82000          ,      16.814,      10.966,       0.436,       8.258
 82500          ,      18.354,      10.524,       0.834,       7.893
 83000          ,      15.160,      10.815,       0.728,       8.833
 83500          ,      19.599,      10.096,       0.663,       7.028
 84000          ,      19.037,       9.829,       0.907,       7.156
 84500          ,      18.401,       9.514,       0.590,       7.409
 85000          ,      16.063,      10.514,       1.063,       7.631
 85500          ,      20.996,       9.684,       0.717,       6.370
 86000          ,      15.794,      12.462,       1.046,       8.630
 86500          ,      20.435,       9.475,       0.832,       6.406
 87000          ,      21.955,       9.100,       0.997,       6.973
 87500          ,      17.038,      11.752,       0.886,       8.058
 88000          ,      17.828,      11.842,       0.681,       9.047
 88500          ,      18.889,      10.137,       0.702,       6.879
 89000          ,      21.355,      10.782,       0.966,       6.913
 89500          ,      18.475,      10.460,       0.917,       6.915
 90000          ,      17.878,      10.603,       0.582,       7.871
 90500          ,      17.579,      10.492,       0.412,       8.722
 91000          ,      19.815,      10.270,       0.586,       8.435
 91500          ,      19.282,       9.393,       1.148,       5.791
 92000          ,      21.853,       8.014,       0.914,       6.142
 92500          ,      18.949,       8.502,       1.087,       5.666
 93000          ,      20.131,      10.654,       0.617,       7.414
 93500          ,      18.301,      10.653,       0.667,       7.465
 94000          ,      18.755,      10.003,       0.643,       7.235
 94500          ,      21.726,      10.154,       0.684,       7.637
 95000          ,      18.449,       9.229,       0.243,       7.737
 95500          ,      21.080,       9.247,       0.656,       6.279
 96000          ,      20.398,       8.093,       0.492,       6.927
 96500          ,      17.979,      10.213,       0.504,       7.686
 97000          ,      16.215,      10.342,       0.718,       8.177
 97500          ,      17.676,      12.571,       1.238,       8.404
 98000          ,      18.426,       9.196,       0.660,       6.948
 98500          ,      19.377,       9.742,       0.887,       7.342
 99000          ,      21.647,      11.365,       1.283,       6.655
 99500          ,      22.720,       9.837,       1.188,       7.286
 100000         ,      18.478,      10.726,       0.940,       7.514
 100500         ,      18.291,      10.506,       0.549,       7.571
 101000         ,      17.619,      13.026,       1.346,       8.979
 101500         ,      18.144,      10.227,       0.353,       7.994
 102000         ,      18.789,      10.634,       0.627,       7.510
 102500         ,      17.867,       9.331,       0.327,       7.802
 103000         ,      15.392,      10.842,       0.599,       8.828
 103500         ,      18.489,      11.159,       0.415,       8.854
 104000         ,      19.833,       9.214,       0.619,       6.652
 104500         ,      20.377,       9.184,       0.414,       7.646
 105000         ,      18.531,      10.008,       0.470,       7.807
 105500         ,      16.790,      11.014,       0.503,       8.398
 106000         ,      18.013,      11.614,       0.790,       7.718
 106500         ,      19.035,      11.034,       0.265,       8.884
 107000         ,      20.819,       8.218,       0.691,       5.403
 107500         ,      20.406,       9.859,       0.929,       6.734
 108000         ,      19.502,       8.751,       0.478,       7.324
 108500         ,      22.276,       7.617,       0.692,       5.226
 109000         ,      15.495,      11.256,       0.420,       9.740
 109500         ,      17.916,       9.455,       0.451,       7.281
 110000         ,      18.612,      10.469,       0.658,       7.955
 110500         ,      20.112,       9.745,       1.032,       6.201
 111000         ,      23.950,       8.369,       0.952,       5.820
 111500         ,      20.630,      10.625,       1.465,       6.719
 112000         ,      15.323,      12.763,       1.246,       8.779
 112500         ,      19.007,       9.626,       0.701,       6.700
 113000         ,      16.269,      11.364,       1.011,       8.282
 113500         ,      19.982,       8.952,       0.831,       5.882
 114000         ,      19.800,      10.766,       0.579,       8.210
 114500         ,      15.637,      12.780,       0.564,      10.437
 115000         ,      20.175,       8.941,       0.566,       7.005
 115500         ,      19.913,      11.489,       0.792,       8.238
 116000         ,      21.637,       8.301,       0.618,       6.656
 116500         ,      20.965,       7.948,       0.590,       6.170
 117000         ,      21.051,      11.304,       1.303,       7.428
 117500         ,      21.275,      10.322,       0.576,       7.195
 118000         ,      20.242,       8.741,       0.423,       6.275
 118500         ,      20.667,       9.174,       0.752,       7.283
 119000         ,      18.195,       8.720,       0.868,       6.729
 119500         ,      17.657,       9.671,       0.427,       7.785
 120000         ,      19.875,      11.782,       0.650,       8.370
 120500         ,      18.400,       9.051,       1.002,       6.001
 121000         ,      18.755,       8.733,       0.384,       7.572
 121500         ,      16.749,      10.485,       0.661,       8.176
 122000         ,      19.358,      10.810,       0.473,       8.321
 122500         ,      20.200,       9.972,       0.609,       7.386
 123000         ,      16.998,      11.698,       0.564,       8.825
 123500         ,      16.176,       9.497,       0.407,       8.000
 124000         ,      20.506,       9.625,       0.825,       6.057
 124500         ,      20.163,      10.067,       0.821,       7.668
 125000         ,      20.586,       8.844,       0.722,       5.814
 125500         ,      19.480,       9.562,       0.709,       6.898
 126000         ,      22.201,       8.777,       0.712,       7.123
 126500         ,      17.910,      10.176,       0.713,       7.098
 127000         ,      19.951,      10.167,       0.479,       8.313
 127500         ,      20.422,       8.365,       0.936,       5.857
 128000         ,      19.565,       9.307,       0.443,       7.109
 128500         ,      18.193,      10.776,       0.948,       7.589
 129000         ,      16.785,       9.925,       1.384,       6.856
 129500         ,      19.925,       8.684,       0.904,       5.996
 130000         ,      17.458,       8.753,       0.810,       6.825
 130500         ,      17.273,       9.990,       0.678,       7.371
 131000         ,      19.656,       7.889,       0.489,       6.127
 131500         ,      17.559,      12.351,       0.765,       9.938
 132000         ,      18.604,       9.295,       0.295,       7.191
 132500         ,      22.364,       9.866,       1.209,       7.470
 133000         ,      22.511,       8.549,       1.122,       5.052
 133500         ,      20.849,       8.773,       0.736,       5.367
 134000         ,      20.688,      10.334,       0.654,       7.401
 134500         ,      17.811,       9.994,       0.512,       7.227
 135000         ,      22.283,       9.648,       0.601,       6.992
 135500         ,      18.726,      10.518,       1.007,       7.011
 136000         ,      18.255,      12.086,       0.918,       8.297
 136500         ,      18.893,      11.466,       0.650,       8.540
 137000         ,      20.464,       9.264,       0.973,       5.564
 137500         ,      19.581,      10.561,       1.049,       6.419
 138000         ,      19.890,      11.877,       1.282,       7.854
 138500         ,      23.791,       9.042,       1.531,       5.665
 139000         ,      21.430,      10.758,       1.313,       6.703
 139500         ,      20.106,      10.096,       0.542,       7.503
 140000         ,      16.441,      10.859,       1.010,       8.103
 140500         ,      20.313,      10.331,       1.116,       7.541
 141000         ,      17.702,      10.430,       0.575,       8.073
 141500         ,      18.131,      10.900,       0.601,       8.503
 142000         ,      20.589,       9.553,       0.802,       6.629
 142500         ,      20.820,       9.273,       0.681,       6.245
 143000         ,      19.946,       7.986,       0.519,       5.984
 143500         ,      19.746,       9.288,       0.344,       7.339
 144000         ,      20.543,       9.468,       0.784,       6.527
 144500         ,      19.531,      10.940,       0.713,       8.404
 145000         ,      18.225,       9.796,       0.362,       8.159
 145500         ,      19.633,      10.022,       0.495,       8.115
 146000         ,      21.193,      10.555,       1.243,       6.282
 146500         ,      18.921,       8.825,       0.347,       7.293
 147000         ,      17.009,      10.594,       0.645,       8.218
 147500         ,      19.357,       9.039,       0.293,       6.695
 148000         ,      19.211,      10.659,       0.767,       6.824
 148500         ,      17.525,      10.375,       0.342,       8.132
 149000         ,      20.866,       9.549,       0.642,       6.649
 149500         ,      19.358,      10.403,       0.540,       7.725
 150000         ,      20.740,       8.256,       0.543,       5.893
 150500         ,      21.707,       9.503,       0.538,       6.877
 151000         ,      19.664,       8.851,       0.848,       6.914
 151500         ,      20.916,       8.966,       1.112,       6.501
 152000         ,      20.448,       9.831,       0.690,       6.687
 152500         ,      22.531,       7.753,       0.528,       6.098
 153000         ,      16.775,      12.377,       0.569,       9.883
 153500         ,      17.553,      10.100,       0.469,       8.069
 154000         ,      17.463,       9.507,       0.659,       7.654
 154500         ,      19.356,       8.897,       0.583,       6.477
 155000         ,      17.447,      12.361,       1.405,       7.875
 155500         ,      17.158,      11.057,       0.416,       9.352
 156000         ,      17.864,      10.284,       0.238,       7.803
 156500         ,      16.874,      10.521,       0.914,       7.866
 157000         ,      15.645,      10.252,       0.511,       8.963
 157500         ,      19.336,      10.326,       0.695,       7.700
 158000         ,      16.528,      10.184,       0.399,       8.534
 158500         ,      20.388,       8.852,       0.525,       7.246
 159000         ,      20.348,      10.068,       0.941,       7.182
 159500         ,      16.504,      10.514,       0.680,       8.896
 160000         ,      15.695,       8.987,       0.584,       8.027
 160500         ,      19.942,       9.900,       0.598,       7.201
 161000         ,      17.932,       9.575,       0.326,       7.942
 161500         ,      20.723,       9.337,       0.761,       7.609
 162000         ,      18.766,      11.080,       0.591,       7.978
 162500         ,      23.458,       8.551,       1.054,       5.565
 163000         ,      18.246,      10.808,       0.661,       7.912
 163500         ,      19.167,      10.859,       0.539,       7.610
 164000         ,      16.089,      11.607,       0.592,       9.145
 164500         ,      19.209,      11.555,       1.189,       6.991
 165000         ,      15.376,      10.639,       0.703,       8.868
 165500         ,      20.467,      11.042,       0.802,       7.646
 166000         ,      16.624,      12.067,       0.664,       9.095
 166500         ,      19.202,       9.942,       0.256,       7.966
 167000         ,      20.635,       7.525,       0.331,       6.301
 167500         ,      16.220,      11.992,       0.798,       9.452
 168000         ,      21.002,       7.819,       0.598,       5.220
 168500         ,      18.646,       8.440,       0.605,       7.282
 169000         ,      19.098,       9.632,       0.251,       7.972
 169500         ,      17.664,       9.776,       0.679,       7.323
 170000         ,      22.500,       9.540,       1.391,       5.918
 170500         ,      21.303,      10.255,       0.792,       7.337
 171000         ,      16.732,      11.583,       0.527,       8.641
 171500         ,      18.510,      10.100,       0.318,       8.422
 172000         ,      17.223,      12.319,       0.789,       8.856
 172500         ,      17.889,      11.028,       0.322,       8.937
 173000         ,      17.441,      11.037,       0.526,       8.947
 173500         ,      22.666,       8.332,       0.864,       6.566
 174000         ,      22.048,       9.500,       0.677,       7.367
 174500         ,      19.616,       9.679,       1.016,       6.307
 175000         ,      19.361,      10.222,       0.867,       6.526
 175500         ,      20.872,       9.068,       1.061,       6.063
 176000         ,      19.086,      10.963,       0.919,       6.737
 176500         ,      21.212,       9.157,       0.480,       7.125
 177000         ,      17.844,       9.556,       0.355,       7.309
 177500         ,      20.502,      11.352,       1.342,       7.386
 178000         ,      17.564,      10.889,       1.135,       7.238
 178500         ,      18.938,       9.086,       0.328,       7.198
 179000         ,      18.482,      10.760,       0.957,       7.349
 179500         ,      18.886,      11.395,       0.636,       8.188
 180000         ,      17.647,      10.636,       0.617,       7.700
 180500         ,      20.308,      11.107,       0.600,       7.788
 181000         ,      18.102,      11.102,       0.766,       7.614
 181500         ,      22.679,      10.500,       1.299,       5.707
 182000         ,      18.428,       9.556,       0.602,       6.550
 182500         ,      19.926,      10.366,       0.637,       7.793
 183000         ,      16.286,      11.213,       0.636,       8.300
 183500         ,      21.486,       8.825,       0.754,       5.679
 184000         ,      20.887,      10.983,       1.034,       7.396
 184500         ,      19.555,       7.906,       0.547,       5.809
 185000         ,      16.587,      12.700,       0.784,       9.271
 185500         ,      23.209,       8.528,       0.513,       6.525
 186000         ,      21.677,       9.248,       0.796,       6.043
 186500         ,      18.604,       9.668,       0.587,       6.625
 187000         ,      18.075,      10.769,       0.537,       7.837
 187500         ,      21.824,       8.669,       0.881,       5.686
 188000         ,      22.755,       9.683,       0.771,       7.662
 188500         ,      22.554,       7.928,       0.723,       5.802
 189000         ,      22.355,       9.058,       0.979,       5.148
 189500         ,      17.494,       9.300,       0.686,       6.810
 190000         ,      18.515,      10.729,       0.601,       7.465
 190500         ,      18.312,      10.302,       0.781,       7.565
 191000         ,      21.021,       8.841,       0.485,       6.630
 191500         ,      18.961,       9.563,       0.404,       7.476
 192000         ,      21.288,       9.216,       0.666,       6.292
 192500         ,      17.832,      11.062,       0.686,       8.266
 193000         ,      20.643,       9.029,       0.616,       7.083
 193500         ,      18.981,       8.755,       0.585,       6.872
 194000         ,      22.329,       8.722,       1.079,       6.046
 194500         ,      19.128,       7.985,       0.955,       5.846
 195000         ,      18.070,      11.088,       0.766,       8.035
 195500         ,      19.135,      10.652,       0.580,       7.846
 196000         ,      18.149,       9.919,       0.613,       7.952
 196500         ,      19.228,      10.530,       0.920,       7.223
 197000         ,      20.952,       6.910,       0.847,       5.166
 197500         ,      18.105,      10.632,       0.278,       8.220
 198000         ,      20.369,       9.701,       0.497,       6.644
 198500         ,      18.497,      10.421,       0.559,       8.230
 199000         ,      20.407,       9.832,       0.311,       7.559
 199500         ,      19.677,       9.452,       0.953,       6.706
 200000         ,      19.365,      10.603,       0.582,       7.865
 200500         ,      17.550,      10.878,       0.439,       8.569
 201000         ,      21.314,       8.273,       1.164,       5.459
 201500         ,      18.242,      11.211,       0.913,       8.638
 202000         ,      22.892,       9.649,       1.245,       6.365
 202500         ,      18.371,       9.871,       0.814,       7.457
 203000         ,      17.518,      11.500,       0.735,       8.022
 203500         ,      19.096,       9.780,       1.031,       7.563
 204000         ,      25.263,       7.491,       1.336,       4.856
 204500         ,      18.794,       8.888,       0.468,       6.512
 205000         ,      21.416,       6.242,       0.630,       5.447
 205500         ,      20.443,      10.346,       0.680,       6.862
 206000         ,      22.421,       7.558,       1.308,       6.332
 206500         ,      24.366,       9.037,       1.410,       5.305
 207000         ,      19.345,      11.316,       0.780,       7.872
 207500         ,      21.596,       8.506,       0.338,       6.952
 208000         ,      23.198,       6.865,       1.323,       4.859
 208500         ,      18.762,      11.290,       0.903,       7.661
 209000         ,      20.449,       8.511,       0.714,       6.346
 209500         ,      22.899,       8.409,       0.809,       6.173
 210000         ,      19.036,      10.545,       0.404,       8.680
 210500         ,      23.225,       8.305,       1.192,       5.564
 211000         ,      18.640,      10.145,       0.477,       8.015
 211500         ,      20.746,       8.076,       1.263,       5.057
 212000         ,      19.727,      10.954,       0.593,       7.961
 212500         ,      21.399,       8.092,       0.637,       5.402
 213000         ,      19.877,       9.923,       0.664,       7.092
 213500         ,      20.668,       9.875,       0.660,       6.330
 214000         ,      18.107,      12.632,       0.996,       8.508
 214500         ,      18.291,      10.542,       0.510,       7.963
 215000         ,      19.050,       9.608,       1.005,       6.288
 215500         ,      20.877,       9.556,       0.695,       7.218
 216000         ,      18.493,      10.758,       0.948,       6.978
 216500         ,      23.651,       8.381,       1.877,       5.667
 217000         ,      22.991,       7.711,       0.968,       5.329
 217500         ,      19.164,      10.408,       0.543,       7.713
 218000         ,      15.207,      11.410,       0.568,       8.893
 218500         ,      18.253,       8.021,       0.771,       6.916
 219000         ,      20.582,      10.181,       0.703,       6.819
 219500         ,      21.574,       9.631,       0.602,       6.466
 220000         ,      17.446,      11.091,       0.563,       7.752
 220500         ,      19.205,       9.067,       0.762,       7.194
 221000         ,      21.894,       9.018,       0.751,       6.005
 221500         ,      22.957,      10.822,       1.420,       7.209
 222000         ,      21.771,       9.388,       1.247,       5.465
 222500         ,      14.883,      11.099,       1.169,       7.961
 223000         ,      17.224,      11.522,       0.622,       8.218
 223500         ,      17.967,      10.554,       0.867,       7.103
 224000         ,      19.074,      10.252,       0.853,       6.876
 224500         ,      15.728,      11.638,       0.766,       9.248
 225000         ,      22.452,       9.864,       1.080,       6.061
 225500         ,      19.273,      10.465,       0.450,       8.056
 226000         ,      16.338,      12.796,       1.005,       9.378
 226500         ,      18.752,      10.983,       0.781,       8.207
 227000         ,      16.129,      10.087,       0.298,       9.041
 227500         ,      21.277,       8.540,       0.581,       6.267
 228000         ,      19.556,       8.813,       0.679,       6.866
 228500         ,      20.911,       8.581,       0.641,       5.993
 229000         ,      21.791,       9.358,       0.899,       6.938
 229500         ,      23.300,       8.828,       1.022,       5.438
 230000         ,      17.488,       9.813,       0.417,       7.244
 230500         ,      21.005,      10.078,       0.379,       7.426
 231000         ,      17.885,      11.868,       0.865,       9.213
 231500         ,      15.645,      11.490,       0.795,       8.986
 232000         ,      16.724,       9.817,       0.905,       6.704
 232500         ,      18.463,       9.054,       0.651,       6.796
 233000         ,      20.145,      12.115,       0.684,       8.161
 233500         ,      20.623,       8.806,       0.465,       6.444
 234000         ,      22.394,       8.103,       0.644,       5.702
 234500         ,      16.039,      12.440,       0.800,       9.151
 235000         ,      19.539,       9.532,       0.921,       6.372
 235500         ,      18.745,       8.096,       0.781,       6.218
 236000         ,      19.635,       9.714,       0.810,       6.628
 236500         ,      18.926,      10.214,       0.346,       8.361
 237000         ,      18.907,       9.638,       0.590,       7.232
 237500         ,      17.277,       9.793,       0.391,       8.455
 238000         ,      18.774,       9.715,       0.385,       7.209
 238500         ,      20.200,      11.250,       0.722,       7.616
 239000         ,      20.473,       7.804,       0.524,       6.704
 239500         ,      17.258,      10.583,       0.524,       8.195
 240000         ,      13.745,      12.329,       1.076,      10.107
 240500         ,      19.993,       8.705,       0.732,       6.567
 241000         ,      18.062,       9.896,       0.390,       7.422
 241500         ,      21.591,       9.654,       0.716,       6.848
 242000         ,      20.816,       9.547,       0.795,       6.560
 242500         ,      18.847,       9.884,       0.580,       8.252
 243000         ,      16.360,      13.062,       0.625,      10.054
 243500         ,      17.711,      10.535,       0.885,       7.716
 244000         ,      18.804,      10.996,       0.547,       8.677
 244500         ,      18.893,      10.360,       0.601,       7.550
 245000         ,      19.240,      12.022,       0.716,       8.916
 245500         ,      19.085,       9.269,       1.066,       5.344
 246000         ,      16.013,      10.264,       0.526,       8.025
 246500         ,      20.273,       9.740,       0.583,       6.758
 247000         ,      19.407,       9.486,       0.652,       7.125
 247500         ,      20.621,       8.921,       0.233,       7.231
 248000         ,      15.281,      12.181,       0.929,       8.813
 248500         ,      19.997,      10.329,       0.648,       7.888
 249000         ,      17.883,      13.610,       1.644,       8.775
 249500         ,      16.414,      11.694,       0.372,       9.930
 250000         ,      20.883,      10.459,       1.023,       7.909
 250500         ,      17.705,      10.983,       0.821,       7.748
 251000         ,      18.745,       9.686,       0.534,       6.734
 251500         ,      21.682,       8.805,       0.683,       5.603
 252000         ,      19.952,       9.843,       0.792,       6.486
 252500         ,      17.734,      10.004,       0.642,       7.992
 253000         ,      19.776,      10.288,       0.652,       7.525
 253500         ,      19.720,       8.990,       0.517,       6.573
 254000         ,      21.549,       7.963,       0.838,       5.686
 254500         ,      19.622,       9.099,       0.429,       6.448
 255000         ,      19.442,      10.205,       0.632,       7.391
 255500         ,      17.189,      12.057,       0.757,       9.375
 256000         ,      20.740,      12.258,       1.089,       8.519
 256500         ,      19.641,       8.504,       0.712,       6.317
 257000         ,      17.143,      10.598,       0.586,       7.794
 257500         ,      18.867,      10.860,       0.894,       7.426
 258000         ,      22.063,       9.444,       0.722,       5.939
 258500         ,      21.758,       9.408,       0.830,       6.818
 259000         ,      19.993,      12.570,       1.264,       8.306
 259500         ,      19.540,      11.238,       0.533,       7.881
 260000         ,      14.848,      11.334,       0.801,       9.274
 260500         ,      19.004,      10.821,       0.672,       7.742
 261000         ,      19.973,       9.469,       0.655,       6.843
 261500         ,      15.464,       8.637,       0.863,       7.559
 262000         ,      20.145,      10.043,       0.731,       6.606
 262500         ,      19.689,      11.056,       1.461,       6.327
 263000         ,      14.922,      12.502,       0.869,      10.418
 263500         ,      19.622,      11.298,       0.840,       8.043
 264000         ,      17.435,      12.028,       0.679,       9.357
 264500         ,      18.648,       8.199,       0.355,       7.103
 265000         ,      21.115,       9.964,       0.948,       5.918
 265500         ,      18.708,      10.000,       0.940,       6.821
 266000         ,      14.518,      13.581,       1.039,      11.070
 266500         ,      18.645,       9.952,       0.468,       7.558
 267000         ,      16.961,      12.395,       0.646,       9.137
 267500         ,      19.906,      10.932,       0.742,       7.769
 268000         ,      16.845,      10.768,       0.759,       7.549
 268500         ,      17.316,      11.491,       0.642,       8.840
 269000         ,      20.393,       9.400,       0.702,       6.565
 269500         ,      17.360,      10.333,       0.565,       7.962
 270000         ,      19.249,      11.723,       1.125,       7.173
 270500         ,      19.761,       8.693,       0.810,       6.612
 271000         ,      16.112,      11.887,       0.595,       9.374
 271500         ,      17.789,      10.788,       0.420,       8.343
 272000         ,      19.163,      11.465,       0.999,       7.734
 272500         ,      19.549,      10.212,       0.458,       7.571
 273000         ,      18.732,      11.082,       0.777,       7.589
 273500         ,      20.743,       9.874,       0.459,       7.258
 274000         ,      17.898,      11.922,       0.495,       9.369
 274500         ,      17.980,      10.273,       0.567,       7.591
 275000         ,      19.513,       9.883,       0.851,       6.540
 275500         ,      18.276,      11.280,       0.874,       7.902
 276000         ,      22.396,       8.783,       1.288,       5.620
 276500         ,      17.521,      13.121,       1.300,       8.728
 277000         ,      18.786,       9.768,       0.375,       8.196
 277500         ,      17.454,      10.311,       0.870,       8.058
 278000         ,      17.705,      11.035,       0.357,       8.302
 278500         ,      18.713,       8.950,       0.639,       6.591
 279000         ,      17.990,      10.991,       0.746,       7.296
 279500         ,      18.454,       9.474,       0.429,       7.788
 280000         ,      22.793,       7.492,       1.131,       5.236
 280500         ,      18.833,      10.554,       0.619,       7.579
 281000         ,      17.343,       9.661,       0.372,       7.924
 281500         ,      19.773,       8.282,       0.705,       6.368
 282000         ,      22.679,       7.948,       0.803,       6.399
 282500         ,      17.148,      10.994,       0.653,       8.411
 283000         ,      21.433,       9.653,       0.709,       7.057
 283500         ,      20.536,       9.424,       0.804,       6.884
 284000         ,      23.063,       9.027,       1.245,       6.095
 284500         ,      18.951,       9.959,       0.882,       7.170
 285000         ,      15.472,      12.176,       0.643,       9.818
 285500         ,      19.525,       9.067,       0.426,       6.961
 286000         ,      20.703,       8.559,       0.734,       6.691
 286500         ,      21.601,       7.242,       0.862,       6.011
 287000         ,      17.357,      11.596,       0.900,       7.977
 287500         ,      19.786,      10.349,       1.191,       7.874
 288000         ,      21.218,       9.648,       0.551,       7.267
 288500         ,      18.229,      11.279,       0.766,       8.124
 289000         ,      18.792,      10.873,       0.854,       7.284
 289500         ,      21.718,       9.358,       0.727,       6.661
 290000         ,      21.710,       9.564,       0.803,       6.191
 290500         ,      20.866,       9.537,       0.587,       6.596
 291000         ,      18.109,       8.629,       0.657,       6.655
 291500         ,      16.937,      11.517,       0.680,       8.053
 292000         ,      19.600,       9.994,       0.292,       7.649
 292500         ,      17.481,      10.706,       0.775,       7.610
 293000         ,      22.612,       8.111,       0.923,       5.239
 293500         ,      20.933,      12.033,       1.594,       6.823
 294000         ,      18.612,      10.568,       0.368,       7.846
 294500         ,      17.359,       8.728,       0.364,       7.636
 295000         ,      18.699,      10.822,       0.729,       7.930
 295500         ,      20.046,       9.921,       0.298,       8.072
 296000         ,      22.036,      10.038,       1.290,       6.021
 296500         ,      17.771,       8.828,       0.384,       7.229
 297000         ,      20.934,       8.429,       0.790,       6.879
 297500         ,      19.044,      10.397,       0.616,       7.212
 298000         ,      16.852,      10.344,       0.414,       8.212
 298500         ,      19.136,      10.467,       0.724,       7.154
 299000         ,      17.494,      11.413,       0.640,       9.335
 299500         ,      18.090,       9.243,       0.611,       7.345
 300000         ,      18.875,      11.298,       0.965,       7.603
 300500         ,      20.579,       9.023,       0.892,       7.287
 301000         ,      18.941,       8.554,       0.661,       6.488
 301500         ,      18.246,       9.909,       0.674,       7.274
 302000         ,      18.860,       8.545,       1.059,       5.617
 302500         ,      21.134,      10.637,       0.610,       8.327
 303000         ,      16.649,      10.154,       0.489,       8.211
 303500         ,      20.817,      10.143,       0.959,       7.309
 304000         ,      19.478,      10.694,       0.934,       7.707
 304500         ,      19.139,       8.611,       0.812,       5.767
 305000         ,      18.173,      11.184,       1.012,       7.294
 305500         ,      19.553,      10.639,       0.650,       7.608
 306000         ,      18.210,      11.382,       1.105,       7.746
 306500         ,      19.071,       8.629,       0.544,       7.277
 307000         ,      21.871,       8.049,       0.916,       5.355
 307500         ,      19.906,      10.011,       0.528,       8.244
 308000         ,      18.242,      10.503,       0.517,       7.637
 308500         ,      17.706,      11.484,       0.695,       8.385
 309000         ,      15.301,      10.832,       0.834,       8.486
 309500         ,      16.855,      12.126,       0.883,       8.579
 310000         ,      20.968,       8.488,       0.578,       6.207
 310500         ,      19.519,       9.719,       0.833,       7.019
 311000         ,      22.122,       8.345,       0.781,       5.284
 311500         ,      19.900,      10.893,       0.915,       7.695
 312000         ,      20.779,       9.448,       0.855,       6.661
 312500         ,      17.400,      11.597,       0.539,       8.770
 313000         ,      17.651,      10.231,       0.735,       7.914
 313500         ,      13.705,      12.332,       1.038,      10.026
 314000         ,      17.708,      10.117,       0.585,       7.319
 314500         ,      21.259,       8.064,       0.652,       5.650
 315000         ,      18.325,      10.913,       0.735,       8.459
 315500         ,      18.838,       9.020,       0.776,       6.526
 316000         ,      20.304,       8.837,       0.638,       6.680
 316500         ,      17.907,      10.247,       0.552,       8.604
 317000         ,      20.992,       9.638,       0.725,       6.586
 317500         ,      16.158,      13.214,       0.972,       9.465
 318000         ,      19.102,      12.522,       0.723,       8.989
 318500         ,      17.870,      11.606,       0.283,       9.144
 319000         ,      19.414,       9.744,       0.437,       6.754
 319500         ,      19.481,      10.285,       0.442,       7.688
 320000         ,      19.636,      10.234,       1.399,       6.738
 320500         ,      22.306,      10.506,       1.292,       6.822
 321000         ,      18.320,       9.012,       0.585,       7.388
 321500         ,      20.256,      10.799,       0.546,       7.708
 322000         ,      19.831,      10.936,       0.736,       7.684
 322500         ,      17.877,      11.653,       0.617,       8.236
 323000         ,      19.645,       9.702,       0.552,       6.817
 323500         ,      16.395,      12.103,       0.890,       8.364
 324000         ,      18.417,      11.405,       1.067,       8.244
 324500         ,      20.751,       8.134,       0.788,       5.488
 325000         ,      16.362,      12.263,       0.564,       9.693
 325500         ,      19.271,      10.742,       0.419,       8.003
 326000         ,      17.871,      10.944,       0.539,       7.729
 326500         ,      18.240,      11.603,       0.509,       8.675
 327000         ,      18.997,       9.111,       0.785,       5.847
 327500         ,      18.818,      10.654,       0.601,       7.165
 328000         ,      16.890,      11.319,       0.421,       8.729
 328500         ,      22.014,       9.731,       0.797,       6.929
 329000         ,      18.692,       8.700,       0.520,       7.228
 329500         ,      19.120,      10.065,       0.302,       7.587
 330000         ,      21.376,      10.194,       0.563,       6.813
 330500         ,      17.913,      10.433,       0.993,       6.988
 331000         ,      19.927,       9.781,       1.035,       6.061
 331500         ,      19.252,       9.194,       0.723,       7.197
 332000         ,      18.668,      11.004,       1.195,       7.940
 332500         ,      15.857,      10.112,       0.671,       8.669
 333000         ,      19.850,       8.795,       0.551,       6.135
 333500         ,      19.584,      10.164,       0.900,       6.087
 334000         ,      19.405,       8.376,       0.357,       6.905
 334500         ,      16.249,      10.933,       0.699,       9.236
 335000         ,      18.129,      11.063,       0.431,       7.998
 335500         ,      22.234,       9.389,       0.912,       6.482
 336000         ,      16.806,      12.647,       0.847,       9.597
 336500         ,      20.631,      10.787,       1.014,       7.546
 337000         ,      20.108,       9.238,       0.381,       6.625
 337500         ,      14.080,      11.780,       0.784,       9.378
 338000         ,      17.189,      12.703,       0.926,       9.466
 338500         ,      17.312,      10.987,       0.665,       7.695
 339000         ,      20.133,      10.287,       0.799,       7.454
 339500         ,      21.625,       7.116,       0.553,       5.489
 340000         ,      22.702,       8.926,       1.377,       5.004
 340500         ,      14.532,      12.422,       0.907,      10.085
 341000         ,      20.206,      10.045,       0.999,       7.742
 341500         ,      17.965,      10.164,       0.760,       7.411
 342000         ,      20.402,       8.655,       0.564,       5.854
 342500         ,      17.291,      11.513,       0.493,       9.247
 343000         ,      20.943,       7.647,       0.681,       5.581
 343500         ,      18.834,      11.464,       1.175,       7.011
 344000         ,      20.185,       8.432,       0.970,       6.241
 344500         ,      18.253,       9.890,       0.227,       8.169
 345000         ,      21.380,       8.484,       0.515,       7.085
 345500         ,      18.562,      10.482,       0.976,       7.210
 346000         ,      21.358,       9.520,       0.520,       6.604
 346500         ,      20.884,      10.484,       1.329,       6.845
 347000         ,      15.619,      12.173,       0.650,      10.030
 347500         ,      18.795,      12.738,       0.808,       8.509
 348000         ,      21.613,      10.204,       1.175,       6.184
 348500         ,      18.188,      10.138,       0.694,       6.909
 349000         ,      20.755,       9.832,       0.520,       7.069
 349500         ,      21.111,       8.469,       0.262,       6.772
 350000         ,      14.988,      11.341,       1.269,       8.524
 350500         ,      20.644,       8.645,       0.367,       6.299
 351000         ,      21.421,       8.377,       0.853,       5.525
 351500         ,      18.222,      10.038,       1.172,       7.100
 352000         ,      17.779,      11.907,       1.628,       8.388
 352500         ,      18.766,      11.881,       1.046,       8.356
 353000         ,      16.227,      11.216,       0.384,       8.605
 353500         ,      13.571,      14.279,       1.138,      11.554
 354000         ,      23.958,       8.636,       1.047,       5.920
 354500         ,      18.560,       9.111,       0.456,       6.928
 355000         ,      17.970,      11.145,       0.791,       8.309
 355500         ,      21.847,       7.683,       0.379,       5.968
 356000         ,      20.215,      10.445,       0.711,       7.614
 356500         ,      18.011,       9.939,       0.529,       7.017
 357000         ,      21.877,       9.642,       0.486,       6.775
 357500         ,      19.307,       8.540,       0.384,       6.207
 358000         ,      18.542,      10.942,       0.413,       7.745
 358500         ,      15.208,      10.641,       0.770,       8.383
 359000         ,      18.262,      10.271,       0.578,       7.789
 359500         ,      19.150,      10.975,       0.507,       7.725
 360000         ,      18.519,      10.369,       0.445,       8.785
 360500         ,      18.716,       9.244,       0.385,       7.704
 361000         ,      18.950,      10.903,       0.526,       7.683
 361500         ,      19.129,       8.510,       0.419,       6.432
 362000         ,      16.888,      10.296,       0.900,       6.933
 362500         ,      19.686,       9.994,       0.575,       7.661
 363000         ,      18.924,      10.862,       0.547,       7.779
 363500         ,      18.840,       9.867,       0.518,       7.641
 364000         ,      18.956,      11.697,       0.674,       8.144
 364500         ,      17.487,      11.611,       0.626,       8.703
 365000         ,      17.978,      10.872,       0.436,       7.866
 365500         ,      21.392,       7.578,       0.929,       5.100
 366000         ,      20.774,      10.071,       0.895,       7.432
 366500         ,      19.798,      11.671,       0.637,       8.171
 367000         ,      20.830,       9.295,       0.810,       6.249
 367500         ,      18.443,      11.020,       0.741,       8.417
 368000         ,      17.674,      10.294,       1.116,       6.610
 368500         ,      22.217,       8.691,       1.528,       4.975
 369000         ,      21.712,       7.314,       0.816,       5.393
 369500         ,      20.780,       8.668,       0.429,       6.572
 370000         ,      19.213,      10.519,       0.864,       7.663
 370500         ,      18.058,      10.274,       0.614,       8.105
 371000         ,      20.987,       9.151,       0.819,       6.185
 371500         ,      17.468,      10.211,       0.281,       8.724
 372000         ,      19.121,      10.955,       0.749,       7.372
 372500         ,      19.419,       8.959,       0.485,       6.111
 373000         ,      19.865,       9.221,       0.725,       5.826
 373500         ,      16.314,      11.705,       0.806,       8.544
 374000         ,      15.666,      11.759,       0.890,       9.136
 374500         ,      18.786,      10.083,       0.491,       7.215
 375000         ,      16.085,      11.315,       1.001,       8.268
 375500         ,      18.040,       9.558,       0.850,       6.736
 376000         ,      20.297,       9.474,       0.633,       6.212
 376500         ,      19.058,      10.610,       0.590,       6.942
 377000         ,      17.488,      10.202,       0.785,       7.974
 377500         ,      18.575,      10.358,       0.924,       7.012
 378000         ,      19.238,       9.585,       0.527,       8.167
 378500         ,      17.905,      12.471,       1.086,       9.185
 379000         ,      19.433,       8.714,       0.869,       6.311
 379500         ,      19.288,      10.570,       0.823,       6.862
 380000         ,      22.532,       8.332,       0.565,       5.530
 380500         ,      20.797,       8.806,       0.530,       6.170
 381000         ,      16.737,      11.099,       1.074,       7.557
 381500         ,      16.868,       9.751,       0.606,       7.579
 382000         ,      16.151,       9.993,       0.684,       7.797
 382500         ,      19.109,       9.297,       0.899,       5.922
 383000         ,      22.127,       8.161,       1.004,       5.375
 383500         ,      16.577,       9.871,       0.433,       8.252
 384000         ,      18.914,      10.846,       0.722,       8.703
 384500         ,      20.918,      10.376,       0.761,       6.477
 385000         ,      16.979,      10.834,       0.639,       7.976
 385500         ,      14.891,      12.609,       0.671,      10.821
 386000         ,      19.529,       8.322,       0.524,       5.924
 386500         ,      19.514,      10.815,       0.888,       7.362
 387000         ,      18.120,      10.256,       0.463,       7.721
 387500         ,      18.450,      10.714,       0.732,       8.003
 388000         ,      19.571,       9.487,       0.264,       6.917
 388500         ,      19.654,       8.617,       0.444,       6.602
 389000         ,      19.257,      11.736,       0.806,       7.896
 389500         ,      18.894,      11.387,       1.018,       7.346
 390000         ,      22.234,       9.787,       0.844,       6.794
 390500         ,      22.523,       7.908,       0.961,       5.427
 391000         ,      19.313,      10.567,       1.235,       8.320
 391500         ,      20.658,       9.382,       0.915,       6.742
 392000         ,      21.177,       8.770,       0.750,       6.183
 392500         ,      16.422,      10.911,       0.336,       8.786
 393000         ,      19.841,       9.480,       0.524,       7.735
 393500         ,      18.449,      10.229,       0.599,       7.387
 394000         ,      15.962,      11.911,       0.491,      10.300
 394500         ,      18.513,      10.766,       0.385,       8.806
 395000         ,      27.050,       7.353,       2.059,       4.258
 395500         ,      18.565,      12.466,       0.829,       8.292
 396000         ,      17.961,       9.571,       0.340,       7.734
 396500         ,      15.312,      11.263,       0.528,       9.630
 397000         ,      22.342,       8.727,       1.088,       6.620
 397500         ,      21.111,       9.819,       0.280,       6.981
 398000         ,      19.404,       8.937,       0.471,       6.545
 398500         ,      15.290,      13.230,       0.562,      10.757
 399000         ,      22.875,       8.231,       0.654,       6.029
 399500         ,      18.341,      11.718,       0.760,       8.132
 400000         ,      19.610,      10.181,       0.609,       7.076
 400500         ,      18.380,      11.340,       0.663,       7.825
 401000         ,      17.477,      10.025,       0.791,       7.503
 401500         ,      20.466,       9.212,       0.821,       5.966
 402000         ,      19.230,      10.087,       0.520,       7.921
 402500         ,      20.873,      10.059,       0.735,       7.116
 403000         ,      18.391,      11.418,       1.133,       7.045
 403500         ,      19.986,      10.510,       0.639,       7.171
 404000         ,      16.798,       9.684,       0.652,       7.978
 404500         ,      17.475,      11.749,       0.677,       8.257
 405000         ,      18.243,      13.673,       0.981,       9.230
 405500         ,      21.938,       9.031,       0.429,       6.967
 406000         ,      18.702,      10.781,       0.670,       8.389
 406500         ,      16.892,      10.817,       0.817,       7.647
 407000         ,      20.781,      10.331,       0.938,       6.329
 407500         ,      15.708,      12.532,       0.967,       9.836
 408000         ,      22.127,       9.174,       0.864,       5.493
 408500         ,      18.589,      12.016,       0.766,       8.675
 409000         ,      20.921,      11.090,       1.675,       6.601
 409500         ,      17.253,      12.574,       1.226,       9.237
 410000         ,      17.557,      11.089,       0.329,       8.677
 410500         ,      19.436,       9.368,       0.761,       6.210
 411000         ,      17.905,      12.615,       1.336,       8.428
 411500         ,      16.760,       9.960,       0.421,       7.905
 412000         ,      17.811,      10.485,       0.762,       7.088
 412500         ,      17.313,      10.403,       0.553,       8.165
 413000         ,      18.357,      10.483,       0.673,       7.962
 413500         ,      15.408,      11.514,       0.807,       8.650
 414000         ,      18.435,      10.510,       1.540,       6.496
 414500         ,      17.128,      10.708,       0.542,       8.476
 415000         ,      19.244,       9.674,       0.685,       7.513
 415500         ,      23.494,       7.952,       1.837,       6.320
 416000         ,      20.771,       8.938,       0.570,       7.018
 416500         ,      20.994,       9.118,       0.613,       6.392
 417000         ,      21.090,      10.375,       0.864,       6.852
 417500         ,      14.968,      11.710,       0.820,       9.356
 418000         ,      17.301,      11.158,       0.539,       8.741
 418500         ,      20.523,       9.329,       0.616,       7.745
 419000         ,      18.445,      11.383,       0.784,       7.971
 419500         ,      18.535,      12.516,       1.130,       8.450
 420000         ,      16.298,       9.886,       0.675,       7.381
 420500         ,      16.877,      11.591,       0.558,       8.472
 421000         ,      17.677,       9.466,       0.257,       7.873
 421500         ,      16.192,      11.729,       0.652,       9.162
 422000         ,      19.330,       9.511,       0.533,       6.713
 422500         ,      18.284,      10.371,       0.547,       7.837
 423000         ,      18.955,      10.887,       0.930,       7.716
 423500         ,      17.494,      11.849,       0.396,       9.417
 424000         ,      18.821,       9.640,       0.293,       7.694
 424500         ,      19.620,      11.776,       0.988,       7.497
 425000         ,      19.859,      10.737,       0.150,       8.267
 425500         ,      21.100,       8.838,       1.146,       6.263
 426000         ,      18.809,      11.601,       0.717,       7.797
 426500         ,      15.307,      10.665,       0.569,       8.858
 427000         ,      19.271,       9.289,       0.426,       6.750
 427500         ,      19.158,       9.686,       1.027,       6.392
 428000         ,      19.722,       8.240,       0.419,       6.519
 428500         ,      20.428,       9.964,       0.992,       6.071
 429000         ,      19.146,      12.384,       0.980,       9.168
 429500         ,      19.386,       9.641,       0.672,       6.973
 430000         ,      17.707,       8.825,       0.504,       6.858
 430500         ,      19.045,      10.240,       0.625,       8.423
 431000         ,      15.534,      11.238,       0.403,       9.871
 431500         ,      18.890,      10.266,       0.414,       7.582
 432000         ,      17.436,      12.488,       1.509,       8.225
 432500         ,      18.117,       9.783,       0.358,       7.520
 433000         ,      17.673,      12.433,       1.094,       8.126
 433500         ,      18.462,       9.128,       0.603,       6.409
 434000         ,      19.493,       9.000,       0.478,       7.059
 434500         ,      17.737,       8.205,       0.546,       6.547
 435000         ,      20.824,       9.478,       0.952,       6.612
 435500         ,      16.194,      10.929,       0.580,       8.503
 436000         ,      20.211,       9.751,       0.605,       7.067
 436500         ,      15.598,      11.103,       0.519,       8.565
 437000         ,      17.431,      10.360,       0.477,       7.968
 437500         ,      21.015,       9.377,       1.369,       6.073
 438000         ,      16.701,       9.720,       0.521,       7.867
 438500         ,      17.721,      10.355,       0.583,       8.004
 439000         ,      19.754,      10.531,       0.636,       8.287
 439500         ,      17.130,      10.785,       0.454,       8.337
 440000         ,      20.786,       9.091,       0.700,       6.990
 440500         ,      17.877,      11.256,       0.483,       8.717
 441000         ,      18.399,       9.848,       0.364,       8.173
 441500         ,      16.824,       9.672,       0.934,       7.106
 442000         ,      18.327,      10.147,       0.499,       8.221
 442500         ,      21.339,       8.975,       0.887,       6.269
 443000         ,      18.993,      11.499,       0.382,       8.680
 443500         ,      18.231,       9.611,       0.570,       7.236
 444000         ,      18.530,       8.834,       0.461,       7.303
 444500         ,      19.106,      11.227,       0.557,       7.840
 445000         ,      16.839,      11.695,       0.453,       8.875
 445500         ,      15.864,      13.309,       1.080,      10.190
 446000         ,      21.738,       8.608,       0.942,       5.230
 446500         ,      21.043,      10.185,       0.854,       7.500
 447000         ,      17.729,       9.137,       0.850,       6.809
 447500         ,      20.996,      10.137,       0.595,       8.104
 448000         ,      19.163,       9.022,       0.362,       6.595
 448500         ,      16.404,      10.818,       0.951,       7.663
 449000         ,      24.309,       7.082,       1.248,       4.872
 449500         ,      15.846,      10.648,       0.511,       8.639
 450000         ,      18.861,      10.187,       0.456,       6.999
 450500         ,      15.551,      11.987,       0.889,       8.764
 451000         ,      18.045,      10.196,       0.634,       7.310
 451500         ,      21.151,       9.838,       0.953,       7.560
 452000         ,      21.394,       8.034,       1.028,       5.723
 452500         ,      18.146,       8.698,       0.790,       6.657
 453000         ,      19.224,       8.989,       0.558,       7.789
 453500         ,      21.086,       8.923,       0.617,       6.257
 454000         ,      18.551,       8.601,       0.470,       6.776
 454500         ,      24.401,       8.138,       0.791,       6.249
 455000         ,      17.911,      10.437,       1.247,       7.220
 455500         ,      24.095,       7.704,       1.511,       4.434
 456000         ,      18.136,      10.554,       0.405,       7.791
 456500         ,      18.517,       9.810,       0.532,       7.588
 457000         ,      19.000,       8.958,       0.404,       7.536
 457500         ,      19.008,      11.817,       1.022,       7.967
 458000         ,      14.281,       9.456,       1.030,       7.819
 458500         ,      18.938,      10.063,       0.440,       7.686
 459000         ,      20.868,       9.619,       0.533,       6.811
 459500         ,      20.533,       8.899,       1.050,       5.312
 460000         ,      22.227,       7.953,       0.690,       5.985
 460500         ,      17.472,      10.518,       0.807,       7.203
 461000         ,      16.023,      11.716,       1.151,       7.896
 461500         ,      15.402,      10.456,       0.564,       8.546
 462000         ,      18.962,       9.470,       0.923,       6.374
 462500         ,      18.362,       8.583,       0.785,       6.413
 463000         ,      19.713,      10.163,       0.925,       7.361
 463500         ,      16.989,      11.437,       0.503,       9.672
 464000         ,      19.662,       8.323,       0.455,       6.176
 464500         ,      15.055,      13.996,       0.932,      11.157
 465000         ,      20.867,       9.649,       0.378,       7.344
 465500         ,      18.422,      10.146,       0.762,       7.104
 466000         ,      16.539,      11.214,       0.345,       9.688
 466500         ,      17.493,      11.807,       0.740,       8.195
 467000         ,      18.999,      12.077,       0.892,       8.979
 467500         ,      18.197,      12.325,       0.645,       9.390
 468000         ,      14.913,      11.693,       0.680,       9.048
 468500         ,      17.436,      12.553,       0.571,       9.012
 469000         ,      17.827,      11.023,       0.387,       8.663
 469500         ,      20.158,       9.923,       0.368,       7.298
 470000         ,      17.662,      11.218,       0.646,       7.638
 470500         ,      17.558,      11.087,       0.559,       7.482
 471000         ,      15.201,      11.736,       0.708,       8.861
 471500         ,      17.397,      11.435,       0.842,       7.606
 472000         ,      20.076,       9.500,       0.714,       7.170
 472500         ,      15.872,      11.855,       0.959,       8.260
 473000         ,      17.269,      12.358,       0.563,       9.309
 473500         ,      20.292,       9.519,       0.835,       5.973
 474000         ,      19.952,       9.003,       0.465,       7.423
 474500         ,      21.870,       8.951,       0.816,       6.749
 475000         ,      16.104,      12.215,       1.008,       8.837
 475500         ,      19.309,       9.343,       0.357,       7.513
 476000         ,      22.197,      10.322,       0.771,       6.526
 476500         ,      16.359,      11.564,       0.531,       9.232
 477000         ,      20.846,      11.288,       1.203,       6.436
 477500         ,      15.659,      10.263,       0.489,       8.160
 478000         ,      21.820,       8.986,       0.775,       6.229
 478500         ,      17.294,      10.161,       0.396,       7.700
 479000         ,      18.080,      10.277,       0.685,       7.408
 479500         ,      19.182,      11.876,       0.560,       8.502
 480000         ,      21.184,       8.071,       0.599,       5.615
 480500         ,      16.772,      10.262,       0.401,       8.928
 481000         ,      16.066,      10.660,       1.036,       7.355
 481500         ,      17.623,       9.087,       0.591,       7.025
 482000         ,      17.073,       9.869,       1.293,       6.431
 482500         ,      20.893,      11.439,       1.031,       7.336
 483000         ,      18.471,      11.971,       0.578,       8.601
 483500         ,      21.648,       8.358,       0.729,       6.060
 484000         ,      19.657,      10.029,       0.900,       6.475
 484500         ,      19.395,       9.059,       0.870,       6.790
 485000         ,      17.405,      10.418,       0.748,       8.410
 485500         ,      17.897,      12.366,       0.754,       8.541
 486000         ,      17.132,      11.278,       0.346,       9.445
 486500         ,      17.973,       9.794,       0.362,       8.005
 487000         ,      18.630,      11.419,       0.426,       8.496
 487500         ,      19.588,       9.143,       0.332,       6.524
 488000         ,      19.579,      10.680,       0.786,       6.801
 488500         ,      18.818,      10.610,       0.437,       7.884
 489000         ,      17.738,      10.937,       0.515,       8.073
 489500         ,      18.389,      10.168,       0.755,       6.721
 490000         ,      20.807,       8.382,       0.533,       5.992
 490500         ,      18.882,      11.102,       0.455,       8.577
 491000         ,      21.853,       8.950,       1.969,       4.423
 491500         ,      20.520,      10.129,       1.021,       6.783
 492000         ,      16.601,      11.931,       0.753,       8.148
 492500         ,      18.091,      10.109,       0.358,       7.647
 493000         ,      18.774,       9.054,       0.578,       6.245
 493500         ,      15.655,      13.484,       0.874,      10.063
 494000         ,      20.216,      11.485,       0.698,       8.019
 494500         ,      18.959,      10.812,       0.897,       7.557
 495000         ,      19.806,       8.438,       0.189,       6.787
 495500         ,      20.659,      10.192,       0.681,       6.690
 496000         ,      19.001,      11.075,       0.578,       8.607
 496500         ,      18.733,      10.874,       0.607,       7.497
 497000         ,      20.268,       9.502,       0.558,       7.319
 497500         ,      18.486,       8.834,       0.823,       6.337
 498000         ,      21.444,      11.078,       0.931,       7.255
 498500         ,      19.820,       8.896,       0.813,       6.549
 499000         ,      19.144,      12.181,       0.781,       8.274
 499500         ,      18.912,      10.058,       1.034,       6.436
 500000         ,      22.899,       9.140,       0.920,       5.357
