--------------------------------------------------------------------------------
S H A P E   v2.1         Continuous Shape Measures calculation
(c) 2013  Electronic Structure Group, Universitat de Barcelona
                   Contact:  llunell@ub.edu                   
--------------------------------------------------------------------------------

coordination ZF2 

SP-4            1 D4h   Square                                             
T-4             2 Td    Tetrahedron                                        
SS-4            3 C2v   Seesaw                                             
vTBPY-4         4 C3v   Vacant trigonal bipyramid                          

Structure [ML4 ]         SP-4          T-4         SS-4      vTBPY-4
 0              ,      22.034,       5.423,       1.761,       4.606
 500            ,      23.741,       4.313,       2.277,       3.992
 1000           ,      21.685,       4.299,       2.330,       4.097
 1500           ,      24.476,       4.594,       1.805,       4.072
 2000           ,      21.828,       6.547,       0.948,       5.357
 2500           ,      21.810,       5.987,       1.465,       4.525
 3000           ,      20.132,       6.655,       1.347,       6.019
 3500           ,      21.633,       5.639,       1.674,       5.310
 4000           ,      22.348,       6.850,       0.599,       5.649
 4500           ,      19.869,       6.131,       0.735,       5.676
 5000           ,      23.182,       5.312,       1.679,       4.987
 5500           ,      20.764,       6.039,       1.051,       5.231
 6000           ,      19.493,       7.335,       1.026,       6.987
 6500           ,      22.027,       6.242,       0.764,       5.315
 7000           ,      19.413,       6.775,       1.675,       6.166
 7500           ,      20.681,       6.462,       0.947,       5.975
 8000           ,      22.207,       5.812,       1.020,       4.747
 8500           ,      21.848,       6.011,       1.314,       5.524
 9000           ,      23.295,       5.113,       1.404,       4.816
 9500           ,      17.721,       7.816,       0.679,       6.999
 10000          ,      23.447,       5.728,       1.180,       5.084
 10500          ,      20.735,       7.296,       1.281,       6.758
 11000          ,      19.989,       6.049,       0.935,       5.621
 11500          ,      23.196,       5.422,       1.341,       3.875
 12000          ,      19.573,       6.960,       0.769,       6.541
 12500          ,      20.138,       6.009,       1.077,       5.724
 13000          ,      21.054,       5.381,       1.617,       5.558
 13500          ,      21.006,       5.841,       0.750,       5.396
 14000          ,      22.419,       5.299,       1.300,       4.976
 14500          ,      18.707,       7.839,       0.847,       6.629
 15000          ,      19.022,       8.082,       1.096,       6.171
 15500          ,      19.525,       8.222,       0.957,       7.377
 16000          ,      26.344,       4.787,       3.379,       3.902
 16500          ,      13.797,      10.424,       1.249,      10.152
 17000          ,      18.876,       6.989,       0.790,       6.509
 17500          ,      17.780,       8.538,       1.254,       7.474
 18000          ,      21.004,       6.635,       0.752,       5.901
 18500          ,      18.477,       7.392,       0.659,       6.788
 19000          ,      21.546,       7.390,       0.549,       6.080
 19500          ,      19.944,       7.255,       0.763,       6.270
 20000          ,      18.801,       7.146,       1.103,       6.366
 20500          ,      19.211,       7.756,       1.217,       7.362
 21000          ,      21.099,       6.408,       1.249,       6.079
 21500          ,      21.287,       5.685,       1.153,       5.099
 22000          ,      22.976,       6.267,       1.304,       5.564
 22500          ,      18.672,       6.939,       0.971,       6.113
 23000          ,      21.513,       6.491,       1.325,       5.814
 23500          ,      20.532,       6.494,       1.142,       4.952
 24000          ,      19.808,       7.496,       1.326,       6.838
 24500          ,      17.937,       7.163,       1.520,       6.831
 25000          ,      20.727,       7.198,       0.865,       6.260
 25500          ,      17.246,       6.721,       1.044,       6.278
 26000          ,      21.108,       5.851,       0.792,       5.188
 26500          ,      23.077,       6.004,       1.185,       5.143
 27000          ,      18.929,       6.835,       1.094,       6.272
 27500          ,      22.024,       5.673,       1.273,       4.366
 28000          ,      21.706,       5.669,       1.286,       5.494
 28500          ,      20.279,       6.765,       1.030,       5.809
 29000          ,      22.739,       5.070,       1.586,       4.457
 29500          ,      20.684,       6.387,       1.393,       5.043
 30000          ,      17.318,       7.496,       1.032,       7.367
 30500          ,      20.760,       7.156,       0.849,       6.334
 31000          ,      22.283,       5.789,       1.782,       5.665
 31500          ,      18.835,       7.565,       0.810,       7.048
 32000          ,      23.089,       4.933,       1.330,       4.720
 32500          ,      20.708,       6.916,       1.038,       6.153
 33000          ,      18.360,       6.955,       1.349,       6.682
 33500          ,      23.768,       6.039,       1.806,       5.660
 34000          ,      18.038,       6.805,       1.007,       6.653
 34500          ,      20.089,       6.685,       0.850,       5.869
 35000          ,      21.235,       6.887,       1.194,       5.796
 35500          ,      20.769,       5.890,       1.240,       4.817
 36000          ,      19.738,       5.586,       0.992,       5.171
 36500          ,      22.966,       5.397,       1.911,       4.829
 37000          ,      16.052,       8.613,       1.009,       7.902
 37500          ,      20.134,       7.568,       1.075,       6.859
 38000          ,      20.990,       7.008,       1.329,       6.171
 38500          ,      22.102,       7.111,       0.813,       5.400
 39000          ,      18.577,       8.463,       0.937,       7.257
 39500          ,      21.647,       5.832,       1.933,       5.788
 40000          ,      23.010,       5.001,       1.416,       4.590
 40500          ,      18.140,       7.953,       1.116,       7.561
 41000          ,      26.356,       5.237,       2.204,       4.096
 41500          ,      22.797,       4.641,       1.578,       4.673
 42000          ,      19.526,       7.004,       0.638,       6.555
 42500          ,      21.345,       5.193,       1.366,       5.006
 43000          ,      21.040,       5.574,       1.638,       5.632
 43500          ,      19.119,       7.430,       0.910,       6.391
 44000          ,      18.035,       7.243,       1.114,       5.909
 44500          ,      24.419,       6.815,       1.999,       4.169
 45000          ,      23.426,       5.414,       1.368,       4.415
 45500          ,      20.673,       6.037,       0.974,       5.822
 46000          ,      22.311,       4.616,       2.020,       4.848
 46500          ,      21.839,       5.313,       0.947,       5.042
 47000          ,      18.032,       6.505,       0.945,       5.902
 47500          ,      22.439,       5.965,       0.829,       4.470
 48000          ,      23.446,       5.711,       1.577,       5.202
 48500          ,      20.203,       6.730,       0.697,       6.068
 49000          ,      23.641,       5.561,       1.458,       4.287
 49500          ,      19.207,       7.233,       1.148,       6.711
 50000          ,      19.340,       6.954,       1.410,       5.966
 50500          ,      23.230,       5.554,       1.404,       4.740
 51000          ,      20.827,       5.270,       1.122,       5.418
 51500          ,      21.901,       5.467,       1.429,       5.421
 52000          ,      23.231,       5.744,       1.484,       4.654
 52500          ,      23.056,       5.141,       1.227,       5.004
 53000          ,      20.814,       5.906,       0.971,       5.372
 53500          ,      26.201,       4.673,       1.804,       3.476
 54000          ,      23.175,       6.243,       1.660,       4.415
 54500          ,      19.885,       6.166,       0.743,       5.783
 55000          ,      20.335,       5.742,       1.598,       5.905
 55500          ,      18.711,       6.891,       0.943,       6.312
 56000          ,      20.777,       6.842,       0.898,       5.762
 56500          ,      18.440,       6.995,       0.952,       6.426
 57000          ,      22.082,       6.985,       1.994,       5.678
 57500          ,      18.194,       7.566,       1.123,       6.947
 58000          ,      22.509,       5.844,       1.011,       4.587
 58500          ,      17.688,       8.029,       1.370,       7.168
 59000          ,      18.988,       6.519,       1.238,       5.754
 59500          ,      21.687,       5.771,       1.292,       5.467
 60000          ,      18.508,       7.050,       1.305,       6.979
 60500          ,      20.260,       7.178,       0.945,       5.976
 61000          ,      23.520,       6.119,       1.842,       5.667
 61500          ,      21.635,       6.519,       0.860,       4.566
 62000          ,      17.168,       7.871,       1.426,       7.529
 62500          ,      20.418,       6.898,       1.306,       6.348
 63000          ,      16.847,       8.607,       1.129,       8.074
 63500          ,      22.808,       6.871,       1.610,       5.745
 64000          ,      20.540,       6.161,       0.868,       5.413
 64500          ,      20.346,       6.353,       1.113,       5.502
 65000          ,      21.468,       5.661,       1.388,       4.982
 65500          ,      23.247,       5.076,       1.794,       4.824
 66000          ,      24.232,       6.205,       1.246,       4.946
 66500          ,      22.387,       5.025,       1.189,       4.467
 67000          ,      14.488,       9.883,       1.645,       9.688
 67500          ,      19.041,       6.709,       1.157,       6.712
 68000          ,      20.555,       6.644,       1.379,       6.196
 68500          ,      19.556,       6.677,       1.017,       6.246
 69000          ,      25.266,       5.263,       2.253,       4.892
 69500          ,      18.377,       7.972,       0.665,       6.841
 70000          ,      19.867,       7.140,       1.006,       5.931
 70500          ,      20.587,       5.367,       1.585,       4.763
 71000          ,      21.238,       6.118,       1.186,       5.867
 71500          ,      17.877,       6.230,       1.131,       6.612
 72000          ,      19.054,       5.396,       1.332,       5.749
 72500          ,      16.058,       8.540,       0.636,       7.276
 73000          ,      17.918,       5.730,       2.055,       6.265
 73500          ,      19.459,       6.666,       1.315,       5.729
 74000          ,      18.381,       5.951,       1.359,       6.397
 74500          ,      17.513,       7.437,       0.912,       7.166
 75000          ,      17.247,       7.124,       0.959,       6.690
 75500          ,      16.654,       8.485,       0.590,       7.989
 76000          ,      18.832,       6.692,       0.798,       6.404
 76500          ,      15.893,       8.813,       0.834,       8.297
 77000          ,      20.068,       6.717,       0.982,       5.735
 77500          ,      15.556,       8.609,       1.064,       8.591
 78000          ,      17.032,       7.149,       1.211,       6.992
 78500          ,      17.103,       6.949,       0.982,       6.961
 79000          ,      16.415,       7.078,       1.184,       7.223
 79500          ,      21.914,       5.659,       0.915,       4.963
 80000          ,      17.081,       6.572,       1.801,       6.906
 80500          ,      19.064,       5.603,       1.405,       5.471
 81000          ,      18.907,       6.484,       1.237,       6.494
 81500          ,      20.258,       5.979,       1.100,       5.973
 82000          ,      17.657,       7.281,       1.118,       6.315
 82500          ,      16.500,       7.657,       0.851,       7.430
 83000          ,      22.788,       4.907,       1.617,       4.964
 83500          ,      19.732,       6.737,       0.957,       6.155
 84000          ,      19.245,       6.893,       1.098,       6.562
 84500          ,      15.464,       7.804,       1.619,       7.266
 85000          ,      20.145,       5.356,       1.312,       4.649
 85500          ,      16.238,       6.852,       1.643,       7.496
 86000          ,      15.961,       6.708,       1.666,       7.385
 86500          ,      18.197,       7.193,       0.999,       6.634
 87000          ,      20.209,       6.632,       0.641,       6.156
 87500          ,      20.415,       6.043,       1.041,       5.076
 88000          ,      14.806,       8.361,       1.237,       8.043
 88500          ,      22.273,       6.998,       1.589,       6.406
 89000          ,      20.303,       5.902,       0.860,       5.528
 89500          ,      19.665,       7.054,       0.914,       6.337
 90000          ,      18.732,       6.284,       1.229,       5.838
 90500          ,      19.728,       7.104,       1.022,       6.235
 91000          ,      16.473,       8.559,       0.701,       7.073
 91500          ,      18.762,       6.011,       1.518,       5.701
 92000          ,      18.316,       7.865,       1.200,       6.264
 92500          ,      17.601,       6.751,       0.840,       6.682
 93000          ,      22.104,       5.471,       1.360,       4.592
 93500          ,      17.847,       7.435,       0.880,       7.202
 94000          ,      16.742,       7.581,       1.552,       7.488
 94500          ,      18.506,       7.359,       0.629,       6.291
 95000          ,      22.852,       5.334,       1.839,       4.547
 95500          ,      16.769,       6.967,       1.169,       6.525
 96000          ,      20.981,       5.633,       1.566,       5.091
 96500          ,      19.859,       6.705,       1.267,       6.345
 97000          ,      16.202,       7.606,       1.153,       7.878
 97500          ,      18.560,       7.521,       0.821,       6.250
 98000          ,      16.120,       9.965,       1.157,       9.211
 98500          ,      15.875,       8.042,       1.176,       7.716
 99000          ,      17.425,       7.242,       0.889,       6.369
 99500          ,      15.023,       8.601,       1.074,       8.470
 100000         ,      18.087,       7.165,       0.857,       6.788
 100500         ,      20.107,       6.669,       1.116,       5.978
 101000         ,      16.637,       6.625,       1.458,       7.298
 101500         ,      19.474,       7.069,       0.729,       6.756
 102000         ,      17.512,       6.313,       1.338,       6.337
 102500         ,      18.047,       6.165,       1.103,       5.750
 103000         ,      19.105,       6.243,       1.463,       5.905
 103500         ,      16.279,       7.915,       1.372,       7.820
 104000         ,      21.212,       6.314,       1.308,       5.788
 104500         ,      17.871,       7.964,       0.326,       7.252
 105000         ,      21.372,       6.244,       1.881,       5.516
 105500         ,      19.339,       6.988,       0.954,       6.470
 106000         ,      19.203,       6.643,       1.048,       6.457
 106500         ,      20.063,       6.692,       0.931,       6.137
 107000         ,      18.379,       6.591,       0.774,       5.902
 107500         ,      22.766,       6.183,       1.631,       5.000
 108000         ,      16.030,       8.773,       0.442,       8.218
 108500         ,      21.580,       6.460,       1.182,       5.977
 109000         ,      17.469,       8.357,       1.625,       6.820
 109500         ,      18.501,       6.355,       1.296,       6.189
 110000         ,      16.910,       8.364,       0.706,       7.754
 110500         ,      19.011,       5.802,       1.124,       5.964
 111000         ,      17.735,       7.457,       0.630,       6.610
 111500         ,      20.236,       6.264,       1.053,       6.212
 112000         ,      16.319,       8.791,       0.632,       8.002
 112500         ,      14.880,       9.311,       1.252,       9.303
 113000         ,      21.144,       5.220,       1.602,       5.102
 113500         ,      19.598,       5.951,       0.953,       5.948
 114000         ,      19.582,       5.575,       1.021,       5.777
 114500         ,      22.554,       5.423,       1.305,       5.281
 115000         ,      17.390,       8.446,       0.889,       7.071
 115500         ,      18.100,       7.118,       0.943,       6.356
 116000         ,      17.276,       7.867,       0.898,       7.597
 116500         ,      21.503,       6.229,       1.014,       5.324
 117000         ,      15.220,       9.051,       1.240,       8.900
 117500         ,      22.219,       5.964,       1.075,       5.130
 118000         ,      16.440,       5.706,       1.878,       6.485
 118500         ,      17.028,       7.468,       1.270,       7.263
 119000         ,      20.603,       4.865,       1.992,       5.563
 119500         ,      17.851,       7.715,       1.003,       7.136
 120000         ,      18.127,       6.719,       1.160,       6.107
 120500         ,      16.116,       8.735,       0.908,       7.599
 121000         ,      17.958,       6.698,       1.067,       6.425
 121500         ,      14.611,       8.367,       1.886,       8.527
 122000         ,      18.622,       6.925,       0.855,       6.399
 122500         ,      16.773,       7.657,       0.795,       7.613
 123000         ,      17.648,       8.426,       0.512,       7.374
 123500         ,      15.752,       8.021,       1.694,       8.175
 124000         ,      14.515,       8.355,       1.352,       8.447
 124500         ,      17.932,       7.985,       1.375,       6.613
 125000         ,      19.818,       6.526,       0.628,       6.174
 125500         ,      18.105,       7.530,       0.779,       6.842
 126000         ,      16.587,       8.433,       0.887,       8.014
 126500         ,      17.645,       7.140,       1.935,       7.406
 127000         ,      15.397,       8.601,       0.983,       8.436
 127500         ,      16.699,       7.596,       0.833,       7.473
 128000         ,      16.198,       9.664,       0.915,       8.896
 128500         ,      16.516,       8.683,       0.844,       7.224
 129000         ,      17.959,       8.318,       0.555,       7.232
 129500         ,      23.327,       6.128,       1.251,       5.229
 130000         ,      18.986,       7.885,       1.031,       6.673
 130500         ,      12.873,      10.272,       1.390,      10.318
 131000         ,      17.679,       7.822,       0.826,       6.456
 131500         ,      22.392,       5.680,       1.138,       4.547
 132000         ,      17.888,       7.342,       1.206,       6.568
 132500         ,      20.601,       6.355,       1.078,       5.603
 133000         ,      19.259,       6.404,       1.110,       6.199
 133500         ,      16.947,       9.436,       0.850,       7.231
 134000         ,      20.028,       6.456,       0.580,       5.309
 134500         ,      16.503,       8.030,       1.033,       7.369
 135000         ,      18.039,       7.465,       0.753,       6.545
 135500         ,      21.282,       7.514,       1.272,       5.766
 136000         ,      19.341,       6.633,       0.662,       6.305
 136500         ,      15.789,       9.290,       1.018,       8.153
 137000         ,      15.991,       8.747,       1.082,       8.210
 137500         ,      22.558,       5.936,       1.124,       5.407
 138000         ,      19.141,       7.250,       0.766,       6.192
 138500         ,      21.591,       6.487,       1.365,       6.126
 139000         ,      22.816,       6.138,       0.745,       5.116
 139500         ,      20.857,       5.835,       1.189,       5.635
 140000         ,      20.762,       6.116,       0.999,       5.452
 140500         ,      19.998,       7.175,       0.683,       5.843
 141000         ,      16.123,       8.151,       1.111,       7.541
 141500         ,      20.573,       6.742,       0.819,       6.096
 142000         ,      21.793,       6.044,       0.838,       4.363
 142500         ,      19.018,       6.821,       0.940,       6.476
 143000         ,      18.194,       6.963,       1.001,       6.935
 143500         ,      15.604,       7.946,       1.251,       7.988
 144000         ,      19.559,       5.821,       1.311,       5.590
 144500         ,      18.104,       6.850,       0.817,       6.813
 145000         ,      18.879,       6.262,       0.868,       6.242
 145500         ,      17.598,       6.097,       1.010,       6.066
 146000         ,      18.273,       5.954,       1.493,       6.025
 146500         ,      19.091,       6.229,       0.987,       6.024
 147000         ,      17.991,       5.927,       1.548,       6.463
 147500         ,      20.224,       5.134,       1.348,       5.225
 148000         ,      21.706,       5.973,       0.855,       4.790
 148500         ,      17.223,       7.247,       1.041,       6.331
 149000         ,      17.334,       5.945,       1.687,       6.032
 149500         ,      21.183,       6.454,       0.640,       5.958
 150000         ,      15.171,       7.321,       2.002,       7.731
 150500         ,      20.824,       5.887,       0.955,       5.394
 151000         ,      15.612,       7.155,       1.774,       6.982
 151500         ,      16.634,       7.366,       1.332,       6.605
 152000         ,      17.222,       6.119,       1.166,       6.319
 152500         ,      21.528,       6.224,       1.718,       6.012
 153000         ,      17.351,       7.531,       0.764,       7.017
 153500         ,      17.887,       6.874,       1.732,       6.802
 154000         ,      20.655,       6.270,       0.957,       5.120
 154500         ,      20.102,       6.330,       0.629,       5.492
 155000         ,      19.623,       6.028,       0.809,       5.352
 155500         ,      18.433,       6.119,       1.070,       5.859
 156000         ,      18.096,       6.934,       1.124,       5.977
 156500         ,      19.996,       6.772,       0.878,       5.371
 157000         ,      16.992,       5.870,       1.686,       6.230
 157500         ,      18.319,       5.641,       1.173,       5.414
 158000         ,      21.856,       4.591,       1.539,       4.861
 158500         ,      19.825,       6.862,       0.815,       6.261
 159000         ,      17.437,       6.345,       1.676,       7.091
 159500         ,      16.634,       7.397,       2.403,       7.295
 160000         ,      19.491,       6.506,       1.118,       6.020
 160500         ,      24.816,       5.754,       2.047,       3.678
 161000         ,      22.173,       5.886,       1.764,       4.279
 161500         ,      18.741,       5.525,       1.525,       4.940
 162000         ,      16.146,       7.438,       1.662,       6.434
 162500         ,      17.279,       7.558,       1.500,       6.990
 163000         ,      19.271,       6.132,       0.902,       6.010
 163500         ,      20.809,       6.385,       1.327,       5.786
 164000         ,      18.556,       7.684,       0.854,       5.469
 164500         ,      16.074,       6.696,       1.350,       6.349
 165000         ,      19.849,       6.530,       0.744,       5.921
 165500         ,      21.407,       6.589,       1.407,       5.185
 166000         ,      21.682,       6.119,       0.656,       5.046
 166500         ,      18.566,       6.903,       1.577,       5.498
 167000         ,      17.993,       5.500,       1.918,       6.010
 167500         ,      17.083,       7.741,       1.051,       7.103
 168000         ,      21.395,       5.545,       1.450,       4.758
 168500         ,      17.251,       7.707,       1.014,       6.377
 169000         ,      20.662,       5.369,       1.686,       4.578
 169500         ,      20.447,       5.991,       1.187,       4.809
 170000         ,      22.067,       4.753,       1.630,       4.112
 170500         ,      19.576,       7.695,       0.532,       6.569
 171000         ,      21.810,       5.238,       1.390,       4.848
 171500         ,      22.272,       5.269,       1.154,       5.000
 172000         ,      22.035,       4.559,       1.850,       4.654
 172500         ,      19.762,       5.468,       1.504,       5.200
 173000         ,      20.256,       5.537,       1.422,       4.655
 173500         ,      20.387,       6.737,       0.772,       4.816
 174000         ,      16.084,       9.043,       0.878,       8.061
 174500         ,      21.400,       5.271,       1.199,       5.008
 175000         ,      17.209,       6.192,       1.592,       5.811
 175500         ,      18.160,       7.640,       0.667,       6.333
 176000         ,      21.076,       5.858,       0.896,       4.871
 176500         ,      23.161,       5.077,       1.264,       4.050
 177000         ,      19.118,       6.111,       1.962,       5.950
 177500         ,      24.626,       5.539,       1.525,       4.641
 178000         ,      20.803,       6.283,       1.165,       4.776
 178500         ,      24.059,       4.336,       1.549,       4.221
 179000         ,      21.866,       6.499,       1.088,       5.493
 179500         ,      13.898,       7.671,       1.453,       7.973
 180000         ,      19.555,       8.423,       1.238,       5.419
 180500         ,      21.745,       5.232,       1.245,       5.148
 181000         ,      22.158,       6.390,       1.607,       6.021
 181500         ,      21.185,       6.232,       0.869,       5.225
 182000         ,      23.764,       5.319,       1.260,       3.949
 182500         ,      17.338,       6.278,       1.469,       5.946
 183000         ,      14.390,       8.545,       1.185,       8.180
 183500         ,      18.105,       6.720,       1.581,       5.249
 184000         ,      23.857,       5.049,       1.634,       4.719
 184500         ,      20.892,       4.937,       1.366,       4.654
 185000         ,      23.817,       4.273,       2.316,       3.384
 185500         ,      17.257,       7.075,       1.187,       6.222
 186000         ,      23.540,       6.116,       1.131,       4.929
 186500         ,      19.485,       7.035,       1.025,       5.739
 187000         ,      16.875,       7.342,       1.588,       6.277
 187500         ,      22.103,       5.453,       1.698,       3.752
 188000         ,      20.693,       6.254,       1.453,       5.150
 188500         ,      20.954,       6.798,       0.934,       5.714
 189000         ,      21.520,       6.308,       0.806,       5.477
 189500         ,      19.378,       6.878,       0.918,       5.620
 190000         ,      20.799,       5.879,       1.822,       4.960
 190500         ,      19.789,       6.794,       0.662,       5.509
 191000         ,      17.959,       7.418,       1.519,       6.714
 191500         ,      21.001,       6.131,       1.060,       5.445
 192000         ,      21.552,       6.669,       1.614,       6.089
 192500         ,      23.381,       4.695,       2.024,       3.231
 193000         ,      20.130,       5.681,       1.330,       4.780
 193500         ,      22.604,       6.375,       1.481,       4.823
 194000         ,      18.206,       6.876,       0.915,       6.690
 194500         ,      21.814,       4.454,       1.814,       5.076
 195000         ,      20.410,       5.776,       1.245,       5.725
 195500         ,      19.411,       6.279,       0.868,       6.009
 196000         ,      19.669,       7.129,       0.724,       6.411
 196500         ,      21.543,       5.955,       0.998,       4.770
 197000         ,      20.977,       5.497,       1.648,       5.421
 197500         ,      20.642,       6.075,       0.862,       5.675
 198000         ,      19.353,       5.527,       1.094,       5.285
 198500         ,      19.759,       6.371,       1.230,       5.197
 199000         ,      21.196,       6.462,       1.216,       5.728
 199500         ,      24.632,       4.530,       1.779,       2.940
 200000         ,      20.972,       6.282,       1.169,       4.709
 200500         ,      16.143,       7.164,       1.734,       6.326
 201000         ,      18.642,       6.565,       1.410,       6.186
 201500         ,      21.417,       5.927,       0.942,       5.193
 202000         ,      24.197,       5.316,       1.307,       3.982
 202500         ,      20.098,       5.519,       0.910,       5.593
 203000         ,      18.524,       7.250,       0.784,       5.808
 203500         ,      22.050,       5.751,       1.001,       4.005
 204000         ,      21.213,       4.944,       1.452,       4.827
 204500         ,      16.284,       7.059,       1.003,       6.640
 205000         ,      19.334,       6.372,       1.004,       5.691
 205500         ,      20.314,       5.735,       1.022,       5.353
 206000         ,      24.043,       4.110,       2.217,       3.587
 206500         ,      17.426,       7.706,       0.562,       7.306
 207000         ,      17.039,       7.452,       0.654,       7.289
 207500         ,      21.909,       5.373,       1.051,       4.455
 208000         ,      23.398,       5.985,       1.314,       4.493
 208500         ,      18.402,       6.647,       0.672,       6.487
 209000         ,      14.334,       8.934,       2.274,       9.525
 209500         ,      19.225,       6.057,       1.362,       5.338
 210000         ,      17.691,       5.890,       1.597,       5.736
 210500         ,      19.545,       7.099,       1.109,       5.722
 211000         ,      19.446,       6.296,       1.261,       5.522
 211500         ,      21.484,       4.919,       1.850,       4.724
 212000         ,      18.123,       6.961,       0.763,       6.329
 212500         ,      21.028,       5.273,       1.579,       5.166
 213000         ,      18.734,       6.767,       0.963,       6.351
 213500         ,      17.085,       7.174,       1.184,       6.058
 214000         ,      19.473,       5.766,       1.305,       5.977
 214500         ,      19.949,       5.151,       1.785,       5.677
 215000         ,      20.751,       6.216,       0.910,       5.978
 215500         ,      16.535,       6.420,       1.593,       6.188
 216000         ,      18.014,       6.262,       1.160,       6.032
 216500         ,      26.131,       5.403,       2.546,       3.951
 217000         ,      21.885,       5.056,       1.418,       4.433
 217500         ,      19.728,       6.365,       0.964,       6.068
 218000         ,      19.568,       6.248,       0.614,       5.877
 218500         ,      21.197,       6.463,       1.224,       5.099
 219000         ,      18.688,       7.069,       0.950,       6.664
 219500         ,      21.858,       6.593,       0.645,       5.313
 220000         ,      16.000,       6.345,       1.571,       6.767
 220500         ,      20.000,       6.766,       1.208,       6.330
 221000         ,      22.155,       5.186,       1.336,       3.852
 221500         ,      20.782,       7.457,       0.746,       5.784
 222000         ,      20.496,       6.676,       0.963,       5.636
 222500         ,      17.738,       7.602,       1.185,       6.589
 223000         ,      18.540,       6.828,       1.043,       6.398
 223500         ,      16.862,       7.831,       1.628,       6.864
 224000         ,      18.285,       6.466,       1.071,       6.184
 224500         ,      22.147,       5.190,       1.781,       4.808
 225000         ,      22.637,       5.420,       1.713,       4.610
 225500         ,      21.931,       6.106,       1.432,       4.663
 226000         ,      16.106,       7.756,       0.969,       7.707
 226500         ,      21.762,       5.395,       1.225,       4.891
 227000         ,      20.402,       5.551,       1.166,       4.723
 227500         ,      18.159,       7.310,       0.856,       5.619
 228000         ,      20.485,       5.173,       1.152,       4.671
 228500         ,      22.027,       5.624,       1.120,       5.431
 229000         ,      17.813,       7.164,       1.411,       6.391
 229500         ,      17.204,       6.948,       1.568,       7.178
 230000         ,      20.868,       5.724,       1.293,       4.706
 230500         ,      17.206,       7.710,       1.574,       7.669
 231000         ,      19.577,       5.749,       1.486,       5.388
 231500         ,      20.807,       6.204,       0.882,       5.789
 232000         ,      19.572,       6.179,       0.905,       5.796
 232500         ,      22.566,       5.317,       1.377,       5.149
 233000         ,      18.345,       6.743,       0.594,       6.178
 233500         ,      20.406,       7.288,       1.111,       6.380
 234000         ,      24.414,       4.152,       2.221,       4.379
 234500         ,      20.755,       5.643,       1.402,       4.896
 235000         ,      14.601,       8.334,       1.456,       8.484
 235500         ,      19.186,       6.157,       1.202,       6.104
 236000         ,      19.911,       7.157,       1.556,       6.554
 236500         ,      21.263,       5.362,       1.460,       4.432
 237000         ,      19.376,       6.421,       0.944,       6.169
 237500         ,      18.172,       6.684,       1.102,       6.054
 238000         ,      20.773,       5.568,       1.169,       4.710
 238500         ,      19.004,       6.186,       1.100,       5.681
 239000         ,      17.031,       7.387,       1.061,       6.875
 239500         ,      22.029,       5.480,       1.139,       5.345
 240000         ,      18.701,       5.371,       1.650,       5.351
 240500         ,      18.616,       5.612,       2.236,       5.729
 241000         ,      18.745,       6.566,       1.786,       6.947
 241500         ,      14.104,       8.824,       1.684,       8.696
 242000         ,      23.334,       4.522,       2.290,       4.587
 242500         ,      20.773,       6.710,       0.840,       4.816
 243000         ,      22.377,       5.372,       1.016,       5.160
 243500         ,      19.614,       5.589,       1.031,       5.518
 244000         ,      18.209,       7.167,       1.136,       6.457
 244500         ,      17.884,       6.869,       1.281,       6.765
 245000         ,      17.946,       6.572,       1.326,       5.825
 245500         ,      21.046,       5.580,       1.013,       5.002
 246000         ,      20.324,       5.742,       1.281,       5.784
 246500         ,      20.719,       5.459,       1.169,       4.631
 247000         ,      18.595,       6.083,       1.123,       5.525
 247500         ,      19.372,       5.429,       1.543,       4.544
 248000         ,      22.102,       5.511,       1.525,       4.783
 248500         ,      20.810,       5.990,       1.203,       4.958
 249000         ,      18.756,       6.307,       1.066,       5.519
 249500         ,      22.253,       5.558,       1.812,       5.016
 250000         ,      20.852,       5.340,       0.985,       4.790
 250500         ,      22.584,       5.002,       1.266,       4.831
 251000         ,      19.446,       6.575,       1.213,       4.752
 251500         ,      17.639,       6.330,       1.055,       6.046
 252000         ,      17.648,       7.816,       0.841,       6.737
 252500         ,      21.747,       5.723,       0.904,       4.994
 253000         ,      19.493,       6.172,       0.930,       5.966
 253500         ,      21.179,       7.064,       1.383,       5.931
 254000         ,      20.586,       6.018,       0.809,       5.063
 254500         ,      15.831,       7.563,       0.798,       7.348
 255000         ,      19.916,       6.709,       1.006,       5.274
 255500         ,      19.897,       5.789,       1.572,       5.170
 256000         ,      20.442,       4.984,       1.568,       5.043
 256500         ,      21.012,       5.510,       1.039,       5.138
 257000         ,      20.874,       6.901,       0.669,       5.985
 257500         ,      16.912,       6.642,       1.518,       6.040
 258000         ,      17.056,       5.722,       1.911,       6.774
 258500         ,      18.193,       5.845,       1.541,       6.257
 259000         ,      17.705,       6.321,       1.252,       5.997
 259500         ,      18.334,       6.575,       1.028,       6.089
 260000         ,      18.793,       6.905,       0.915,       5.748
 260500         ,      19.072,       6.418,       1.454,       5.036
 261000         ,      23.845,       5.532,       2.445,       4.804
 261500         ,      17.172,       6.548,       1.569,       5.848
 262000         ,      19.495,       6.271,       1.310,       6.256
 262500         ,      18.574,       6.628,       0.701,       6.182
 263000         ,      19.122,       6.484,       1.241,       5.147
 263500         ,      19.253,       6.084,       1.519,       5.891
 264000         ,      21.410,       4.621,       1.405,       4.921
 264500         ,      21.980,       5.495,       1.144,       4.567
 265000         ,      19.635,       7.202,       0.764,       6.764
 265500         ,      22.851,       6.381,       1.757,       3.431
 266000         ,      20.836,       5.587,       1.409,       5.182
 266500         ,      18.746,       6.340,       0.987,       5.950
 267000         ,      17.781,       6.117,       1.086,       5.713
 267500         ,      16.139,       8.351,       0.917,       6.986
 268000         ,      18.504,       6.393,       1.079,       6.313
 268500         ,      21.549,       6.590,       0.917,       5.907
 269000         ,      19.903,       5.292,       1.773,       5.007
 269500         ,      20.584,       6.215,       1.069,       4.970
 270000         ,      18.876,       7.053,       0.799,       5.838
 270500         ,      20.335,       5.538,       0.993,       5.195
 271000         ,      23.226,       5.466,       1.003,       4.282
 271500         ,      20.534,       6.395,       0.859,       5.556
 272000         ,      17.725,       6.635,       1.384,       5.791
 272500         ,      16.242,       7.289,       1.188,       6.576
 273000         ,      26.776,       4.833,       2.277,       3.318
 273500         ,      20.531,       6.626,       0.837,       5.067
 274000         ,      21.399,       6.943,       1.095,       5.609
 274500         ,      21.220,       5.492,       1.291,       4.997
 275000         ,      18.364,       5.999,       1.700,       5.719
 275500         ,      17.542,       5.828,       2.011,       5.581
 276000         ,      19.378,       5.586,       1.361,       5.146
 276500         ,      22.174,       5.582,       1.118,       5.110
 277000         ,      21.331,       5.764,       1.689,       4.471
 277500         ,      21.384,       6.415,       1.474,       4.808
 278000         ,      18.312,       6.992,       0.676,       6.613
 278500         ,      19.425,       5.973,       1.012,       6.028
 279000         ,      17.480,       6.166,       1.275,       5.590
 279500         ,      20.703,       5.232,       1.320,       4.901
 280000         ,      19.863,       5.890,       0.884,       4.962
 280500         ,      18.214,       6.368,       1.036,       5.879
 281000         ,      19.625,       6.015,       1.550,       5.008
 281500         ,      20.679,       6.444,       0.872,       5.840
 282000         ,      18.733,       6.417,       0.744,       5.546
 282500         ,      18.357,       6.261,       1.005,       6.408
 283000         ,      23.245,       5.253,       1.934,       3.276
 283500         ,      19.664,       6.344,       0.839,       5.813
 284000         ,      19.366,       6.836,       1.070,       5.968
 284500         ,      19.179,       6.222,       1.147,       5.067
 285000         ,      19.301,       7.087,       0.690,       6.236
 285500         ,      18.975,       5.546,       1.151,       5.771
 286000         ,      20.652,       5.566,       1.139,       4.646
 286500         ,      21.025,       5.294,       1.551,       5.036
 287000         ,      24.547,       5.270,       1.528,       4.341
 287500         ,      16.974,       8.128,       0.892,       6.627
 288000         ,      15.696,       7.031,       1.208,       7.438
 288500         ,      20.156,       6.245,       1.076,       4.962
 289000         ,      18.729,       6.835,       1.255,       5.866
 289500         ,      20.285,       6.474,       1.016,       6.185
 290000         ,      20.898,       5.859,       1.016,       5.424
 290500         ,      22.501,       6.364,       1.684,       5.297
 291000         ,      20.748,       5.944,       1.371,       5.654
 291500         ,      20.646,       5.494,       1.135,       4.388
 292000         ,      21.389,       5.729,       1.052,       4.337
 292500         ,      20.006,       5.804,       0.868,       5.206
 293000         ,      19.693,       5.453,       1.423,       4.888
 293500         ,      23.049,       5.287,       1.165,       5.013
 294000         ,      19.605,       5.835,       1.233,       5.414
 294500         ,      17.102,       6.519,       1.212,       6.495
 295000         ,      20.375,       5.853,       1.410,       5.501
 295500         ,      20.459,       5.241,       1.279,       4.353
 296000         ,      19.035,       5.955,       1.556,       4.589
 296500         ,      21.452,       6.101,       1.198,       5.773
 297000         ,      25.432,       5.270,       1.996,       4.648
 297500         ,      18.893,       5.677,       1.177,       5.637
 298000         ,      20.594,       6.362,       1.259,       4.776
 298500         ,      17.408,       7.117,       0.803,       6.719
 299000         ,      17.914,       6.164,       0.880,       6.201
 299500         ,      18.577,       5.125,       1.531,       5.467
 300000         ,      21.987,       5.266,       1.535,       3.361
 300500         ,      19.601,       5.824,       1.355,       4.780
 301000         ,      21.522,       5.920,       1.091,       4.518
 301500         ,      19.986,       5.764,       1.527,       6.074
 302000         ,      21.687,       6.028,       1.152,       4.510
 302500         ,      22.745,       4.749,       1.749,       3.593
 303000         ,      16.802,       6.716,       1.495,       7.075
 303500         ,      15.821,       8.319,       0.850,       7.031
 304000         ,      16.659,       7.594,       1.442,       6.686
 304500         ,      22.054,       5.088,       0.970,       4.974
 305000         ,      18.967,       6.728,       0.921,       6.620
 305500         ,      14.845,       8.031,       1.697,       8.693
 306000         ,      20.966,       5.416,       1.245,       4.316
 306500         ,      20.059,       5.605,       1.184,       5.228
 307000         ,      22.023,       5.930,       0.966,       5.321
 307500         ,      19.611,       8.197,       0.793,       6.558
 308000         ,      20.967,       5.604,       1.547,       5.672
 308500         ,      15.102,       8.744,       1.215,       8.705
 309000         ,      17.227,       7.082,       1.142,       6.768
 309500         ,      20.229,       5.687,       0.909,       5.405
 310000         ,      19.498,       6.488,       0.975,       5.569
 310500         ,      19.106,       6.988,       0.796,       5.716
 311000         ,      20.544,       5.723,       1.163,       4.373
 311500         ,      16.752,       6.657,       1.335,       6.496
 312000         ,      15.609,       7.833,       1.795,       7.595
 312500         ,      19.217,       5.555,       1.019,       5.817
 313000         ,      25.134,       5.166,       1.703,       3.728
 313500         ,      22.361,       5.317,       0.961,       4.377
 314000         ,      17.058,       7.643,       0.717,       6.836
 314500         ,      22.466,       6.969,       1.143,       5.290
 315000         ,      17.582,       5.980,       1.249,       5.732
 315500         ,      18.901,       6.979,       0.835,       6.363
 316000         ,      19.573,       6.602,       1.111,       5.212
 316500         ,      19.266,       7.433,       0.436,       6.603
 317000         ,      20.226,       5.722,       0.877,       5.333
 317500         ,      21.960,       5.317,       0.960,       5.061
 318000         ,      18.683,       7.695,       0.724,       6.727
 318500         ,      19.506,       6.991,       1.153,       6.228
 319000         ,      20.880,       6.823,       0.619,       5.960
 319500         ,      20.527,       6.627,       0.949,       5.072
 320000         ,      21.282,       6.555,       0.959,       5.747
 320500         ,      17.825,       6.680,       0.858,       6.793
 321000         ,      19.372,       7.041,       1.055,       5.751
 321500         ,      16.053,       8.033,       0.722,       7.810
 322000         ,      20.789,       5.175,       1.498,       5.450
 322500         ,      18.026,       8.220,       0.655,       6.438
 323000         ,      19.811,       7.294,       0.774,       5.731
 323500         ,      15.350,       8.168,       1.127,       7.287
 324000         ,      16.463,       6.575,       1.815,       6.645
 324500         ,      16.684,       7.809,       0.899,       7.022
 325000         ,      20.530,       5.683,       1.027,       5.392
 325500         ,      15.740,       8.358,       1.260,       7.809
 326000         ,      20.488,       5.423,       1.128,       5.179
 326500         ,      21.128,       6.079,       0.803,       4.865
 327000         ,      15.786,       8.423,       0.937,       7.905
 327500         ,      17.932,       7.482,       0.883,       6.659
 328000         ,      23.739,       4.674,       1.404,       4.033
 328500         ,      20.560,       6.930,       0.642,       5.564
 329000         ,      14.518,       9.223,       1.478,       8.310
 329500         ,      22.462,       6.503,       0.809,       4.989
 330000         ,      21.169,       6.790,       1.140,       5.996
 330500         ,      20.613,       5.287,       1.893,       4.749
 331000         ,      17.533,       7.359,       0.879,       6.993
 331500         ,      19.903,       6.927,       1.227,       5.881
 332000         ,      18.485,       7.859,       1.093,       7.219
 332500         ,      19.896,       5.618,       0.981,       5.405
 333000         ,      17.087,       7.990,       0.814,       7.196
 333500         ,      19.862,       5.318,       1.769,       5.586
 334000         ,      18.241,       6.879,       0.707,       6.522
 334500         ,      17.988,       7.982,       0.407,       7.012
 335000         ,      19.062,       5.677,       1.031,       5.578
 335500         ,      17.426,       7.006,       0.837,       6.648
 336000         ,      20.619,       7.579,       1.024,       6.412
 336500         ,      18.381,       7.143,       0.956,       5.790
 337000         ,      21.899,       5.157,       1.337,       5.040
 337500         ,      20.444,       6.298,       0.651,       5.376
 338000         ,      19.424,       6.368,       0.835,       6.114
 338500         ,      17.507,       6.763,       0.919,       6.523
 339000         ,      19.536,       6.285,       1.173,       6.282
 339500         ,      20.625,       5.451,       0.972,       4.453
 340000         ,      22.193,       4.442,       1.400,       3.897
 340500         ,      19.856,       6.828,       0.781,       6.316
 341000         ,      18.508,       6.528,       1.088,       6.016
 341500         ,      20.157,       5.341,       1.272,       5.077
 342000         ,      21.213,       5.769,       1.319,       5.296
 342500         ,      20.614,       7.386,       0.706,       6.281
 343000         ,      16.759,       8.585,       0.652,       7.358
 343500         ,      21.179,       5.612,       0.822,       4.585
 344000         ,      17.842,       7.603,       0.915,       6.963
 344500         ,      20.738,       5.791,       1.124,       5.148
 345000         ,      20.466,       6.184,       0.827,       5.950
 345500         ,      22.186,       5.786,       1.234,       5.188
 346000         ,      21.765,       5.240,       1.093,       4.493
 346500         ,      18.152,       6.974,       1.075,       5.448
 347000         ,      17.795,       6.478,       1.724,       6.365
 347500         ,      19.338,       5.777,       0.905,       5.866
 348000         ,      23.804,       6.026,       1.294,       5.340
 348500         ,      19.882,       6.355,       0.943,       5.184
 349000         ,      20.899,       5.216,       1.415,       4.451
 349500         ,      18.843,       6.312,       1.185,       6.159
 350000         ,      19.425,       6.236,       1.638,       4.970
 350500         ,      17.666,       8.265,       0.477,       7.447
 351000         ,      23.891,       4.626,       1.551,       4.074
 351500         ,      17.703,       7.659,       1.057,       7.482
 352000         ,      15.354,       7.478,       1.411,       7.969
 352500         ,      16.613,       7.165,       1.052,       6.194
 353000         ,      20.789,       5.280,       1.197,       4.570
 353500         ,      19.879,       6.646,       1.002,       5.718
 354000         ,      19.212,       6.723,       1.804,       5.834
 354500         ,      23.660,       6.477,       1.558,       4.536
 355000         ,      21.158,       6.679,       0.790,       6.131
 355500         ,      16.879,       7.203,       1.344,       7.257
 356000         ,      14.717,       8.313,       1.419,       8.119
 356500         ,      21.213,       6.674,       0.986,       5.725
 357000         ,      19.094,       7.352,       1.018,       6.600
 357500         ,      20.112,       6.456,       1.368,       5.599
 358000         ,      21.098,       5.800,       1.211,       5.651
 358500         ,      21.043,       5.981,       1.244,       4.992
 359000         ,      20.575,       6.423,       1.092,       5.329
 359500         ,      21.362,       5.746,       1.518,       3.802
 360000         ,      17.156,       6.696,       0.830,       6.756
 360500         ,      21.693,       5.822,       1.211,       4.306
 361000         ,      23.418,       4.276,       1.442,       4.426
 361500         ,      20.987,       4.653,       1.846,       5.299
 362000         ,      18.309,       7.559,       1.193,       6.504
 362500         ,      18.088,       6.135,       1.119,       6.412
 363000         ,      19.764,       6.337,       0.796,       5.953
 363500         ,      16.970,       8.517,       0.676,       7.813
 364000         ,      20.909,       6.010,       1.021,       5.338
 364500         ,      21.207,       6.318,       0.850,       5.499
 365000         ,      18.343,       6.391,       1.242,       6.365
 365500         ,      21.343,       5.558,       1.644,       4.922
 366000         ,      24.298,       4.990,       1.586,       3.709
 366500         ,      19.822,       6.213,       0.998,       6.172
 367000         ,      22.103,       5.422,       1.121,       4.204
 367500         ,      16.667,       7.065,       1.003,       7.228
 368000         ,      19.887,       6.005,       0.872,       5.342
 368500         ,      21.633,       5.922,       1.363,       5.404
 369000         ,      23.061,       5.532,       1.586,       4.777
 369500         ,      16.429,       7.288,       0.785,       6.649
 370000         ,      14.106,       8.610,       1.639,       9.147
 370500         ,      17.054,       7.050,       1.242,       6.806
 371000         ,      18.086,       6.955,       1.103,       5.916
 371500         ,      18.070,       6.781,       0.761,       6.198
 372000         ,      19.885,       6.280,       0.786,       5.956
 372500         ,      18.368,       7.357,       0.679,       6.343
 373000         ,      18.849,       6.953,       0.805,       5.640
 373500         ,      21.807,       5.534,       0.827,       5.258
 374000         ,      23.185,       5.172,       1.445,       3.311
 374500         ,      20.665,       6.768,       0.844,       6.079
 375000         ,      20.746,       6.158,       0.921,       5.889
 375500         ,      17.146,       7.105,       1.388,       5.862
 376000         ,      17.736,       6.096,       1.356,       6.417
 376500         ,      17.523,       7.522,       1.015,       7.345
 377000         ,      13.597,       8.915,       1.426,       8.822
 377500         ,      18.943,       6.442,       1.108,       5.272
 378000         ,      21.693,       6.043,       1.411,       4.236
 378500         ,      20.328,       6.337,       0.793,       5.913
 379000         ,      18.531,       6.061,       1.940,       5.455
 379500         ,      18.643,       5.985,       1.418,       5.640
 380000         ,      21.219,       6.738,       0.774,       5.507
 380500         ,      17.677,       6.545,       0.868,       5.816
 381000         ,      20.053,       6.451,       1.089,       4.564
 381500         ,      18.471,       6.107,       1.045,       5.675
 382000         ,      19.949,       5.281,       1.138,       5.559
 382500         ,      16.097,       7.124,       1.366,       6.826
 383000         ,      18.382,       7.055,       1.024,       6.349
 383500         ,      17.854,       7.370,       1.399,       6.777
 384000         ,      22.401,       6.043,       2.165,       4.881
 384500         ,      23.120,       4.610,       1.537,       3.385
 385000         ,      19.716,       6.663,       0.796,       5.776
 385500         ,      19.191,       6.830,       0.534,       6.308
 386000         ,      21.343,       5.562,       1.296,       4.819
 386500         ,      16.952,       8.277,       0.982,       7.645
 387000         ,      19.909,       5.338,       1.371,       5.605
 387500         ,      22.416,       5.208,       1.645,       4.613
 388000         ,      19.963,       5.143,       1.495,       5.376
 388500         ,      22.313,       5.390,       1.289,       4.323
 389000         ,      17.035,       8.291,       0.730,       7.263
 389500         ,      18.783,       7.995,       0.718,       6.860
 390000         ,      19.062,       6.897,       1.298,       6.139
 390500         ,      20.008,       6.286,       0.661,       5.599
 391000         ,      13.586,       8.917,       1.830,       9.274
 391500         ,      17.000,       6.777,       1.100,       6.985
 392000         ,      20.947,       5.935,       1.444,       4.354
 392500         ,      17.092,       7.109,       0.857,       7.088
 393000         ,      22.617,       6.657,       0.723,       5.704
 393500         ,      19.307,       6.359,       0.910,       6.188
 394000         ,      19.612,       6.357,       1.547,       6.232
 394500         ,      17.706,       7.770,       0.805,       6.962
 395000         ,      18.013,       6.258,       1.310,       6.342
 395500         ,      20.337,       6.435,       0.726,       5.917
 396000         ,      21.512,       5.443,       1.446,       5.052
 396500         ,      18.241,       6.184,       1.324,       5.806
 397000         ,      18.853,       5.899,       1.020,       5.850
 397500         ,      19.904,       6.806,       0.935,       5.948
 398000         ,      18.452,       6.464,       1.214,       6.271
 398500         ,      18.542,       5.832,       1.709,       4.539
 399000         ,      16.558,       6.644,       1.402,       6.590
 399500         ,      21.319,       5.860,       1.084,       4.585
 400000         ,      16.610,       6.813,       1.562,       6.662
 400500         ,      23.964,       4.410,       1.983,       3.366
 401000         ,      18.962,       6.514,       1.651,       5.904
 401500         ,      19.762,       6.838,       0.635,       6.193
 402000         ,      18.499,       5.249,       1.787,       5.700
 402500         ,      20.764,       4.868,       1.570,       5.340
 403000         ,      18.819,       6.509,       0.966,       6.011
 403500         ,      19.448,       6.126,       1.533,       6.057
 404000         ,      18.023,       7.725,       0.704,       6.835
 404500         ,      22.148,       6.343,       1.552,       4.606
 405000         ,      20.361,       7.447,       0.442,       6.410
 405500         ,      20.017,       6.004,       1.625,       4.755
 406000         ,      20.522,       5.404,       1.196,       5.334
 406500         ,      18.305,       6.640,       1.909,       6.335
 407000         ,      19.759,       6.036,       1.326,       5.161
 407500         ,      16.917,       6.999,       0.943,       6.759
 408000         ,      20.032,       5.715,       1.042,       5.273
 408500         ,      20.196,       6.876,       1.117,       5.763
 409000         ,      19.090,       5.863,       0.797,       5.595
 409500         ,      17.359,       6.637,       1.606,       5.936
 410000         ,      19.745,       6.812,       1.088,       5.912
 410500         ,      18.898,       6.602,       1.068,       6.076
 411000         ,      18.941,       6.805,       1.023,       5.532
 411500         ,      17.297,       7.817,       0.480,       7.407
 412000         ,      18.146,       6.834,       1.373,       6.213
 412500         ,      20.518,       5.410,       1.553,       5.247
 413000         ,      16.859,       5.871,       1.341,       6.077
 413500         ,      24.975,       3.195,       2.457,       3.229
 414000         ,      19.524,       6.678,       1.195,       6.434
 414500         ,      18.177,       6.551,       0.833,       5.922
 415000         ,      20.335,       5.515,       1.237,       5.399
 415500         ,      14.822,       9.403,       0.885,       7.988
 416000         ,      17.205,       6.868,       1.330,       6.988
 416500         ,      20.538,       7.079,       0.846,       6.521
 417000         ,      24.441,       5.030,       1.607,       4.017
 417500         ,      19.351,       6.350,       0.669,       6.103
 418000         ,      19.584,       6.514,       1.117,       5.712
 418500         ,      17.719,       6.392,       1.069,       6.237
 419000         ,      19.243,       6.398,       0.932,       6.284
 419500         ,      17.794,       6.902,       0.936,       6.361
 420000         ,      20.088,       5.929,       1.972,       5.057
 420500         ,      21.892,       5.950,       1.036,       4.923
 421000         ,      23.686,       5.515,       1.646,       3.565
 421500         ,      18.275,       7.385,       0.924,       6.401
 422000         ,      23.065,       5.349,       1.104,       3.653
 422500         ,      18.827,       7.095,       0.847,       5.891
 423000         ,      19.373,       6.456,       0.804,       6.218
 423500         ,      21.513,       5.579,       0.977,       4.908
 424000         ,      17.453,       6.817,       2.394,       6.730
 424500         ,      16.897,       8.062,       1.273,       6.606
 425000         ,      23.494,       5.164,       1.181,       4.588
 425500         ,      17.238,       7.132,       1.023,       6.376
 426000         ,      18.695,       7.487,       0.763,       5.587
 426500         ,      18.758,       7.189,       0.727,       6.435
 427000         ,      18.568,       5.283,       1.474,       5.891
 427500         ,      20.062,       6.501,       1.670,       5.895
 428000         ,      20.860,       5.158,       1.561,       4.965
 428500         ,      20.949,       5.543,       1.208,       4.716
 429000         ,      21.773,       5.499,       1.326,       4.184
 429500         ,      21.027,       6.229,       1.406,       5.937
 430000         ,      15.200,       7.634,       1.079,       7.239
 430500         ,      23.558,       4.364,       1.698,       4.041
 431000         ,      22.428,       4.462,       1.604,       3.744
 431500         ,      18.051,       6.274,       1.117,       6.384
 432000         ,      16.664,       6.476,       1.469,       5.719
 432500         ,      19.288,       6.867,       0.639,       6.401
 433000         ,      20.279,       6.524,       0.695,       5.936
 433500         ,      19.341,       5.852,       1.047,       4.995
 434000         ,      17.371,       7.260,       1.430,       6.290
 434500         ,      20.837,       5.684,       1.120,       4.610
 435000         ,      18.457,       8.271,       0.753,       6.672
 435500         ,      16.761,       6.634,       1.061,       6.509
 436000         ,      19.819,       5.555,       0.814,       5.130
 436500         ,      21.235,       5.386,       1.160,       5.305
 437000         ,      19.750,       6.042,       0.784,       5.466
 437500         ,      19.389,       6.174,       1.406,       5.366
 438000         ,      19.260,       6.792,       1.494,       5.447
 438500         ,      18.503,       6.183,       1.228,       5.507
 439000         ,      18.135,       6.684,       0.748,       6.384
 439500         ,      16.891,       7.310,       1.228,       7.120
 440000         ,      18.561,       5.732,       1.390,       5.563
 440500         ,      21.048,       5.423,       1.265,       4.969
 441000         ,      19.549,       6.432,       0.937,       6.216
 441500         ,      19.177,       6.971,       0.628,       6.300
 442000         ,      19.646,       7.024,       1.055,       6.121
 442500         ,      20.139,       7.612,       0.956,       5.667
 443000         ,      17.043,       6.873,       1.122,       6.375
 443500         ,      19.099,       6.475,       1.248,       5.629
 444000         ,      19.560,       6.436,       1.311,       5.510
 444500         ,      16.200,       7.780,       1.246,       7.746
 445000         ,      18.840,       6.066,       1.449,       5.627
 445500         ,      19.321,       5.752,       1.100,       5.171
 446000         ,      19.565,       6.358,       1.294,       5.599
 446500         ,      19.392,       6.903,       0.789,       6.330
 447000         ,      20.768,       6.241,       0.734,       5.878
 447500         ,      18.662,       8.231,       0.544,       7.122
 448000         ,      21.749,       5.776,       0.827,       5.176
 448500         ,      21.022,       7.006,       0.731,       6.151
 449000         ,      16.360,       7.598,       1.002,       7.361
 449500         ,      18.899,       7.485,       0.883,       6.169
 450000         ,      19.066,       8.193,       1.144,       6.317
 450500         ,      17.740,       6.345,       1.307,       6.727
 451000         ,      20.613,       5.795,       1.168,       4.545
 451500         ,      19.168,       6.102,       1.042,       5.468
 452000         ,      20.366,       6.452,       1.048,       4.951
 452500         ,      20.778,       5.923,       0.759,       5.753
 453000         ,      17.683,       6.553,       1.155,       6.249
 453500         ,      20.697,       5.960,       1.004,       5.644
 454000         ,      19.891,       7.079,       0.833,       6.483
 454500         ,      19.410,       5.679,       0.937,       5.353
 455000         ,      19.931,       6.910,       1.135,       5.706
 455500         ,      18.331,       6.801,       1.568,       4.973
 456000         ,      18.690,       6.517,       1.008,       5.922
 456500         ,      17.722,       6.919,       1.128,       6.845
 457000         ,      22.738,       6.338,       1.199,       5.543
 457500         ,      14.786,       8.391,       1.269,       7.561
 458000         ,      17.135,       6.556,       1.274,       6.938
 458500         ,      20.202,       5.705,       1.183,       5.251
 459000         ,      19.237,       6.592,       0.969,       6.077
 459500         ,      16.899,       7.541,       1.166,       6.168
 460000         ,      19.812,       6.375,       1.037,       5.753
 460500         ,      19.320,       6.123,       0.849,       5.742
 461000         ,      18.461,       6.539,       1.127,       6.073
 461500         ,      20.195,       4.891,       1.127,       5.242
 462000         ,      17.017,       7.879,       0.799,       7.151
 462500         ,      18.065,       6.021,       1.663,       5.970
 463000         ,      17.235,       7.372,       0.873,       7.052
 463500         ,      20.477,       5.878,       0.817,       5.474
 464000         ,      21.749,       5.611,       0.982,       4.399
 464500         ,      22.303,       5.499,       1.755,       4.555
 465000         ,      22.731,       5.823,       1.096,       4.413
 465500         ,      19.912,       6.343,       0.949,       5.402
 466000         ,      22.369,       5.418,       1.160,       5.010
 466500         ,      22.262,       5.744,       1.556,       5.093
 467000         ,      19.138,       6.980,       0.824,       6.473
 467500         ,      19.051,       6.091,       1.491,       6.398
 468000         ,      24.269,       5.654,       1.944,       4.397
 468500         ,      17.327,       6.955,       1.660,       7.434
 469000         ,      18.997,       6.302,       1.201,       6.055
 469500         ,      21.906,       5.265,       1.282,       4.185
 470000         ,      17.496,       7.661,       0.913,       7.310
 470500         ,      22.667,       5.744,       1.868,       5.490
 471000         ,      18.695,       8.677,       0.526,       6.826
 471500         ,      23.441,       5.290,       1.187,       4.447
 472000         ,      19.274,       5.359,       1.086,       4.870
 472500         ,      21.453,       7.082,       1.039,       4.760
 473000         ,      21.775,       5.718,       1.360,       4.248
 473500         ,      21.367,       5.625,       1.000,       4.616
 474000         ,      18.535,       5.878,       1.158,       5.568
 474500         ,      18.098,       7.673,       1.083,       5.872
 475000         ,      20.823,       7.166,       0.424,       5.674
 475500         ,      22.625,       5.604,       2.198,       4.320
 476000         ,      17.247,       6.890,       1.005,       5.883
 476500         ,      20.636,       6.105,       1.116,       5.443
 477000         ,      22.067,       5.534,       1.359,       4.945
 477500         ,      22.333,       5.504,       1.514,       4.151
 478000         ,      19.568,       6.588,       0.834,       5.209
 478500         ,      20.470,       6.470,       0.864,       5.857
 479000         ,      19.605,       5.461,       1.791,       4.426
 479500         ,      19.232,       5.663,       1.171,       5.542
 480000         ,      21.150,       5.739,       1.134,       5.652
 480500         ,      18.569,       6.253,       1.171,       5.649
 481000         ,      22.980,       4.842,       1.217,       3.520
 481500         ,      19.818,       5.654,       1.036,       5.844
 482000         ,      18.937,       6.363,       0.879,       6.173
 482500         ,      18.339,       6.716,       0.995,       5.438
 483000         ,      18.811,       5.968,       1.271,       5.586
 483500         ,      19.421,       5.862,       1.307,       5.098
 484000         ,      20.352,       6.301,       1.518,       5.122
 484500         ,      22.351,       6.095,       1.072,       5.357
 485000         ,      20.750,       6.194,       1.101,       5.567
 485500         ,      17.469,       8.959,       1.100,       6.999
 486000         ,      23.386,       5.319,       1.113,       4.219
 486500         ,      20.124,       6.522,       0.672,       5.554
 487000         ,      19.491,       6.884,       1.006,       5.296
 487500         ,      20.190,       5.185,       1.518,       5.362
 488000         ,      23.412,       6.267,       1.153,       5.248
 488500         ,      23.196,       5.352,       1.681,       4.744
 489000         ,      14.989,       8.394,       1.367,       8.529
 489500         ,      16.719,       9.132,       0.578,       7.292
 490000         ,      19.432,       7.214,       0.820,       6.141
 490500         ,      15.307,       8.003,       1.502,       6.730
 491000         ,      18.968,       7.255,       0.769,       6.687
 491500         ,      18.728,       7.004,       0.920,       6.551
 492000         ,      16.928,       6.958,       1.541,       7.054
 492500         ,      23.669,       4.940,       1.639,       4.553
 493000         ,      21.033,       7.408,       0.551,       5.434
 493500         ,      23.727,       5.537,       0.858,       4.511
 494000         ,      24.449,       5.031,       1.425,       4.094
 494500         ,      18.207,       8.271,       0.853,       6.141
 495000         ,      19.721,       6.208,       1.020,       4.879
 495500         ,      15.043,       7.990,       1.360,       7.554
 496000         ,      22.149,       5.496,       1.193,       4.833
 496500         ,      16.245,       8.138,       1.066,       7.136
 497000         ,      23.440,       4.967,       1.198,       4.322
 497500         ,      19.946,       6.743,       0.917,       6.040
 498000         ,      21.567,       5.645,       1.355,       5.246
 498500         ,      18.712,       7.692,       0.461,       7.038
 499000         ,      17.474,       7.116,       1.358,       5.928
 499500         ,      17.950,       7.081,       1.169,       6.523
 500000         ,      20.823,       6.243,       0.909,       4.937
