--------------------------------------------------------------------------------
S H A P E   v2.1         Continuous Shape Measures calculation
(c) 2013  Electronic Structure Group, Universitat de Barcelona
                   Contact:  llunell@ub.edu                   
--------------------------------------------------------------------------------

coordination ZF2 

SP-4            1 D4h   Square                                             
T-4             2 Td    Tetrahedron                                        
SS-4            3 C2v   Seesaw                                             
vTBPY-4         4 C3v   Vacant trigonal bipyramid                          

Structure [ML4 ]         SP-4          T-4         SS-4      vTBPY-4
 0              ,      22.034,       5.423,       1.761,       4.606
 500            ,      21.159,       5.876,       1.538,       5.710
 1000           ,      20.334,       6.273,       0.857,       5.690
 1500           ,      22.234,       4.608,       1.453,       4.555
 2000           ,      22.574,       5.325,       1.559,       4.054
 2500           ,      19.889,       5.301,       1.129,       5.086
 3000           ,      22.005,       5.182,       1.355,       5.139
 3500           ,      18.670,       6.811,       2.190,       6.236
 4000           ,      21.536,       5.205,       1.473,       4.304
 4500           ,      20.096,       6.151,       0.956,       5.895
 5000           ,      21.687,       6.353,       0.963,       4.838
 5500           ,      19.291,       5.211,       1.301,       5.091
 6000           ,      20.773,       6.709,       0.891,       5.555
 6500           ,      23.009,       4.936,       1.320,       4.043
 7000           ,      18.991,       7.125,       1.077,       6.937
 7500           ,      20.737,       6.111,       0.896,       5.145
 8000           ,      18.753,       6.291,       1.139,       6.274
 8500           ,      22.055,       5.705,       1.285,       5.226
 9000           ,      21.242,       5.771,       1.003,       5.129
 9500           ,      19.944,       6.288,       1.422,       5.975
 10000          ,      19.761,       6.179,       0.895,       5.948
 10500          ,      18.778,       6.397,       1.089,       5.931
 11000          ,      20.193,       6.477,       0.817,       5.418
 11500          ,      19.407,       6.817,       0.982,       5.328
 12000          ,      21.840,       6.650,       0.987,       5.826
 12500          ,      20.697,       5.748,       1.408,       5.097
 13000          ,      24.767,       6.679,       2.431,       5.386
 13500          ,      21.217,       6.489,       0.896,       5.312
 14000          ,      24.616,       5.065,       2.065,       4.350
 14500          ,      19.150,       6.487,       0.868,       5.992
 15000          ,      18.485,       6.339,       1.364,       6.600
 15500          ,      21.388,       5.288,       1.381,       4.694
 16000          ,      21.925,       6.296,       0.929,       5.237
 16500          ,      23.914,       5.120,       1.629,       4.754
 17000          ,      17.191,       6.675,       1.007,       6.632
 17500          ,      20.872,       6.954,       0.833,       4.927
 18000          ,      21.268,       5.703,       1.534,       5.359
 18500          ,      22.846,       4.133,       2.060,       3.497
 19000          ,      21.323,       5.551,       1.489,       4.964
 19500          ,      20.911,       6.702,       1.221,       5.683
 20000          ,      18.690,       6.308,       1.496,       5.970
 20500          ,      21.396,       5.284,       1.310,       5.005
 21000          ,      21.444,       5.239,       1.336,       4.593
 21500          ,      24.171,       4.954,       1.588,       3.646
 22000          ,      19.373,       6.258,       1.885,       5.703
 22500          ,      19.614,       6.301,       0.896,       6.106
 23000          ,      19.083,       6.793,       0.722,       6.392
 23500          ,      20.636,       6.836,       0.960,       5.712
 24000          ,      19.803,       7.037,       0.968,       6.044
 24500          ,      22.309,       5.941,       1.387,       4.588
 25000          ,      21.539,       6.932,       1.478,       5.911
 25500          ,      21.771,       6.133,       1.648,       5.978
 26000          ,      23.326,       4.083,       1.923,       4.392
 26500          ,      19.976,       5.655,       2.019,       5.947
 27000          ,      19.892,       5.185,       1.510,       5.274
 27500          ,      25.466,       4.587,       1.805,       4.253
 28000          ,      21.453,       5.937,       1.484,       4.435
 28500          ,      20.736,       6.095,       1.697,       5.253
 29000          ,      23.559,       5.406,       1.174,       4.433
 29500          ,      21.302,       7.211,       1.135,       6.299
 30000          ,      18.236,       6.818,       1.503,       6.260
 30500          ,      21.031,       5.252,       1.103,       4.671
 31000          ,      21.533,       6.174,       1.300,       5.825
 31500          ,      20.417,       6.427,       0.879,       5.286
 32000          ,      20.653,       6.449,       1.550,       5.973
 32500          ,      17.663,       8.647,       1.028,       8.166
 33000          ,      21.520,       7.007,       0.636,       5.896
 33500          ,      19.217,       6.689,       0.754,       5.294
 34000          ,      19.388,       6.449,       1.878,       6.663
 34500          ,      22.708,       5.625,       1.360,       4.790
 35000          ,      23.340,       6.807,       1.644,       5.454
 35500          ,      21.497,       6.269,       1.275,       5.608
 36000          ,      21.570,       5.071,       1.416,       4.542
 36500          ,      18.779,       5.415,       1.350,       5.604
 37000          ,      19.337,       7.100,       0.709,       6.397
 37500          ,      18.700,       6.482,       1.185,       6.685
 38000          ,      19.895,       6.258,       1.640,       6.164
 38500          ,      19.452,       6.784,       1.212,       5.450
 39000          ,      22.875,       6.636,       1.553,       4.957
 39500          ,      21.485,       5.690,       1.292,       5.645
 40000          ,      18.236,       5.943,       1.300,       6.080
 40500          ,      22.292,       5.664,       1.121,       4.759
 41000          ,      20.874,       6.738,       1.117,       5.863
 41500          ,      23.679,       5.699,       1.757,       5.279
 42000          ,      19.965,       5.486,       1.397,       5.245
 42500          ,      24.855,       3.858,       2.187,       3.795
 43000          ,      20.559,       6.591,       1.095,       5.542
 43500          ,      20.970,       6.582,       0.785,       5.943
 44000          ,      21.022,       4.967,       1.637,       4.573
 44500          ,      18.701,       6.947,       0.801,       6.133
 45000          ,      20.491,       5.817,       1.238,       4.939
 45500          ,      24.520,       4.893,       1.714,       4.411
 46000          ,      17.558,       7.651,       1.078,       6.703
 46500          ,      18.409,       6.882,       0.617,       6.209
 47000          ,      17.816,       6.556,       1.249,       6.617
 47500          ,      20.290,       5.334,       1.208,       5.124
 48000          ,      17.841,       6.201,       1.197,       6.689
 48500          ,      20.851,       5.459,       1.261,       5.484
 49000          ,      19.351,       7.000,       0.665,       6.531
 49500          ,      20.925,       5.717,       0.947,       4.797
 50000          ,      15.362,       7.460,       1.439,       7.864
 50500          ,      20.231,       5.921,       1.214,       5.432
 51000          ,      21.755,       6.095,       0.969,       5.072
 51500          ,      21.835,       6.075,       0.846,       4.872
 52000          ,      18.886,       7.390,       1.153,       6.116
 52500          ,      21.725,       6.337,       1.268,       5.538
 53000          ,      19.044,       6.517,       0.906,       6.055
 53500          ,      20.317,       5.829,       0.929,       5.260
 54000          ,      19.376,       7.255,       0.895,       6.883
 54500          ,      21.532,       6.509,       1.367,       6.046
 55000          ,      22.540,       5.851,       0.934,       4.884
 55500          ,      19.489,       5.739,       1.093,       5.626
 56000          ,      23.085,       6.144,       1.778,       5.569
 56500          ,      18.532,       6.463,       0.854,       5.904
 57000          ,      20.704,       6.407,       1.194,       4.721
 57500          ,      19.967,       6.761,       1.392,       6.499
 58000          ,      23.021,       6.557,       0.912,       5.613
 58500          ,      23.587,       4.715,       1.651,       4.189
 59000          ,      24.466,       4.831,       1.689,       4.686
 59500          ,      22.786,       5.561,       1.466,       5.021
 60000          ,      20.872,       7.217,       1.006,       6.269
 60500          ,      18.871,       7.178,       1.045,       6.384
 61000          ,      20.257,       6.406,       1.110,       5.981
 61500          ,      19.644,       7.212,       0.894,       6.397
 62000          ,      22.287,       6.059,       0.730,       5.018
 62500          ,      21.045,       5.372,       1.395,       5.278
 63000          ,      23.749,       5.439,       1.124,       4.640
 63500          ,      17.753,       7.293,       1.297,       7.318
 64000          ,      18.460,       6.186,       1.485,       6.480
 64500          ,      20.055,       6.663,       0.966,       6.122
 65000          ,      20.273,       6.818,       0.831,       5.627
 65500          ,      20.915,       5.274,       1.063,       5.366
 66000          ,      20.753,       7.134,       0.766,       6.022
 66500          ,      19.064,       8.012,       1.005,       6.432
 67000          ,      24.872,       4.558,       2.359,       4.571
 67500          ,      21.378,       4.894,       1.513,       5.167
 68000          ,      20.047,       6.204,       1.168,       6.058
 68500          ,      20.554,       6.405,       0.640,       4.913
 69000          ,      21.417,       6.504,       1.044,       5.077
 69500          ,      23.075,       5.407,       2.152,       4.008
 70000          ,      18.038,       7.420,       0.890,       6.990
 70500          ,      18.852,       6.567,       1.168,       5.605
 71000          ,      17.452,       7.114,       1.529,       7.351
 71500          ,      23.039,       5.239,       1.290,       4.085
 72000          ,      23.978,       5.618,       1.707,       4.663
 72500          ,      24.105,       5.117,       1.513,       3.726
 73000          ,      21.480,       6.212,       1.412,       5.706
 73500          ,      22.293,       4.423,       2.076,       4.127
 74000          ,      21.447,       6.349,       1.049,       5.231
 74500          ,      23.390,       6.313,       1.489,       5.225
 75000          ,      22.472,       7.556,       1.813,       6.297
 75500          ,      22.013,       5.758,       1.095,       5.456
 76000          ,      21.362,       6.556,       0.797,       5.928
 76500          ,      17.253,       7.344,       1.102,       6.899
 77000          ,      21.267,       5.827,       1.316,       4.706
 77500          ,      18.445,       6.344,       1.145,       5.572
 78000          ,      22.740,       5.635,       1.371,       4.283
 78500          ,      19.391,       6.792,       0.690,       6.266
 79000          ,      21.557,       6.489,       0.783,       5.815
 79500          ,      16.205,       8.343,       0.941,       7.745
 80000          ,      21.405,       6.751,       1.810,       6.578
 80500          ,      20.301,       7.578,       1.135,       6.159
 81000          ,      22.303,       5.607,       1.327,       4.835
 81500          ,      22.697,       6.128,       1.044,       4.995
 82000          ,      18.482,       7.147,       0.967,       6.077
 82500          ,      21.680,       5.403,       1.237,       4.516
 83000          ,      18.769,       6.771,       1.149,       6.394
 83500          ,      20.671,       6.075,       0.810,       5.294
 84000          ,      21.342,       5.648,       1.166,       4.798
 84500          ,      21.355,       6.750,       1.008,       5.792
 85000          ,      23.795,       5.032,       1.427,       3.780
 85500          ,      19.857,       7.066,       1.243,       5.055
 86000          ,      19.414,       7.049,       1.068,       6.742
 86500          ,      22.659,       5.025,       1.424,       4.359
 87000          ,      25.073,       5.458,       2.373,       4.757
 87500          ,      20.901,       6.742,       0.834,       5.084
 88000          ,      19.509,       7.424,       1.195,       6.965
 88500          ,      18.993,       6.876,       1.436,       7.057
 89000          ,      20.073,       6.447,       0.776,       5.834
 89500          ,      23.033,       5.699,       1.116,       4.835
 90000          ,      23.629,       5.617,       1.214,       5.086
 90500          ,      22.223,       5.086,       1.320,       4.864
 91000          ,      21.902,       6.091,       0.699,       5.384
 91500          ,      21.203,       5.793,       1.436,       4.897
 92000          ,      19.364,       7.202,       0.895,       5.356
 92500          ,      18.618,       6.832,       1.465,       6.985
 93000          ,      20.465,       5.982,       1.048,       5.791
 93500          ,      21.497,       5.659,       1.297,       4.259
 94000          ,      22.431,       5.533,       1.469,       5.234
 94500          ,      20.402,       4.877,       1.164,       5.086
 95000          ,      20.397,       6.507,       0.716,       5.639
 95500          ,      21.140,       5.746,       1.009,       5.067
 96000          ,      20.600,       6.433,       0.782,       5.605
 96500          ,      21.390,       5.674,       0.982,       5.180
 97000          ,      18.622,       7.947,       0.650,       7.315
 97500          ,      19.191,       7.351,       1.152,       6.909
 98000          ,      22.741,       5.895,       1.023,       4.791
 98500          ,      23.084,       6.607,       1.552,       5.230
 99000          ,      22.141,       5.900,       0.857,       4.407
 99500          ,      22.852,       4.423,       1.729,       3.478
 100000         ,      19.959,       6.084,       1.009,       5.037
 100500         ,      23.374,       4.987,       1.633,       4.939
 101000         ,      19.879,       7.201,       1.205,       6.377
 101500         ,      19.352,       6.512,       1.609,       5.831
 102000         ,      20.411,       6.617,       1.330,       6.257
 102500         ,      20.214,       7.682,       0.826,       6.752
 103000         ,      21.128,       5.871,       1.083,       4.466
 103500         ,      20.416,       6.301,       0.598,       5.409
 104000         ,      17.941,       7.201,       0.571,       6.859
 104500         ,      23.404,       5.028,       1.651,       4.351
 105000         ,      21.692,       5.784,       1.045,       5.054
 105500         ,      21.552,       6.202,       1.191,       5.998
 106000         ,      21.149,       5.832,       1.389,       5.644
 106500         ,      21.581,       5.961,       1.135,       4.983
 107000         ,      21.144,       6.198,       1.218,       4.516
 107500         ,      21.436,       5.608,       1.086,       4.275
 108000         ,      18.923,       6.096,       1.151,       6.324
 108500         ,      21.167,       6.669,       0.975,       5.932
 109000         ,      23.840,       5.580,       1.350,       4.491
 109500         ,      19.543,       6.010,       1.030,       6.014
 110000         ,      20.457,       6.464,       0.978,       6.145
 110500         ,      20.282,       5.173,       1.533,       4.567
 111000         ,      19.148,       6.720,       0.862,       6.211
 111500         ,      20.374,       6.070,       1.192,       5.014
 112000         ,      22.444,       5.713,       1.362,       4.259
 112500         ,      18.531,       6.325,       0.941,       6.142
 113000         ,      18.753,       6.683,       0.985,       6.406
 113500         ,      21.349,       5.603,       0.905,       4.668
 114000         ,      20.170,       5.403,       1.230,       4.800
 114500         ,      18.767,       7.181,       0.778,       6.238
 115000         ,      18.632,       6.602,       1.246,       6.072
 115500         ,      19.087,       6.626,       0.613,       6.341
 116000         ,      21.736,       5.217,       1.557,       4.151
 116500         ,      22.466,       4.725,       1.750,       4.935
 117000         ,      20.779,       6.258,       1.017,       6.013
 117500         ,      22.604,       6.317,       2.027,       5.968
 118000         ,      20.163,       5.775,       1.596,       5.526
 118500         ,      21.976,       4.727,       1.218,       4.709
 119000         ,      20.390,       7.330,       0.758,       6.323
 119500         ,      21.772,       6.206,       0.826,       5.556
 120000         ,      20.800,       6.580,       1.164,       6.136
 120500         ,      19.879,       5.687,       0.824,       5.383
 121000         ,      22.782,       5.350,       1.664,       4.826
 121500         ,      20.182,       7.757,       0.441,       6.346
 122000         ,      21.797,       5.075,       1.203,       4.703
 122500         ,      24.291,       5.314,       1.265,       4.609
 123000         ,      22.528,       6.271,       0.633,       5.393
 123500         ,      22.918,       5.260,       1.595,       4.923
 124000         ,      17.916,       7.806,       0.752,       7.383
 124500         ,      23.731,       4.679,       1.900,       4.092
 125000         ,      18.741,       6.187,       2.275,       6.757
 125500         ,      21.646,       5.661,       1.646,       4.174
 126000         ,      18.804,       5.852,       1.511,       6.389
 126500         ,      18.761,       6.812,       1.181,       6.831
 127000         ,      20.226,       6.412,       0.720,       5.786
 127500         ,      22.683,       5.323,       1.318,       4.615
 128000         ,      21.822,       6.201,       1.549,       5.721
 128500         ,      21.253,       5.483,       1.104,       5.165
 129000         ,      19.377,       7.009,       1.263,       5.106
 129500         ,      18.922,       7.168,       1.190,       6.796
 130000         ,      15.774,       8.502,       0.970,       7.916
 130500         ,      25.759,       5.122,       2.178,       4.615
 131000         ,      20.150,       6.753,       0.895,       6.354
 131500         ,      18.952,       6.079,       1.364,       5.963
 132000         ,      19.833,       5.093,       1.627,       5.716
 132500         ,      16.948,       6.711,       1.482,       6.049
 133000         ,      19.000,       6.404,       1.002,       5.974
 133500         ,      18.771,       7.110,       0.857,       6.777
 134000         ,      19.188,       6.203,       1.345,       5.458
 134500         ,      23.914,       5.022,       1.451,       3.619
 135000         ,      21.485,       4.598,       1.562,       4.327
 135500         ,      20.503,       6.772,       0.918,       5.697
 136000         ,      22.624,       4.881,       1.626,       4.615
 136500         ,      18.779,       5.939,       1.258,       4.948
 137000         ,      17.064,       6.055,       1.963,       5.792
 137500         ,      20.405,       5.882,       1.387,       5.558
 138000         ,      18.229,       7.099,       1.095,       6.978
 138500         ,      20.866,       6.053,       0.985,       5.838
 139000         ,      21.833,       6.146,       0.995,       5.558
 139500         ,      20.369,       5.348,       1.670,       4.785
 140000         ,      21.572,       5.481,       1.354,       4.693
 140500         ,      19.130,       6.148,       0.860,       5.983
 141000         ,      23.211,       5.241,       1.387,       4.971
 141500         ,      22.764,       6.388,       1.173,       5.615
 142000         ,      18.454,       5.327,       1.614,       6.047
 142500         ,      20.445,       5.809,       1.123,       5.030
 143000         ,      16.708,       7.177,       1.253,       6.276
 143500         ,      20.046,       5.920,       1.924,       6.039
 144000         ,      20.808,       5.164,       1.458,       5.555
 144500         ,      21.076,       6.612,       0.770,       5.902
 145000         ,      17.441,       6.667,       1.167,       5.965
 145500         ,      19.111,       5.929,       1.384,       4.253
 146000         ,      24.313,       5.263,       2.029,       4.200
 146500         ,      24.855,       5.277,       1.560,       4.748
 147000         ,      19.800,       7.075,       0.567,       5.722
 147500         ,      23.668,       5.572,       1.551,       4.269
 148000         ,      19.510,       6.237,       0.912,       5.985
 148500         ,      20.422,       6.166,       1.012,       4.366
 149000         ,      19.214,       6.724,       0.850,       5.878
 149500         ,      25.721,       4.911,       2.213,       4.663
 150000         ,      19.534,       6.651,       1.283,       5.375
 150500         ,      21.972,       5.152,       1.359,       5.019
 151000         ,      24.908,       5.279,       1.675,       4.091
 151500         ,      20.715,       6.932,       0.998,       6.410
 152000         ,      19.971,       6.187,       0.822,       5.513
 152500         ,      22.109,       4.802,       1.797,       4.013
 153000         ,      19.220,       6.153,       1.302,       5.903
 153500         ,      23.983,       4.699,       1.400,       4.157
 154000         ,      19.445,       5.595,       1.149,       5.819
 154500         ,      19.260,       6.613,       0.928,       6.435
 155000         ,      23.707,       5.204,       1.289,       4.719
 155500         ,      20.432,       6.662,       1.445,       6.413
 156000         ,      21.451,       6.866,       0.745,       5.010
 156500         ,      21.438,       6.940,       1.216,       6.427
 157000         ,      20.652,       6.493,       0.838,       6.092
 157500         ,      23.574,       5.603,       1.279,       4.185
 158000         ,      19.389,       5.761,       1.233,       4.476
 158500         ,      20.919,       5.755,       1.033,       5.477
 159000         ,      24.124,       4.611,       1.615,       4.183
 159500         ,      20.378,       6.139,       1.182,       5.990
 160000         ,      21.833,       6.575,       0.919,       5.970
 160500         ,      20.236,       6.167,       0.887,       5.306
 161000         ,      19.171,       7.726,       0.548,       6.242
 161500         ,      20.687,       5.533,       1.218,       4.596
 162000         ,      18.980,       6.014,       1.143,       5.839
 162500         ,      24.216,       6.083,       1.269,       4.433
 163000         ,      22.190,       5.690,       1.950,       5.483
 163500         ,      23.556,       5.926,       1.138,       5.051
 164000         ,      19.960,       6.419,       1.136,       5.856
 164500         ,      21.912,       5.098,       1.162,       4.892
 165000         ,      19.346,       5.421,       1.701,       5.728
 165500         ,      21.382,       5.746,       2.035,       4.048
 166000         ,      22.578,       4.959,       1.459,       4.525
 166500         ,      18.819,       6.579,       1.430,       6.161
 167000         ,      20.125,       5.831,       0.999,       4.507
 167500         ,      19.390,       7.242,       0.946,       5.690
 168000         ,      20.814,       5.409,       1.479,       4.174
 168500         ,      20.594,       5.689,       0.963,       5.611
 169000         ,      22.940,       5.843,       1.858,       4.177
 169500         ,      20.351,       4.777,       1.877,       5.182
 170000         ,      19.823,       5.627,       1.362,       4.253
 170500         ,      20.681,       5.351,       1.455,       5.228
 171000         ,      19.915,       5.797,       1.015,       5.632
 171500         ,      23.201,       4.951,       1.390,       4.614
 172000         ,      19.906,       5.770,       1.503,       4.729
 172500         ,      22.052,       6.173,       1.114,       4.895
 173000         ,      18.699,       6.761,       0.958,       6.712
 173500         ,      20.972,       5.397,       1.667,       3.890
 174000         ,      22.424,       6.519,       0.739,       5.288
 174500         ,      21.285,       5.045,       1.314,       5.177
 175000         ,      18.731,       7.315,       1.300,       5.452
 175500         ,      21.206,       6.057,       0.840,       5.177
 176000         ,      21.370,       6.795,       1.006,       6.016
 176500         ,      21.044,       5.909,       1.296,       4.659
 177000         ,      22.102,       6.353,       1.055,       5.328
 177500         ,      23.679,       3.774,       1.708,       4.044
 178000         ,      18.588,       6.427,       0.989,       6.417
 178500         ,      21.486,       5.665,       1.734,       4.253
 179000         ,      23.017,       6.741,       1.059,       5.272
 179500         ,      19.317,       6.544,       0.849,       6.026
 180000         ,      21.879,       5.723,       0.923,       5.160
 180500         ,      20.253,       6.211,       1.475,       6.281
 181000         ,      18.860,       7.717,       1.235,       7.342
 181500         ,      21.430,       6.476,       1.406,       5.572
 182000         ,      21.954,       5.949,       1.097,       5.454
 182500         ,      23.472,       5.917,       1.086,       5.140
 183000         ,      20.418,       5.620,       1.503,       5.154
 183500         ,      22.920,       4.612,       1.376,       4.360
 184000         ,      18.053,       7.647,       0.647,       7.319
 184500         ,      21.505,       5.016,       1.118,       4.514
 185000         ,      21.251,       6.221,       0.792,       5.461
 185500         ,      19.456,       5.952,       1.016,       5.731
 186000         ,      24.388,       4.614,       2.135,       3.895
 186500         ,      20.435,       6.059,       0.859,       5.130
 187000         ,      17.754,       8.599,       0.302,       7.542
 187500         ,      23.400,       5.899,       1.650,       5.526
 188000         ,      24.323,       5.335,       1.553,       4.388
 188500         ,      18.638,       6.957,       0.965,       6.486
 189000         ,      19.606,       6.198,       1.332,       5.869
 189500         ,      20.119,       6.283,       0.823,       5.686
 190000         ,      20.318,       6.110,       0.910,       4.995
 190500         ,      23.528,       6.651,       2.118,       4.750
 191000         ,      20.636,       5.767,       1.028,       5.460
 191500         ,      19.865,       7.347,       0.724,       6.293
 192000         ,      23.080,       4.155,       1.658,       3.871
 192500         ,      22.534,       3.942,       1.875,       4.161
 193000         ,      16.008,       8.376,       1.135,       6.852
 193500         ,      20.931,       6.158,       0.819,       5.865
 194000         ,      19.524,       5.880,       1.063,       5.102
 194500         ,      19.836,       5.923,       1.290,       5.557
 195000         ,      23.714,       5.334,       1.463,       4.361
 195500         ,      20.705,       5.306,       1.297,       4.292
 196000         ,      17.142,       7.549,       0.789,       7.038
 196500         ,      19.897,       6.436,       1.123,       4.991
 197000         ,      19.957,       6.856,       0.850,       6.195
 197500         ,      22.133,       5.625,       1.765,       4.868
 198000         ,      21.909,       5.705,       1.254,       5.434
 198500         ,      19.191,       5.883,       1.216,       5.402
 199000         ,      22.034,       5.280,       1.220,       4.806
 199500         ,      24.091,       6.165,       1.344,       5.458
 200000         ,      22.047,       6.253,       1.349,       5.736
 200500         ,      21.438,       5.492,       1.569,       5.054
 201000         ,      19.409,       6.159,       1.004,       5.853
 201500         ,      22.445,       4.932,       1.498,       4.536
 202000         ,      22.146,       5.075,       1.443,       4.127
 202500         ,      20.880,       7.164,       1.001,       5.778
 203000         ,      21.847,       5.427,       1.656,       5.618
 203500         ,      20.519,       5.722,       1.403,       4.833
 204000         ,      18.926,       7.368,       0.692,       5.926
 204500         ,      18.092,       7.378,       1.444,       6.144
 205000         ,      22.660,       5.740,       1.402,       4.515
 205500         ,      21.230,       5.122,       1.510,       5.366
 206000         ,      21.267,       8.310,       1.182,       5.679
 206500         ,      22.371,       5.464,       1.553,       5.246
 207000         ,      17.957,       7.592,       1.043,       6.249
 207500         ,      23.992,       4.613,       2.056,       3.201
 208000         ,      19.162,       6.014,       1.360,       5.017
 208500         ,      22.423,       5.913,       1.033,       5.259
 209000         ,      21.046,       5.957,       1.368,       4.985
 209500         ,      23.254,       5.397,       1.145,       4.892
 210000         ,      24.375,       5.303,       1.620,       4.168
 210500         ,      21.331,       5.625,       1.031,       5.481
 211000         ,      22.071,       5.117,       1.793,       5.252
 211500         ,      18.420,       7.418,       0.604,       6.778
 212000         ,      18.589,       7.544,       0.572,       6.225
 212500         ,      17.575,       6.744,       2.114,       7.279
 213000         ,      19.668,       7.728,       1.044,       6.310
 213500         ,      22.700,       4.585,       1.652,       4.563
 214000         ,      22.680,       5.501,       0.876,       4.568
 214500         ,      20.916,       6.328,       1.114,       5.703
 215000         ,      21.804,       4.729,       1.672,       3.924
 215500         ,      22.487,       5.414,       1.054,       4.908
 216000         ,      20.245,       6.575,       1.124,       5.176
 216500         ,      20.106,       6.587,       1.248,       4.513
 217000         ,      18.648,       7.538,       0.841,       6.348
 217500         ,      18.680,       7.553,       0.728,       6.803
 218000         ,      22.040,       6.713,       1.152,       5.219
 218500         ,      24.071,       5.516,       1.559,       4.995
 219000         ,      14.727,       9.085,       1.722,       8.178
 219500         ,      20.327,       6.191,       1.025,       5.879
 220000         ,      22.177,       6.966,       1.013,       5.635
 220500         ,      21.249,       6.342,       0.564,       5.439
 221000         ,      24.071,       6.376,       1.542,       4.254
 221500         ,      20.195,       6.160,       1.010,       4.824
 222000         ,      19.436,       6.760,       0.883,       5.370
 222500         ,      19.603,       6.135,       1.254,       5.614
 223000         ,      16.806,       7.975,       0.664,       7.521
 223500         ,      23.636,       6.026,       1.188,       4.371
 224000         ,      19.671,       6.509,       1.442,       4.286
 224500         ,      19.762,       6.996,       1.043,       6.149
 225000         ,      18.874,       6.630,       1.154,       5.976
 225500         ,      18.556,       6.819,       1.012,       6.825
 226000         ,      19.621,       6.549,       0.988,       5.123
 226500         ,      19.602,       6.255,       0.851,       4.967
 227000         ,      16.735,       6.333,       1.341,       6.906
 227500         ,      20.509,       5.385,       1.487,       5.256
 228000         ,      19.291,       5.999,       1.289,       5.922
 228500         ,      23.318,       5.140,       1.666,       4.071
 229000         ,      22.017,       5.653,       1.618,       4.456
 229500         ,      21.544,       4.838,       1.603,       5.087
 230000         ,      23.128,       4.776,       1.587,       3.616
 230500         ,      22.286,       5.578,       1.384,       4.463
 231000         ,      21.497,       7.246,       0.736,       6.296
 231500         ,      21.472,       6.271,       0.623,       5.754
 232000         ,      23.620,       5.908,       1.821,       5.259
 232500         ,      20.631,       6.577,       0.922,       5.424
 233000         ,      21.780,       5.227,       1.646,       3.983
 233500         ,      22.940,       6.464,       0.939,       5.287
 234000         ,      19.650,       7.000,       0.736,       6.228
 234500         ,      25.499,       4.139,       2.314,       4.006
 235000         ,      21.826,       5.828,       0.838,       4.944
 235500         ,      16.766,       7.105,       1.047,       6.568
 236000         ,      20.515,       6.315,       0.794,       6.055
 236500         ,      19.989,       5.853,       1.326,       5.057
 237000         ,      22.073,       5.500,       1.270,       5.365
 237500         ,      22.282,       5.020,       1.369,       4.899
 238000         ,      19.949,       5.283,       1.551,       5.523
 238500         ,      21.004,       5.290,       1.249,       4.547
 239000         ,      24.804,       5.487,       1.891,       5.037
 239500         ,      22.736,       5.124,       1.471,       5.166
 240000         ,      18.390,       7.103,       0.643,       6.722
 240500         ,      19.448,       6.530,       1.101,       6.134
 241000         ,      16.914,       7.789,       1.158,       6.494
 241500         ,      19.007,       6.703,       1.191,       6.676
 242000         ,      21.709,       5.254,       1.654,       5.432
 242500         ,      19.178,       6.853,       0.736,       6.065
 243000         ,      20.690,       5.996,       1.068,       5.598
 243500         ,      19.657,       6.298,       2.032,       5.476
 244000         ,      19.657,       5.864,       1.235,       5.126
 244500         ,      20.531,       6.703,       0.842,       5.917
 245000         ,      22.741,       5.724,       1.028,       5.116
 245500         ,      20.232,       5.762,       1.381,       4.189
 246000         ,      22.497,       5.227,       1.080,       4.184
 246500         ,      17.613,       7.933,       0.982,       6.902
 247000         ,      18.516,       7.202,       0.676,       6.033
 247500         ,      21.208,       6.207,       1.105,       5.377
 248000         ,      21.379,       5.818,       0.988,       5.374
 248500         ,      23.140,       6.439,       1.660,       4.610
 249000         ,      21.830,       6.154,       0.779,       5.250
 249500         ,      17.943,       7.351,       0.856,       6.976
 250000         ,      17.124,       6.768,       1.778,       7.215
 250500         ,      24.652,       5.305,       1.564,       4.623
 251000         ,      17.519,       7.366,       0.921,       6.515
 251500         ,      22.243,       5.209,       1.403,       5.122
 252000         ,      18.622,       6.589,       1.329,       6.149
 252500         ,      21.661,       5.524,       1.001,       5.264
 253000         ,      19.379,       6.992,       0.775,       6.101
 253500         ,      21.268,       5.423,       0.832,       4.444
 254000         ,      18.890,       6.796,       1.102,       5.654
 254500         ,      20.540,       6.799,       1.260,       5.858
 255000         ,      22.674,       6.162,       1.521,       5.136
 255500         ,      19.973,       6.803,       0.922,       5.111
 256000         ,      21.245,       6.221,       1.329,       5.297
 256500         ,      24.369,       6.567,       1.425,       4.653
 257000         ,      21.595,       5.457,       1.523,       3.850
 257500         ,      21.942,       4.822,       1.303,       4.600
 258000         ,      24.404,       4.956,       1.482,       3.720
 258500         ,      22.901,       4.653,       1.560,       4.169
 259000         ,      23.279,       5.949,       1.535,       4.850
 259500         ,      24.645,       5.647,       1.520,       5.018
 260000         ,      19.451,       7.210,       1.723,       5.084
 260500         ,      20.458,       6.359,       0.623,       5.531
 261000         ,      18.357,       6.081,       1.066,       6.295
 261500         ,      22.252,       5.002,       1.467,       4.853
 262000         ,      23.896,       4.639,       1.960,       4.272
 262500         ,      16.421,       7.740,       0.992,       7.207
 263000         ,      17.781,       6.549,       1.393,       5.291
 263500         ,      22.110,       5.332,       1.116,       4.839
 264000         ,      22.296,       5.734,       1.113,       4.354
 264500         ,      21.837,       5.329,       1.767,       4.166
 265000         ,      19.272,       6.631,       1.071,       6.315
 265500         ,      20.265,       5.705,       0.911,       5.610
 266000         ,      21.508,       5.842,       1.398,       4.109
 266500         ,      20.999,       6.503,       1.219,       5.934
 267000         ,      19.497,       7.101,       1.092,       5.709
 267500         ,      22.877,       5.532,       1.415,       4.397
 268000         ,      19.874,       6.165,       1.086,       5.705
 268500         ,      21.243,       6.032,       0.709,       5.679
 269000         ,      25.229,       4.531,       2.746,       4.486
 269500         ,      18.098,       7.467,       0.952,       5.704
 270000         ,      20.317,       7.766,       0.732,       6.417
 270500         ,      24.000,       5.435,       1.428,       4.156
 271000         ,      21.814,       5.419,       1.146,       5.330
 271500         ,      19.288,       5.863,       0.922,       5.202
 272000         ,      19.691,       6.032,       1.189,       5.967
 272500         ,      22.337,       5.441,       1.346,       4.614
 273000         ,      21.154,       6.044,       1.743,       6.091
 273500         ,      22.388,       5.867,       1.809,       4.818
 274000         ,      18.154,       7.327,       1.717,       6.703
 274500         ,      23.688,       5.363,       0.928,       4.799
 275000         ,      18.170,       6.403,       1.544,       6.607
 275500         ,      21.094,       7.311,       0.545,       6.463
 276000         ,      21.901,       6.697,       0.801,       4.696
 276500         ,      22.787,       5.361,       1.348,       5.120
 277000         ,      18.540,       6.636,       0.868,       6.142
 277500         ,      19.688,       6.459,       1.552,       6.648
 278000         ,      20.158,       5.819,       0.965,       5.247
 278500         ,      22.703,       5.517,       1.209,       4.660
 279000         ,      23.467,       6.310,       1.187,       4.968
 279500         ,      21.755,       7.511,       0.728,       6.358
 280000         ,      22.153,       4.049,       2.067,       3.764
 280500         ,      26.677,       4.622,       2.882,       4.318
 281000         ,      23.891,       5.031,       1.727,       5.018
 281500         ,      22.821,       5.694,       0.850,       4.950
 282000         ,      20.897,       5.966,       1.184,       5.538
 282500         ,      21.654,       6.411,       0.996,       5.575
 283000         ,      23.117,       4.043,       2.051,       3.272
 283500         ,      21.257,       5.174,       1.768,       4.266
 284000         ,      23.495,       5.503,       1.169,       4.378
 284500         ,      21.243,       4.852,       1.187,       4.915
 285000         ,      21.411,       5.656,       1.144,       5.328
 285500         ,      19.816,       6.858,       0.652,       4.960
 286000         ,      20.526,       6.609,       0.899,       4.959
 286500         ,      21.695,       6.054,       1.388,       5.305
 287000         ,      22.175,       4.675,       1.540,       4.237
 287500         ,      21.321,       7.318,       1.258,       5.145
 288000         ,      21.650,       5.564,       1.663,       4.834
 288500         ,      21.423,       6.049,       1.213,       5.281
 289000         ,      22.794,       6.389,       1.500,       4.488
 289500         ,      23.698,       5.398,       1.280,       3.640
 290000         ,      20.367,       7.051,       1.083,       5.266
 290500         ,      23.763,       5.603,       1.164,       3.796
 291000         ,      21.662,       5.643,       1.592,       5.558
 291500         ,      21.634,       4.811,       1.477,       4.747
 292000         ,      22.646,       5.412,       1.049,       4.500
 292500         ,      19.160,       6.634,       1.172,       6.036
 293000         ,      20.075,       5.920,       1.235,       4.682
 293500         ,      22.679,       5.368,       1.535,       4.451
 294000         ,      19.109,       6.386,       1.663,       6.720
 294500         ,      21.721,       6.253,       0.816,       4.779
 295000         ,      23.022,       4.422,       1.593,       4.290
 295500         ,      21.945,       5.160,       1.375,       4.199
 296000         ,      20.051,       5.120,       1.380,       4.273
 296500         ,      19.341,       5.834,       1.076,       5.248
 297000         ,      17.550,       7.593,       1.419,       7.160
 297500         ,      23.130,       6.385,       1.190,       3.762
 298000         ,      21.579,       6.780,       1.615,       6.425
 298500         ,      21.539,       5.652,       1.111,       5.280
 299000         ,      16.273,       7.968,       1.045,       7.304
 299500         ,      21.975,       6.666,       1.088,       5.311
 300000         ,      21.596,       5.409,       1.335,       4.387
 300500         ,      23.453,       5.755,       1.385,       3.844
 301000         ,      20.578,       6.232,       0.972,       5.747
 301500         ,      19.465,       5.901,       1.160,       6.064
 302000         ,      22.189,       5.544,       1.462,       4.622
 302500         ,      20.006,       6.736,       1.185,       6.100
 303000         ,      23.465,       6.261,       1.266,       5.018
 303500         ,      19.887,       6.411,       0.571,       5.862
 304000         ,      19.538,       5.941,       1.407,       5.775
 304500         ,      22.003,       5.872,       0.839,       4.714
 305000         ,      21.025,       5.638,       1.199,       5.623
 305500         ,      18.656,       7.935,       1.010,       7.213
 306000         ,      22.394,       6.295,       1.090,       5.131
 306500         ,      20.841,       5.654,       1.808,       5.646
 307000         ,      22.355,       6.246,       1.744,       3.735
 307500         ,      18.386,       6.599,       1.388,       5.929
 308000         ,      21.255,       5.467,       1.387,       4.626
 308500         ,      16.126,       7.899,       0.949,       7.075
 309000         ,      21.424,       4.993,       1.346,       5.031
 309500         ,      22.870,       6.298,       1.818,       5.815
 310000         ,      20.294,       7.177,       1.247,       5.892
 310500         ,      19.805,       6.131,       1.884,       5.039
 311000         ,      20.281,       6.513,       1.119,       4.579
 311500         ,      21.405,       5.801,       1.007,       5.265
 312000         ,      22.568,       5.502,       1.769,       5.302
 312500         ,      21.342,       5.469,       1.774,       5.035
 313000         ,      21.223,       4.971,       2.113,       4.762
 313500         ,      18.470,       6.326,       1.010,       6.432
 314000         ,      22.046,       6.091,       0.973,       4.575
 314500         ,      17.087,       6.541,       0.857,       6.566
 315000         ,      19.599,       7.890,       0.450,       6.724
 315500         ,      21.079,       6.218,       0.795,       5.668
 316000         ,      24.763,       5.130,       2.413,       4.462
 316500         ,      20.578,       6.979,       1.669,       6.041
 317000         ,      17.603,       6.877,       1.445,       6.938
 317500         ,      17.809,       5.906,       1.174,       5.665
 318000         ,      21.499,       6.281,       1.118,       4.401
 318500         ,      18.913,       5.884,       1.057,       5.150
 319000         ,      20.899,       6.843,       0.829,       6.132
 319500         ,      19.447,       6.092,       0.948,       5.744
 320000         ,      21.732,       5.296,       1.438,       4.703
 320500         ,      21.261,       6.271,       0.967,       5.222
 321000         ,      20.979,       5.687,       1.289,       5.308
 321500         ,      21.120,       5.829,       1.143,       4.468
 322000         ,      20.848,       5.223,       1.365,       4.792
 322500         ,      18.221,       7.554,       1.422,       7.439
 323000         ,      23.668,       5.188,       1.732,       3.490
 323500         ,      18.721,       6.173,       1.705,       5.209
 324000         ,      20.058,       6.485,       1.222,       5.156
 324500         ,      21.575,       5.950,       1.821,       3.670
 325000         ,      21.807,       4.582,       1.599,       4.224
 325500         ,      21.918,       5.597,       1.184,       5.095
 326000         ,      20.510,       5.574,       1.536,       5.952
 326500         ,      18.001,       7.144,       1.944,       6.125
 327000         ,      20.963,       6.196,       1.580,       6.173
 327500         ,      19.308,       6.127,       1.622,       5.794
 328000         ,      20.189,       6.149,       0.706,       5.402
 328500         ,      17.497,       7.719,       1.149,       6.191
 329000         ,      17.963,       6.633,       0.850,       6.487
 329500         ,      19.619,       6.805,       0.756,       6.242
 330000         ,      20.044,       5.403,       1.585,       4.702
 330500         ,      21.216,       5.636,       1.467,       4.494
 331000         ,      22.821,       5.645,       1.247,       4.687
 331500         ,      23.342,       5.073,       1.299,       4.025
 332000         ,      18.734,       7.316,       0.604,       6.891
 332500         ,      21.099,       6.698,       0.760,       5.719
 333000         ,      18.976,       7.091,       0.621,       6.564
 333500         ,      20.279,       7.050,       0.682,       6.126
 334000         ,      20.473,       6.188,       1.401,       4.995
 334500         ,      23.254,       4.609,       1.687,       3.724
 335000         ,      22.124,       6.925,       1.531,       6.169
 335500         ,      20.984,       5.741,       1.374,       4.671
 336000         ,      23.193,       6.248,       1.193,       4.716
 336500         ,      18.827,       6.607,       1.022,       6.436
 337000         ,      21.120,       6.076,       0.921,       5.610
 337500         ,      18.107,       7.182,       0.700,       6.487
 338000         ,      20.371,       7.116,       0.882,       6.150
 338500         ,      21.292,       6.870,       0.943,       5.877
 339000         ,      17.990,       7.771,       0.714,       6.936
 339500         ,      21.215,       5.888,       1.386,       5.030
 340000         ,      20.796,       5.588,       1.387,       5.430
 340500         ,      25.022,       4.734,       1.787,       4.151
 341000         ,      21.210,       7.536,       0.745,       6.342
 341500         ,      19.282,       6.695,       0.833,       6.024
 342000         ,      21.722,       6.352,       0.791,       5.727
 342500         ,      15.620,       9.803,       1.034,       8.817
 343000         ,      19.460,       5.713,       1.092,       5.782
 343500         ,      19.413,       6.940,       1.447,       5.573
 344000         ,      21.762,       5.399,       1.220,       5.008
 344500         ,      22.765,       4.403,       1.771,       4.270
 345000         ,      21.366,       6.225,       1.022,       5.097
 345500         ,      21.908,       5.579,       0.756,       5.160
 346000         ,      20.488,       7.241,       0.491,       5.260
 346500         ,      25.128,       6.174,       0.984,       5.079
 347000         ,      19.886,       8.307,       0.698,       6.710
 347500         ,      20.015,       8.191,       0.686,       6.846
 348000         ,      19.169,       7.416,       1.013,       6.180
 348500         ,      16.367,       7.933,       1.136,       8.058
 349000         ,      22.706,       5.186,       1.034,       4.284
 349500         ,      22.004,       5.701,       0.861,       5.065
 350000         ,      20.173,       6.621,       0.644,       6.056
 350500         ,      20.242,       6.700,       0.694,       5.692
 351000         ,      20.954,       5.732,       1.064,       5.443
 351500         ,      18.754,       8.284,       0.551,       7.379
 352000         ,      19.142,       7.226,       0.681,       6.064
 352500         ,      19.562,       6.427,       1.012,       5.300
 353000         ,      21.754,       5.684,       1.118,       5.517
 353500         ,      23.245,       6.465,       1.349,       5.316
 354000         ,      20.592,       8.229,       0.756,       6.431
 354500         ,      22.293,       5.741,       1.151,       5.380
 355000         ,      23.279,       5.248,       1.327,       4.080
 355500         ,      21.734,       6.764,       0.936,       5.370
 356000         ,      23.979,       5.098,       1.628,       4.310
 356500         ,      22.485,       6.877,       1.337,       5.468
 357000         ,      19.237,       8.550,       0.372,       7.548
 357500         ,      20.337,       6.852,       1.144,       6.139
 358000         ,      21.252,       6.844,       0.675,       5.808
 358500         ,      21.297,       6.592,       0.662,       5.800
 359000         ,      20.332,       6.507,       1.039,       6.190
 359500         ,      19.535,       8.063,       0.582,       6.701
 360000         ,      20.029,       6.399,       1.230,       5.982
 360500         ,      17.266,       7.877,       0.940,       7.625
 361000         ,      20.361,       7.364,       0.695,       6.479
 361500         ,      19.924,       6.174,       2.031,       5.096
 362000         ,      20.587,       6.237,       0.828,       5.927
 362500         ,      20.381,       6.821,       1.258,       6.042
 363000         ,      23.362,       6.079,       0.853,       4.808
 363500         ,      21.963,       5.528,       1.387,       4.892
 364000         ,      23.746,       5.069,       1.452,       4.544
 364500         ,      20.282,       7.652,       0.949,       7.063
 365000         ,      21.716,       4.761,       1.678,       3.953
 365500         ,      23.055,       4.918,       1.218,       4.243
 366000         ,      21.622,       5.630,       1.259,       4.737
 366500         ,      23.822,       5.548,       1.238,       5.111
 367000         ,      21.300,       6.501,       0.778,       5.887
 367500         ,      22.090,       7.168,       0.727,       5.957
 368000         ,      19.357,       7.540,       0.813,       7.000
 368500         ,      20.385,       7.165,       0.948,       5.528
 369000         ,      25.530,       5.172,       1.193,       4.480
 369500         ,      21.016,       6.551,       1.040,       6.168
 370000         ,      17.637,       8.081,       0.628,       7.688
 370500         ,      19.721,       6.186,       1.041,       5.325
 371000         ,      20.892,       6.566,       1.098,       5.963
 371500         ,      21.096,       5.919,       0.991,       4.945
 372000         ,      19.819,       7.586,       0.643,       6.106
 372500         ,      22.653,       5.059,       1.194,       4.255
 373000         ,      22.191,       4.346,       2.099,       4.405
 373500         ,      19.221,       7.528,       1.377,       5.851
 374000         ,      21.527,       6.769,       0.937,       5.625
 374500         ,      22.738,       6.042,       0.865,       5.391
 375000         ,      20.680,       5.611,       1.273,       4.786
 375500         ,      22.007,       5.171,       1.369,       5.249
 376000         ,      20.306,       7.581,       0.232,       6.354
 376500         ,      22.847,       6.123,       1.336,       4.432
 377000         ,      23.124,       4.237,       1.866,       4.190
 377500         ,      24.405,       4.972,       1.318,       4.564
 378000         ,      22.148,       5.667,       0.902,       5.236
 378500         ,      19.963,       6.407,       0.812,       6.036
 379000         ,      21.358,       4.992,       1.343,       4.341
 379500         ,      22.447,       5.610,       1.135,       5.014
 380000         ,      20.297,       5.935,       0.878,       5.506
 380500         ,      22.461,       6.362,       1.411,       5.066
 381000         ,      18.801,       6.277,       1.211,       6.514
 381500         ,      18.975,       6.794,       1.093,       6.490
 382000         ,      21.213,       6.014,       0.726,       5.604
 382500         ,      23.301,       6.213,       1.159,       4.028
 383000         ,      20.219,       6.700,       0.883,       5.333
 383500         ,      17.192,       7.800,       0.817,       7.483
 384000         ,      21.024,       5.592,       1.640,       5.486
 384500         ,      21.597,       5.395,       1.321,       5.349
 385000         ,      23.105,       6.118,       1.088,       4.856
 385500         ,      23.640,       5.483,       1.435,       3.578
 386000         ,      17.696,       7.133,       0.890,       6.919
 386500         ,      20.965,       5.439,       1.409,       5.415
 387000         ,      19.701,       6.187,       1.349,       5.970
 387500         ,      19.190,       7.125,       0.628,       6.305
 388000         ,      25.220,       5.238,       2.169,       4.228
 388500         ,      22.999,       4.929,       1.332,       4.661
 389000         ,      22.460,       5.464,       1.125,       5.120
 389500         ,      20.486,       5.071,       1.514,       5.028
 390000         ,      22.752,       6.633,       1.055,       5.285
 390500         ,      18.401,       6.421,       1.022,       6.428
 391000         ,      18.229,       7.182,       1.261,       6.540
 391500         ,      21.905,       5.931,       0.993,       5.025
 392000         ,      20.226,       6.755,       1.750,       6.663
 392500         ,      20.747,       4.772,       1.072,       4.777
 393000         ,      20.483,       6.723,       0.768,       5.526
 393500         ,      19.292,       5.932,       1.259,       5.181
 394000         ,      20.685,       6.015,       0.719,       5.029
 394500         ,      22.668,       4.650,       1.858,       4.726
 395000         ,      21.057,       5.812,       0.990,       5.263
 395500         ,      22.664,       5.094,       1.349,       3.867
 396000         ,      20.696,       6.774,       0.913,       5.034
 396500         ,      25.891,       4.342,       2.144,       3.741
 397000         ,      23.903,       5.362,       1.348,       3.907
 397500         ,      22.130,       6.423,       1.191,       5.333
 398000         ,      25.008,       4.658,       1.955,       4.435
 398500         ,      24.225,       5.026,       1.372,       4.071
 399000         ,      22.515,       5.527,       2.278,       5.347
 399500         ,      23.086,       5.193,       1.496,       4.972
 400000         ,      24.779,       5.029,       2.414,       5.029
 400500         ,      19.824,       7.091,       1.352,       6.817
 401000         ,      21.686,       7.248,       1.194,       4.683
 401500         ,      20.517,       6.244,       0.946,       4.781
 402000         ,      17.933,       5.966,       1.824,       6.496
 402500         ,      18.901,       8.346,       1.082,       7.235
 403000         ,      18.848,       6.179,       0.960,       6.319
 403500         ,      20.464,       5.711,       1.368,       5.074
 404000         ,      18.870,       6.015,       1.857,       6.534
 404500         ,      18.105,       6.479,       1.077,       6.579
 405000         ,      18.481,       6.999,       0.898,       6.216
 405500         ,      20.435,       6.519,       0.961,       5.189
 406000         ,      21.846,       4.907,       1.354,       4.989
 406500         ,      21.924,       6.389,       0.641,       5.277
 407000         ,      20.898,       5.342,       1.751,       4.838
 407500         ,      20.756,       5.931,       1.783,       4.939
 408000         ,      21.310,       5.214,       1.599,       4.830
 408500         ,      22.206,       6.610,       1.907,       4.627
 409000         ,      17.970,       7.542,       1.121,       6.178
 409500         ,      22.050,       5.453,       0.920,       4.394
 410000         ,      21.465,       4.644,       1.789,       3.963
 410500         ,      17.146,       8.083,       0.701,       7.705
 411000         ,      18.197,       5.596,       1.141,       5.891
 411500         ,      18.680,       7.105,       0.927,       6.170
 412000         ,      20.501,       6.069,       0.816,       5.182
 412500         ,      21.315,       5.777,       1.632,       4.564
 413000         ,      20.544,       5.636,       1.798,       5.541
 413500         ,      22.549,       6.755,       1.425,       5.399
 414000         ,      20.577,       6.232,       1.143,       6.103
 414500         ,      21.211,       5.902,       1.067,       5.442
 415000         ,      21.647,       4.757,       1.713,       4.900
 415500         ,      19.427,       6.013,       1.016,       6.110
 416000         ,      20.357,       5.068,       1.360,       4.869
 416500         ,      17.741,       7.633,       0.571,       6.683
 417000         ,      20.278,       6.218,       0.896,       5.924
 417500         ,      15.138,       7.758,       1.898,       7.892
 418000         ,      19.184,       5.943,       1.872,       6.003
 418500         ,      18.033,       7.061,       1.005,       7.011
 419000         ,      24.440,       5.369,       1.382,       4.025
 419500         ,      22.248,       5.330,       1.490,       4.540
 420000         ,      21.430,       5.872,       1.147,       5.483
 420500         ,      18.955,       6.162,       1.395,       6.313
 421000         ,      20.975,       5.952,       1.463,       4.093
 421500         ,      21.918,       5.945,       1.112,       5.093
 422000         ,      20.623,       5.548,       0.894,       5.249
 422500         ,      24.534,       4.444,       2.005,       3.044
 423000         ,      24.146,       5.344,       1.741,       4.235
 423500         ,      19.689,       6.489,       1.550,       5.201
 424000         ,      20.537,       7.001,       0.971,       5.857
 424500         ,      22.926,       4.436,       1.673,       4.738
 425000         ,      17.454,       7.580,       0.912,       6.813
 425500         ,      21.847,       6.424,       0.845,       5.709
 426000         ,      18.690,       6.727,       0.941,       6.052
 426500         ,      19.897,       7.334,       1.043,       6.626
 427000         ,      20.983,       6.041,       0.913,       5.761
 427500         ,      22.748,       4.710,       1.725,       4.697
 428000         ,      20.949,       6.488,       1.168,       5.445
 428500         ,      22.580,       5.173,       1.367,       4.057
 429000         ,      23.295,       5.103,       1.685,       4.580
 429500         ,      21.389,       5.794,       1.032,       5.615
 430000         ,      21.801,       4.993,       2.109,       5.194
 430500         ,      20.649,       5.447,       1.476,       5.564
 431000         ,      21.624,       7.069,       0.760,       6.077
 431500         ,      19.153,       6.957,       0.832,       6.082
 432000         ,      19.298,       5.130,       1.456,       5.467
 432500         ,      18.950,       7.170,       0.655,       6.701
 433000         ,      18.834,       5.200,       1.900,       5.340
 433500         ,      23.261,       5.808,       1.328,       3.928
 434000         ,      22.222,       5.307,       1.306,       4.258
 434500         ,      20.513,       6.753,       0.788,       6.208
 435000         ,      19.603,       6.801,       0.915,       6.083
 435500         ,      19.555,       5.676,       0.897,       5.420
 436000         ,      22.130,       6.072,       1.605,       4.986
 436500         ,      20.065,       5.749,       1.412,       6.018
 437000         ,      21.006,       5.424,       1.615,       4.667
 437500         ,      24.989,       6.166,       2.193,       5.256
 438000         ,      18.779,       7.140,       1.277,       6.984
 438500         ,      18.133,       6.768,       0.861,       5.629
 439000         ,      22.103,       4.979,       1.409,       4.387
 439500         ,      21.982,       5.784,       1.550,       4.698
 440000         ,      20.586,       6.729,       1.190,       4.985
 440500         ,      24.144,       5.533,       1.652,       3.907
 441000         ,      21.721,       6.001,       1.376,       5.637
 441500         ,      19.318,       7.370,       0.984,       5.292
 442000         ,      21.762,       6.288,       0.993,       5.441
 442500         ,      21.363,       6.154,       0.989,       4.948
 443000         ,      19.657,       7.245,       0.779,       6.690
 443500         ,      20.116,       6.562,       0.978,       6.035
 444000         ,      20.726,       7.587,       0.869,       6.139
 444500         ,      19.092,       5.874,       0.944,       6.056
 445000         ,      19.378,       6.182,       1.534,       6.468
 445500         ,      21.343,       7.023,       0.962,       6.031
 446000         ,      20.428,       6.209,       0.889,       5.041
 446500         ,      18.267,       5.936,       1.314,       5.966
 447000         ,      21.281,       4.974,       1.323,       4.374
 447500         ,      23.718,       4.170,       1.879,       4.204
 448000         ,      21.868,       5.583,       1.042,       4.184
 448500         ,      21.945,       6.109,       0.906,       4.388
 449000         ,      21.641,       5.926,       1.046,       5.643
 449500         ,      24.556,       4.825,       1.859,       4.388
 450000         ,      17.144,       6.928,       1.306,       7.213
 450500         ,      17.399,       8.342,       0.886,       7.469
 451000         ,      18.323,       7.634,       0.435,       6.201
 451500         ,      21.845,       5.755,       1.236,       4.767
 452000         ,      21.781,       4.970,       1.525,       4.323
 452500         ,      20.457,       6.401,       1.065,       6.066
 453000         ,      23.805,       4.624,       1.775,       3.082
 453500         ,      19.369,       6.323,       0.940,       6.224
 454000         ,      20.091,       6.871,       0.905,       5.336
 454500         ,      20.177,       5.211,       2.032,       5.025
 455000         ,      22.411,       6.157,       1.003,       4.874
 455500         ,      17.091,       8.124,       0.983,       7.136
 456000         ,      20.539,       5.528,       1.174,       4.735
 456500         ,      22.933,       4.902,       1.458,       3.719
 457000         ,      21.171,       7.459,       0.977,       5.672
 457500         ,      19.762,       7.390,       0.989,       6.341
 458000         ,      19.438,       6.809,       1.123,       6.501
 458500         ,      21.824,       5.394,       1.544,       5.398
 459000         ,      20.820,       5.873,       0.886,       4.894
 459500         ,      20.479,       5.830,       1.117,       4.736
 460000         ,      21.977,       5.998,       1.397,       4.647
 460500         ,      21.642,       5.625,       2.024,       5.447
 461000         ,      20.321,       6.116,       1.205,       4.493
 461500         ,      21.104,       5.864,       0.938,       5.226
 462000         ,      23.496,       4.006,       1.831,       3.565
 462500         ,      22.473,       5.766,       1.133,       4.079
 463000         ,      18.173,       6.669,       0.855,       5.949
 463500         ,      20.774,       6.795,       1.023,       4.982
 464000         ,      18.868,       7.199,       0.466,       5.963
 464500         ,      20.565,       6.126,       1.315,       6.087
 465000         ,      20.599,       5.869,       1.324,       4.233
 465500         ,      24.690,       4.507,       1.927,       3.601
 466000         ,      23.294,       6.053,       1.291,       5.204
 466500         ,      22.073,       6.253,       1.206,       4.210
 467000         ,      23.904,       4.572,       1.678,       4.311
 467500         ,      20.051,       6.793,       1.028,       4.723
 468000         ,      19.749,       6.803,       0.963,       5.951
 468500         ,      21.135,       5.767,       1.466,       4.446
 469000         ,      17.987,       7.109,       0.793,       5.697
 469500         ,      25.588,       5.594,       1.694,       4.501
 470000         ,      21.049,       4.920,       1.676,       5.420
 470500         ,      20.786,       6.302,       1.050,       5.482
 471000         ,      16.612,       7.056,       1.456,       6.782
 471500         ,      21.979,       5.276,       1.222,       4.871
 472000         ,      22.637,       5.675,       2.015,       4.320
 472500         ,      19.520,       6.651,       1.320,       4.443
 473000         ,      21.511,       6.739,       1.150,       5.181
 473500         ,      21.473,       6.690,       1.101,       5.440
 474000         ,      23.488,       5.601,       1.366,       5.096
 474500         ,      19.455,       7.386,       0.938,       5.709
 475000         ,      22.690,       6.244,       1.400,       5.244
 475500         ,      23.943,       5.545,       1.616,       3.703
 476000         ,      19.787,       6.601,       1.060,       5.513
 476500         ,      23.902,       5.156,       1.431,       4.266
 477000         ,      23.076,       5.777,       1.642,       3.269
 477500         ,      19.460,       6.741,       0.631,       5.481
 478000         ,      25.222,       5.878,       1.416,       3.804
 478500         ,      18.842,       6.838,       0.864,       5.818
 479000         ,      22.326,       6.535,       0.953,       4.494
 479500         ,      23.372,       4.488,       1.613,       4.509
 480000         ,      21.367,       5.757,       1.106,       4.949
 480500         ,      19.488,       6.714,       1.870,       6.732
 481000         ,      19.811,       7.304,       1.464,       6.145
 481500         ,      24.583,       5.587,       2.422,       2.911
 482000         ,      20.052,       6.671,       1.600,       4.771
 482500         ,      20.429,       6.785,       1.097,       5.180
 483000         ,      23.263,       5.258,       1.803,       3.766
 483500         ,      21.368,       5.557,       1.080,       5.429
 484000         ,      20.839,       5.531,       1.168,       4.644
 484500         ,      17.364,       8.045,       1.025,       7.343
 485000         ,      20.756,       5.520,       0.984,       4.442
 485500         ,      22.625,       6.376,       1.022,       5.058
 486000         ,      22.006,       5.946,       0.942,       4.927
 486500         ,      20.444,       5.531,       1.209,       5.583
 487000         ,      21.555,       6.382,       0.859,       4.861
 487500         ,      24.425,       4.734,       2.357,       3.844
 488000         ,      19.860,       5.575,       1.139,       5.017
 488500         ,      20.408,       6.417,       0.950,       5.449
 489000         ,      20.329,       6.115,       1.387,       5.802
 489500         ,      21.948,       5.030,       1.469,       4.260
 490000         ,      21.105,       5.335,       0.972,       5.026
 490500         ,      21.241,       5.332,       1.410,       4.226
 491000         ,      20.976,       5.296,       1.879,       4.992
 491500         ,      19.868,       6.345,       0.798,       5.340
 492000         ,      17.339,       6.901,       1.441,       6.915
 492500         ,      21.190,       5.523,       1.618,       5.510
 493000         ,      17.460,       7.088,       0.817,       6.907
 493500         ,      19.362,       6.596,       0.903,       6.053
 494000         ,      18.894,       5.803,       1.380,       5.725
 494500         ,      21.787,       4.846,       1.326,       4.178
 495000         ,      20.997,       6.940,       1.131,       6.246
 495500         ,      21.100,       6.563,       1.054,       5.480
 496000         ,      21.650,       5.393,       1.235,       5.477
 496500         ,      19.619,       5.920,       0.898,       5.818
 497000         ,      22.106,       4.706,       1.578,       4.653
 497500         ,      23.848,       4.358,       1.865,       4.168
 498000         ,      23.147,       5.434,       1.390,       4.512
 498500         ,      22.406,       6.133,       1.291,       5.107
 499000         ,      22.743,       5.314,       1.203,       4.016
 499500         ,      20.077,       6.596,       0.938,       6.186
 500000         ,      18.880,       6.695,       1.325,       6.710
