--------------------------------------------------------------------------------
S H A P E   v2.1         Continuous Shape Measures calculation
(c) 2013  Electronic Structure Group, Universitat de Barcelona
                   Contact:  llunell@ub.edu                   
--------------------------------------------------------------------------------

coordination ZF1 

SP-4            1 D4h   Square                                             
T-4             2 Td    Tetrahedron                                        
SS-4            3 C2v   Seesaw                                             
vTBPY-4         4 C3v   Vacant trigonal bipyramid                          

Structure [ML4 ]         SP-4          T-4         SS-4      vTBPY-4
 0              ,      20.656,       8.565,       1.328,       5.976
 500            ,      20.002,      10.564,       0.566,       8.624
 1000           ,      20.450,       8.984,       0.443,       7.130
 1500           ,      16.553,      13.354,       0.959,       9.677
 2000           ,      21.596,       8.623,       0.458,       6.046
 2500           ,      22.949,       9.010,       1.231,       6.188
 3000           ,      18.954,       7.971,       0.647,       6.228
 3500           ,      17.335,      10.557,       0.340,       7.947
 4000           ,      16.525,      12.311,       0.788,       9.102
 4500           ,      21.568,       8.596,       1.079,       6.233
 5000           ,      20.741,       9.153,       1.168,       7.383
 5500           ,      16.690,      11.256,       0.416,       9.101
 6000           ,      21.607,       8.671,       0.660,       6.573
 6500           ,      17.865,       8.684,       0.876,       6.921
 7000           ,      21.777,       8.540,       0.892,       6.479
 7500           ,      20.468,       9.042,       0.852,       6.442
 8000           ,      22.269,       8.500,       1.241,       6.619
 8500           ,      26.354,       8.514,       1.803,       5.835
 9000           ,      22.448,       8.406,       1.193,       6.883
 9500           ,      21.698,       9.334,       0.748,       5.904
 10000          ,      21.222,       8.195,       0.953,       5.809
 10500          ,      20.870,       8.578,       0.548,       6.105
 11000          ,      22.977,       8.446,       1.032,       5.230
 11500          ,      19.357,       9.901,       0.516,       6.906
 12000          ,      18.559,       9.707,       0.255,       7.822
 12500          ,      19.016,       8.794,       0.752,       6.309
 13000          ,      20.130,       8.845,       0.514,       6.199
 13500          ,      20.353,       9.565,       0.616,       7.916
 14000          ,      20.500,       8.779,       1.090,       5.652
 14500          ,      24.184,      10.148,       1.166,       7.137
 15000          ,      19.564,      10.271,       0.702,       7.580
 15500          ,      20.828,      10.324,       0.712,       7.635
 16000          ,      19.063,      10.172,       0.569,       7.086
 16500          ,      18.165,      10.628,       0.576,       8.107
 17000          ,      22.716,      10.635,       1.270,       6.507
 17500          ,      17.231,      10.608,       0.442,       8.903
 18000          ,      17.776,      11.534,       0.737,       8.243
 18500          ,      19.332,      10.345,       0.466,       8.339
 19000          ,      15.004,      12.145,       0.822,       9.394
 19500          ,      22.174,       9.542,       1.400,       5.692
 20000          ,      21.375,       8.085,       0.889,       5.579
 20500          ,      20.518,      11.531,       0.673,       7.898
 21000          ,      17.484,       9.933,       0.365,       8.009
 21500          ,      20.588,       7.655,       0.760,       5.208
 22000          ,      19.925,       8.807,       0.591,       6.796
 22500          ,      17.455,       9.615,       0.990,       6.396
 23000          ,      18.552,       9.685,       0.608,       6.888
 23500          ,      24.208,       7.719,       0.847,       5.780
 24000          ,      20.270,      11.202,       0.889,       7.975
 24500          ,      13.561,      12.979,       1.202,      10.466
 25000          ,      17.500,      12.030,       0.544,       9.184
 25500          ,      18.096,       9.742,       0.405,       7.597
 26000          ,      14.733,      12.516,       1.115,       9.100
 26500          ,      19.567,      11.568,       0.723,       9.347
 27000          ,      17.987,      10.494,       0.493,       8.025
 27500          ,      21.611,       8.246,       1.044,       6.213
 28000          ,      17.828,       9.468,       0.268,       7.320
 28500          ,      17.607,       9.789,       0.273,       8.315
 29000          ,      25.039,       8.252,       1.915,       5.234
 29500          ,      17.187,       9.470,       0.244,       8.400
 30000          ,      15.227,      13.991,       1.053,      10.630
 30500          ,      16.581,       9.960,       0.478,       7.549
 31000          ,      19.845,       9.876,       0.460,       7.211
 31500          ,      20.851,       9.103,       0.415,       6.908
 32000          ,      18.722,      10.622,       0.508,       8.742
 32500          ,      18.548,      12.674,       0.855,       8.921
 33000          ,      17.878,      10.580,       0.522,       7.365
 33500          ,      15.669,      10.449,       0.506,       9.439
 34000          ,      22.030,       7.785,       0.941,       5.843
 34500          ,      20.490,      11.342,       0.780,       8.720
 35000          ,      17.559,      11.053,       0.421,       9.392
 35500          ,      18.703,      10.545,       0.806,       7.382
 36000          ,      18.495,      11.666,       0.756,       9.390
 36500          ,      15.409,      11.651,       0.649,       9.344
 37000          ,      19.619,       9.288,       0.697,       6.384
 37500          ,      21.971,       8.231,       0.648,       5.956
 38000          ,      18.786,       8.630,       0.815,       5.831
 38500          ,      20.696,       9.095,       0.533,       6.278
 39000          ,      22.356,       8.790,       0.502,       6.452
 39500          ,      14.981,      12.491,       0.814,      10.021
 40000          ,      18.226,      10.173,       0.681,       7.461
 40500          ,      20.182,       8.944,       0.584,       7.096
 41000          ,      19.378,      11.198,       0.568,       7.585
 41500          ,      19.824,       9.755,       0.582,       7.227
 42000          ,      17.289,      10.686,       0.478,       8.258
 42500          ,      17.490,      11.317,       0.769,       8.894
 43000          ,      20.106,      10.846,       0.805,       6.999
 43500          ,      17.813,       9.473,       0.614,       7.117
 44000          ,      16.575,      10.850,       0.722,       7.969
 44500          ,      18.622,       9.613,       0.224,       7.459
 45000          ,      17.241,      10.562,       0.478,       8.768
 45500          ,      19.363,       9.818,       0.513,       8.277
 46000          ,      19.325,       8.725,       0.622,       6.531
 46500          ,      20.747,       8.969,       1.335,       5.953
 47000          ,      18.569,      10.554,       0.566,       8.883
 47500          ,      14.515,      10.315,       0.714,       8.680
 48000          ,      18.878,      11.610,       0.699,       8.453
 48500          ,      18.548,      10.462,       0.503,       7.779
 49000          ,      19.637,      10.560,       0.600,       8.162
 49500          ,      19.920,      10.244,       0.834,       6.592
 50000          ,      19.913,       9.513,       0.611,       6.244
 50500          ,      17.451,       9.094,       0.417,       7.431
 51000          ,      18.669,      10.137,       0.729,       7.356
 51500          ,      19.050,      11.367,       0.784,       8.005
 52000          ,      19.565,      12.571,       1.203,       7.743
 52500          ,      18.839,       9.925,       0.638,       7.238
 53000          ,      19.138,      10.121,       0.431,       7.202
 53500          ,      20.199,       9.056,       1.233,       5.780
 54000          ,      20.261,      10.920,       0.342,       7.628
 54500          ,      17.924,       9.560,       0.345,       7.675
 55000          ,      17.734,      10.602,       0.881,       7.206
 55500          ,      18.886,      11.620,       0.668,       8.608
 56000          ,      21.103,       8.625,       0.808,       5.729
 56500          ,      19.602,       8.468,       0.516,       7.119
 57000          ,      15.431,      11.730,       0.738,       9.663
 57500          ,      18.399,      12.341,       1.142,       8.701
 58000          ,      19.290,       9.311,       0.503,       6.882
 58500          ,      18.998,      11.460,       0.952,       7.317
 59000          ,      19.076,      10.072,       0.372,       7.479
 59500          ,      16.698,       9.789,       0.749,       7.468
 60000          ,      20.045,       8.066,       0.535,       6.979
 60500          ,      17.566,      10.620,       0.397,       7.898
 61000          ,      18.197,      10.645,       0.298,       8.246
 61500          ,      18.849,       9.634,       0.374,       7.492
 62000          ,      19.964,       8.344,       0.668,       5.717
 62500          ,      18.965,       8.865,       0.628,       6.416
 63000          ,      19.393,       9.399,       0.703,       7.423
 63500          ,      15.572,      12.241,       0.527,      10.433
 64000          ,      20.397,       8.524,       0.974,       5.495
 64500          ,      14.327,      12.876,       1.158,      10.029
 65000          ,      17.028,      13.340,       0.832,      10.109
 65500          ,      15.621,      10.072,       0.727,       8.049
 66000          ,      18.646,      10.991,       0.527,       7.403
 66500          ,      20.301,      10.966,       0.896,       7.309
 67000          ,      16.863,      10.202,       0.507,       8.187
 67500          ,      18.710,      10.383,       0.630,       7.333
 68000          ,      19.234,      10.699,       0.752,       7.215
 68500          ,      22.172,       9.662,       0.835,       6.217
 69000          ,      18.743,       9.645,       0.909,       6.635
 69500          ,      17.804,       8.999,       0.623,       6.626
 70000          ,      18.134,      10.750,       0.646,       7.545
 70500          ,      19.758,       8.152,       1.132,       5.980
 71000          ,      20.359,      10.201,       0.637,       7.743
 71500          ,      17.330,      10.655,       0.464,       8.304
 72000          ,      18.663,      11.771,       1.546,       8.226
 72500          ,      22.276,       9.299,       1.144,       7.002
 73000          ,      16.773,      10.754,       1.063,       7.503
 73500          ,      21.344,       9.985,       0.729,       7.226
 74000          ,      19.181,      10.615,       0.916,       6.710
 74500          ,      19.485,      10.053,       0.504,       7.221
 75000          ,      17.988,      10.087,       1.093,       6.673
 75500          ,      19.350,       8.617,       0.581,       6.714
 76000          ,      18.859,       9.494,       0.385,       7.547
 76500          ,      22.122,       9.415,       0.724,       6.745
 77000          ,      20.352,      11.124,       1.201,       7.608
 77500          ,      26.030,       7.813,       1.379,       5.198
 78000          ,      22.245,       8.861,       1.140,       5.554
 78500          ,      23.490,       6.592,       1.469,       5.092
 79000          ,      23.399,       7.371,       1.137,       5.446
 79500          ,      24.487,       6.792,       0.877,       4.854
 80000          ,      20.928,       9.499,       0.639,       6.373
 80500          ,      21.384,       9.926,       0.893,       7.164
 81000          ,      20.074,      11.599,       1.079,       7.263
 81500          ,      15.490,      12.745,       0.960,       9.613
 82000          ,      22.664,       8.558,       1.245,       5.501
 82500          ,      21.727,       7.559,       0.726,       5.834
 83000          ,      21.408,       8.090,       0.754,       5.414
 83500          ,      19.938,      10.294,       0.284,       8.041
 84000          ,      18.704,      11.086,       0.432,       7.861
 84500          ,      18.744,      11.831,       0.964,       7.881
 85000          ,      20.270,       9.875,       1.084,       6.276
 85500          ,      18.953,      11.138,       0.872,       7.288
 86000          ,      19.053,      10.747,       0.498,       7.253
 86500          ,      20.939,      10.971,       0.811,       7.763
 87000          ,      21.182,       9.142,       0.892,       7.314
 87500          ,      20.322,       8.836,       0.535,       7.469
 88000          ,      17.711,      10.062,       0.860,       8.605
 88500          ,      21.950,       9.975,       0.647,       7.820
 89000          ,      19.590,       9.330,       0.589,       6.593
 89500          ,      22.004,      10.092,       0.440,       7.024
 90000          ,      20.580,      10.754,       0.425,       8.295
 90500          ,      18.144,      10.453,       0.858,       8.126
 91000          ,      19.584,      10.057,       0.507,       7.506
 91500          ,      21.677,       7.933,       0.958,       5.329
 92000          ,      19.309,      10.060,       0.297,       7.810
 92500          ,      15.123,      11.998,       0.746,       9.635
 93000          ,      22.669,       9.356,       1.134,       7.164
 93500          ,      20.097,       8.536,       0.274,       6.291
 94000          ,      21.687,       8.720,       0.401,       6.958
 94500          ,      18.611,       9.238,       0.199,       7.546
 95000          ,      21.095,      10.190,       0.992,       6.230
 95500          ,      18.594,       9.852,       0.520,       7.348
 96000          ,      20.786,       9.851,       0.632,       6.860
 96500          ,      17.761,      10.072,       0.700,       8.576
 97000          ,      20.708,       8.379,       0.416,       6.887
 97500          ,      17.983,      10.310,       0.792,       8.378
 98000          ,      19.987,       9.073,       0.871,       6.321
 98500          ,      18.006,      10.238,       0.676,       7.793
 99000          ,      21.574,       8.829,       0.872,       5.455
 99500          ,      19.946,       8.867,       1.153,       5.279
 100000         ,      19.806,      10.415,       0.806,       7.422
 100500         ,      18.842,      11.103,       0.557,       8.107
 101000         ,      21.578,      10.321,       0.732,       7.385
 101500         ,      20.442,       9.308,       1.170,       5.604
 102000         ,      18.775,       9.820,       0.494,       7.736
 102500         ,      19.317,      11.097,       0.700,       9.095
 103000         ,      17.948,      10.427,       0.783,       7.061
 103500         ,      19.140,       8.783,       0.493,       6.803
 104000         ,      15.834,      10.182,       0.460,       9.095
 104500         ,      20.004,       9.019,       0.670,       6.443
 105000         ,      20.007,       8.647,       0.349,       6.111
 105500         ,      21.867,       7.845,       0.663,       6.205
 106000         ,      19.431,      10.358,       0.390,       7.967
 106500         ,      16.715,      11.648,       0.485,       9.530
 107000         ,      18.705,       8.980,       0.769,       6.719
 107500         ,      18.232,      11.667,       0.615,       8.883
 108000         ,      15.969,      11.797,       0.567,       9.479
 108500         ,      23.070,       8.147,       1.100,       4.899
 109000         ,      24.429,       6.868,       1.442,       4.487
 109500         ,      22.109,      10.308,       0.898,       7.986
 110000         ,      22.488,       8.807,       0.633,       6.627
 110500         ,      17.415,      11.668,       0.798,       9.142
 111000         ,      21.398,      11.444,       1.510,       6.620
 111500         ,      19.116,      11.839,       0.745,       8.010
 112000         ,      17.450,      11.522,       0.816,       8.826
 112500         ,      19.311,      10.263,       0.313,       7.903
 113000         ,      19.577,       8.767,       1.007,       5.381
 113500         ,      17.572,      10.774,       0.438,       8.301
 114000         ,      20.668,      10.317,       0.790,       6.311
 114500         ,      18.171,      10.782,       0.684,       7.363
 115000         ,      20.016,      11.605,       1.084,       7.492
 115500         ,      24.600,       6.848,       1.229,       5.633
 116000         ,      19.269,       8.849,       0.407,       6.990
 116500         ,      24.827,       8.486,       0.801,       6.404
 117000         ,      19.767,      10.691,       0.645,       8.442
 117500         ,      18.197,       9.442,       0.443,       6.967
 118000         ,      19.025,      10.614,       0.984,       7.910
 118500         ,      18.440,      11.245,       0.287,       8.936
 119000         ,      17.392,       9.250,       0.607,       7.385
 119500         ,      17.941,      12.022,       1.009,       8.320
 120000         ,      18.300,      10.129,       0.542,       7.228
 120500         ,      15.776,      13.723,       1.027,      10.049
 121000         ,      21.343,       8.469,       0.906,       5.933
 121500         ,      17.828,      11.088,       0.932,       7.873
 122000         ,      19.022,      10.333,       0.405,       8.612
 122500         ,      23.861,       7.921,       1.040,       5.192
 123000         ,      18.743,       9.656,       0.692,       6.938
 123500         ,      15.143,      11.741,       0.881,       8.628
 124000         ,      15.576,      10.792,       0.565,       8.290
 124500         ,      21.718,       9.574,       0.563,       6.975
 125000         ,      21.814,      10.652,       1.248,       7.272
 125500         ,      21.494,       9.946,       0.785,       6.601
 126000         ,      19.622,       9.743,       0.418,       7.536
 126500         ,      21.138,      11.701,       1.670,       6.333
 127000         ,      19.394,       7.747,       0.680,       6.826
 127500         ,      18.178,       8.332,       0.659,       7.462
 128000         ,      17.267,       8.840,       0.617,       7.896
 128500         ,      19.394,       9.426,       0.624,       6.649
 129000         ,      17.938,      12.730,       1.340,       8.712
 129500         ,      17.710,      11.267,       0.666,       8.365
 130000         ,      20.251,      10.519,       0.838,       7.923
 130500         ,      22.117,       7.490,       0.785,       4.945
 131000         ,      20.198,       9.681,       0.581,       6.496
 131500         ,      17.099,      11.539,       0.351,       9.002
 132000         ,      20.464,       8.758,       0.611,       6.472
 132500         ,      17.883,       9.643,       0.261,       7.529
 133000         ,      21.559,      10.556,       0.641,       7.264
 133500         ,      18.111,      10.132,       0.342,       8.633
 134000         ,      23.726,       8.127,       1.259,       4.754
 134500         ,      20.328,       9.183,       0.681,       7.157
 135000         ,      17.693,      11.051,       0.504,       7.894
 135500         ,      17.838,      10.351,       0.777,       7.693
 136000         ,      21.321,       8.108,       0.739,       6.267
 136500         ,      18.418,      10.596,       0.968,       6.811
 137000         ,      19.285,      10.292,       1.033,       6.372
 137500         ,      19.178,       9.381,       0.695,       6.732
 138000         ,      15.120,      10.076,       0.782,       8.032
 138500         ,      20.688,       9.122,       1.131,       7.585
 139000         ,      16.337,      11.338,       0.753,       8.425
 139500         ,      18.094,       9.502,       0.726,       6.298
 140000         ,      20.760,       8.891,       0.937,       5.722
 140500         ,      16.383,      10.108,       0.538,       8.565
 141000         ,      22.039,      10.606,       0.987,       7.226
 141500         ,      23.100,       6.466,       0.943,       5.242
 142000         ,      20.579,       8.255,       0.381,       6.996
 142500         ,      23.271,       8.932,       0.665,       6.389
 143000         ,      17.580,      11.469,       0.610,       7.949
 143500         ,      20.063,       8.975,       0.352,       7.390
 144000         ,      16.762,      10.475,       0.548,       8.499
 144500         ,      19.208,      10.383,       0.521,       7.712
 145000         ,      23.874,       9.170,       1.080,       6.463
 145500         ,      18.327,       9.897,       0.549,       8.446
 146000         ,      19.309,      10.694,       0.567,       8.802
 146500         ,      22.889,       7.694,       0.785,       6.359
 147000         ,      18.329,      10.291,       0.670,       7.495
 147500         ,      19.464,      11.214,       0.502,       7.414
 148000         ,      18.385,       9.229,       0.566,       6.830
 148500         ,      19.997,      10.979,       0.485,       8.005
 149000         ,      18.286,       8.855,       0.883,       5.826
 149500         ,      20.483,       8.757,       0.511,       6.277
 150000         ,      17.803,       8.806,       0.383,       7.841
 150500         ,      18.626,      10.278,       0.518,       7.432
 151000         ,      21.932,       8.676,       0.972,       5.954
 151500         ,      19.816,      10.197,       0.800,       7.936
 152000         ,      20.063,       9.631,       0.563,       7.023
 152500         ,      23.040,       7.052,       0.867,       5.015
 153000         ,      20.615,       9.471,       0.490,       7.232
 153500         ,      18.205,      10.895,       0.757,       7.381
 154000         ,      18.549,      11.385,       0.516,       8.916
 154500         ,      20.823,      11.155,       1.167,       6.680
 155000         ,      20.559,       8.919,       0.496,       6.416
 155500         ,      16.848,      11.295,       0.841,       8.260
 156000         ,      19.740,       8.979,       0.449,       6.960
 156500         ,      16.976,      10.841,       0.981,       7.366
 157000         ,      17.574,       8.724,       0.524,       7.404
 157500         ,      19.567,      10.077,       0.689,       7.207
 158000         ,      21.246,      10.064,       0.851,       6.717
 158500         ,      22.260,       9.618,       1.131,       6.454
 159000         ,      17.277,      10.995,       0.870,       7.736
 159500         ,      17.806,      10.386,       0.892,       6.934
 160000         ,      17.786,       9.775,       0.891,       7.024
 160500         ,      17.778,      10.158,       0.510,       7.427
 161000         ,      16.925,      10.741,       0.657,       7.685
 161500         ,      19.575,      10.499,       0.694,       6.791
 162000         ,      18.326,       9.094,       0.588,       6.860
 162500         ,      20.207,       8.401,       0.451,       6.779
 163000         ,      18.586,       9.544,       0.536,       7.318
 163500         ,      17.003,      11.690,       0.912,       8.009
 164000         ,      17.462,      12.107,       1.145,       7.740
 164500         ,      15.392,      13.783,       1.112,      10.124
 165000         ,      17.723,      10.607,       0.339,       7.970
 165500         ,      20.310,       9.502,       0.872,       6.731
 166000         ,      19.847,       9.729,       0.529,       7.483
 166500         ,      19.780,      10.031,       0.697,       6.900
 167000         ,      19.242,       8.347,       0.477,       6.491
 167500         ,      18.909,       9.865,       0.461,       7.852
 168000         ,      19.679,       9.999,       0.788,       8.245
 168500         ,      21.443,       8.270,       0.419,       6.640
 169000         ,      20.948,       9.279,       0.531,       7.675
 169500         ,      21.978,      10.341,       0.596,       7.166
 170000         ,      21.612,       8.147,       0.595,       6.556
 170500         ,      17.823,       8.836,       0.461,       7.033
 171000         ,      22.381,       8.008,       0.741,       6.283
 171500         ,      17.244,      11.093,       0.799,       9.383
 172000         ,      17.440,      12.390,       0.945,       8.649
 172500         ,      18.896,      11.345,       1.016,       7.501
 173000         ,      20.690,       8.962,       0.548,       6.292
 173500         ,      23.713,       7.412,       1.189,       4.755
 174000         ,      22.562,       8.171,       0.676,       5.989
 174500         ,      20.277,      10.932,       0.840,       7.442
 175000         ,      16.723,      11.903,       0.694,       9.647
 175500         ,      16.749,      10.687,       0.520,       8.242
 176000         ,      19.573,       9.626,       0.682,       7.223
 176500         ,      18.058,       7.774,       0.776,       6.099
 177000         ,      18.940,       9.428,       0.715,       6.681
 177500         ,      18.978,       9.785,       0.509,       7.428
 178000         ,      17.758,      11.531,       0.766,       8.072
 178500         ,      13.461,      11.841,       1.189,       9.647
 179000         ,      19.569,       8.891,       0.520,       6.764
 179500         ,      20.708,       9.033,       0.813,       6.039
 180000         ,      19.057,       8.198,       0.473,       6.612
 180500         ,      20.167,       7.435,       0.727,       5.176
 181000         ,      20.167,       9.344,       0.694,       6.264
 181500         ,      19.930,      10.829,       0.667,       8.087
 182000         ,      18.548,      10.491,       0.469,       7.666
 182500         ,      17.165,      11.307,       0.571,       9.523
 183000         ,      18.136,      10.324,       0.626,       8.037
 183500         ,      22.665,       9.784,       0.763,       6.988
 184000         ,      21.657,      10.020,       0.810,       6.425
 184500         ,      18.574,       9.259,       0.627,       7.755
 185000         ,      23.992,       8.914,       1.064,       5.593
 185500         ,      17.928,      10.589,       0.434,       8.308
 186000         ,      17.335,      11.514,       0.584,       8.877
 186500         ,      18.221,      10.694,       1.449,       6.321
 187000         ,      17.057,      11.786,       0.767,       8.447
 187500         ,      19.087,       9.859,       0.692,       6.583
 188000         ,      26.570,       7.799,       1.437,       5.241
 188500         ,      17.195,       9.878,       0.644,       7.880
 189000         ,      18.749,       9.959,       0.618,       7.432
 189500         ,      21.555,       8.209,       1.093,       6.049
 190000         ,      16.355,      10.772,       0.759,       8.150
 190500         ,      19.543,      10.416,       1.282,       6.133
 191000         ,      15.310,      10.635,       0.700,       8.847
 191500         ,      21.036,      10.232,       0.603,       6.797
 192000         ,      19.883,      10.422,       0.995,       6.343
 192500         ,      18.601,       9.935,       0.683,       7.283
 193000         ,      20.043,      11.370,       0.758,       8.204
 193500         ,      15.174,      10.955,       1.022,       8.484
 194000         ,      19.337,       9.130,       0.724,       7.273
 194500         ,      16.224,      11.929,       0.802,       8.661
 195000         ,      17.596,      11.285,       0.462,       8.897
 195500         ,      20.785,       9.029,       0.972,       5.742
 196000         ,      15.279,      12.534,       1.199,       9.302
 196500         ,      19.804,       9.795,       0.438,       7.239
 197000         ,      16.717,      12.060,       1.328,       8.329
 197500         ,      17.656,      11.431,       0.693,       9.102
 198000         ,      17.895,      11.470,       0.632,       8.913
 198500         ,      17.256,      11.857,       0.593,       8.680
 199000         ,      19.026,      10.205,       0.445,       7.147
 199500         ,      17.737,       9.788,       0.763,       6.995
 200000         ,      19.870,       8.873,       0.880,       6.378
 200500         ,      18.695,       9.542,       0.605,       6.944
 201000         ,      19.896,       9.425,       0.403,       7.567
 201500         ,      20.653,      11.057,       1.271,       6.410
 202000         ,      20.265,       9.366,       0.383,       7.475
 202500         ,      16.856,      10.622,       0.455,       8.722
 203000         ,      20.113,       8.931,       0.580,       6.378
 203500         ,      19.518,       9.197,       0.700,       7.280
 204000         ,      21.631,       8.185,       0.851,       5.983
 204500         ,      16.470,      12.007,       0.359,      10.041
 205000         ,      17.109,       8.913,       0.305,       7.232
 205500         ,      18.210,      10.147,       0.650,       7.192
 206000         ,      16.961,      12.435,       0.812,       8.902
 206500         ,      17.505,       9.862,       0.498,       7.304
 207000         ,      20.541,       9.681,       1.044,       5.806
 207500         ,      22.153,       9.321,       0.601,       7.369
 208000         ,      19.734,       9.808,       0.418,       7.898
 208500         ,      20.850,       9.294,       0.986,       5.946
 209000         ,      21.257,       9.969,       1.091,       5.881
 209500         ,      19.890,       9.496,       0.768,       6.097
 210000         ,      16.786,      10.900,       0.679,       8.457
 210500         ,      19.183,      10.259,       0.598,       7.136
 211000         ,      17.862,       9.794,       0.759,       7.239
 211500         ,      18.013,      10.515,       1.395,       7.065
 212000         ,      18.809,      10.879,       0.740,       7.609
 212500         ,      21.108,       7.812,       0.588,       6.217
 213000         ,      17.786,      11.462,       0.345,       8.320
 213500         ,      19.162,      10.356,       0.601,       7.650
 214000         ,      18.194,      11.492,       1.097,       7.336
 214500         ,      20.002,      10.890,       0.295,       8.746
 215000         ,      21.714,       9.845,       1.184,       6.126
 215500         ,      20.587,       9.712,       0.551,       7.646
 216000         ,      20.244,       9.222,       0.528,       7.347
 216500         ,      16.296,      11.921,       0.633,       8.731
 217000         ,      18.372,      11.281,       0.665,       8.133
 217500         ,      16.584,      12.689,       0.536,      10.217
 218000         ,      17.308,       9.011,       0.456,       7.907
 218500         ,      19.105,       8.840,       0.603,       6.853
 219000         ,      19.930,       9.625,       0.375,       7.984
 219500         ,      17.620,      10.449,       0.646,       7.156
 220000         ,      19.539,      11.127,       0.646,       7.627
 220500         ,      20.118,       9.716,       1.243,       5.909
 221000         ,      20.310,      10.506,       0.891,       6.899
 221500         ,      20.352,      10.466,       1.825,       5.947
 222000         ,      18.336,      10.474,       0.805,       6.987
 222500         ,      16.365,      10.502,       1.007,       7.947
 223000         ,      17.501,       9.371,       0.410,       7.131
 223500         ,      20.091,       9.773,       0.514,       6.824
 224000         ,      20.932,       8.477,       1.023,       5.809
 224500         ,      23.394,       6.856,       1.046,       5.491
 225000         ,      20.739,       8.402,       0.497,       7.008
 225500         ,      21.336,       9.454,       1.201,       6.029
 226000         ,      16.638,      13.899,       1.429,       9.249
 226500         ,      17.369,      10.095,       0.616,       8.718
 227000         ,      22.192,       8.343,       0.852,       5.500
 227500         ,      19.437,       9.809,       0.633,       7.294
 228000         ,      17.135,      10.584,       0.514,       7.613
 228500         ,      18.908,      10.534,       0.566,       8.297
 229000         ,      19.301,       8.907,       0.595,       6.817
 229500         ,      16.677,      10.869,       0.454,       8.860
 230000         ,      18.649,       9.894,       0.606,       7.819
 230500         ,      18.357,      10.272,       0.332,       7.713
 231000         ,      20.582,       8.172,       0.725,       6.216
 231500         ,      19.913,       9.354,       0.728,       7.257
 232000         ,      21.405,       8.812,       0.465,       7.108
 232500         ,      17.545,       9.651,       0.585,       7.238
 233000         ,      20.245,       9.895,       0.504,       7.387
 233500         ,      19.793,      10.760,       0.911,       6.539
 234000         ,      21.119,      10.109,       0.679,       6.746
 234500         ,      17.961,      10.288,       0.646,       7.632
 235000         ,      15.199,      11.798,       1.308,       8.080
 235500         ,      16.053,      12.408,       1.042,       8.594
 236000         ,      17.828,      11.563,       1.126,       7.474
 236500         ,      18.166,      11.547,       1.025,       7.772
 237000         ,      18.053,       8.784,       0.382,       7.536
 237500         ,      16.413,       9.733,       0.764,       7.493
 238000         ,      17.030,      11.252,       0.725,       8.104
 238500         ,      17.501,      10.764,       0.569,       7.966
 239000         ,      16.860,      11.374,       0.617,       8.284
 239500         ,      17.059,      11.199,       0.868,       7.754
 240000         ,      19.412,      11.824,       1.075,       7.410
 240500         ,      21.916,      10.797,       1.459,       6.058
 241000         ,      17.948,      10.902,       0.819,       8.204
 241500         ,      20.291,       9.554,       1.068,       6.248
 242000         ,      17.919,      10.682,       0.367,       7.940
 242500         ,      22.467,       9.349,       1.291,       5.135
 243000         ,      14.486,      11.262,       0.692,       9.510
 243500         ,      20.121,       8.480,       1.170,       5.662
 244000         ,      18.816,      11.524,       1.109,       7.391
 244500         ,      18.395,      10.505,       0.674,       8.097
 245000         ,      20.559,       9.419,       0.356,       7.151
 245500         ,      17.309,       8.507,       0.552,       6.253
 246000         ,      18.775,      11.816,       0.925,       8.062
 246500         ,      19.879,       8.324,       0.531,       6.644
 247000         ,      17.310,      10.088,       0.501,       7.915
 247500         ,      21.821,       9.228,       0.785,       6.065
 248000         ,      20.250,       9.944,       0.774,       6.196
 248500         ,      19.490,      10.972,       0.599,       7.964
 249000         ,      19.340,       9.891,       0.697,       6.796
 249500         ,      20.052,       9.368,       0.297,       7.057
 250000         ,      19.278,       9.608,       1.268,       5.644
 250500         ,      19.483,      10.946,       0.994,       7.091
 251000         ,      20.145,       9.940,       0.471,       7.534
 251500         ,      15.666,      13.059,       0.748,      10.303
 252000         ,      18.612,      10.429,       0.808,       6.889
 252500         ,      19.781,      10.345,       0.367,       8.243
 253000         ,      19.176,      10.907,       0.966,       6.931
 253500         ,      20.690,       8.862,       0.399,       5.916
 254000         ,      20.777,       9.716,       1.299,       5.809
 254500         ,      19.246,       8.711,       0.914,       5.585
 255000         ,      18.375,      11.789,       0.895,       8.207
 255500         ,      20.836,      10.392,       1.115,       6.734
 256000         ,      18.030,      11.541,       0.783,       7.925
 256500         ,      21.836,       8.793,       0.633,       5.999
 257000         ,      17.592,      10.357,       0.785,       7.767
 257500         ,      21.035,       8.656,       0.588,       6.097
 258000         ,      22.778,       7.458,       0.997,       5.230
 258500         ,      21.287,       8.767,       0.880,       5.447
 259000         ,      21.338,       9.052,       0.645,       6.897
 259500         ,      16.508,      10.944,       0.798,       8.250
 260000         ,      17.369,      11.717,       0.962,       8.047
 260500         ,      20.422,      10.659,       0.895,       6.467
 261000         ,      19.614,      11.172,       1.070,       6.712
 261500         ,      14.157,      12.927,       1.101,       9.650
 262000         ,      19.450,       9.980,       0.219,       7.444
 262500         ,      20.900,       8.992,       0.563,       6.216
 263000         ,      19.245,      11.793,       1.880,       6.861
 263500         ,      17.526,      10.984,       0.486,       8.814
 264000         ,      18.199,      11.495,       0.882,       7.318
 264500         ,      16.854,      10.698,       0.449,       8.102
 265000         ,      18.228,      10.731,       0.977,       6.665
 265500         ,      17.604,      11.388,       0.575,       7.967
 266000         ,      16.262,      10.350,       0.516,       7.656
 266500         ,      19.849,       9.323,       0.771,       6.797
 267000         ,      18.400,       9.065,       0.469,       6.805
 267500         ,      18.818,      10.615,       0.697,       7.206
 268000         ,      19.634,       9.339,       0.611,       6.795
 268500         ,      19.848,       9.318,       0.959,       6.414
 269000         ,      18.152,      10.349,       0.706,       8.365
 269500         ,      16.246,       9.543,       0.559,       7.852
 270000         ,      22.018,       8.657,       0.598,       6.415
 270500         ,      20.201,      10.372,       0.810,       6.932
 271000         ,      21.337,       9.013,       0.388,       6.888
 271500         ,      17.128,      10.521,       0.680,       8.355
 272000         ,      17.908,      10.915,       0.370,       8.204
 272500         ,      19.425,       9.524,       0.769,       6.112
 273000         ,      19.670,       8.157,       0.711,       6.544
 273500         ,      18.979,      10.743,       0.620,       7.701
 274000         ,      18.681,      10.767,       0.634,       8.376
 274500         ,      18.415,      12.295,       0.860,       8.498
 275000         ,      21.442,       9.180,       1.442,       5.468
 275500         ,      18.953,       8.854,       0.557,       7.288
 276000         ,      17.698,      10.375,       0.497,       7.962
 276500         ,      19.351,       8.594,       0.445,       6.925
 277000         ,      19.002,      11.155,       0.645,       7.691
 277500         ,      20.169,       9.631,       0.342,       6.982
 278000         ,      16.057,      11.843,       0.635,       9.467
 278500         ,      18.985,       8.585,       0.935,       6.391
 279000         ,      18.427,      11.450,       0.745,       7.522
 279500         ,      20.014,      10.314,       0.654,       7.105
 280000         ,      17.609,      10.061,       0.784,       7.204
 280500         ,      20.984,      11.605,       1.696,       6.356
 281000         ,      18.485,      10.816,       0.787,       7.538
 281500         ,      20.778,       9.641,       0.877,       6.676
 282000         ,      21.425,       8.773,       0.581,       6.898
 282500         ,      18.754,       9.974,       0.358,       7.675
 283000         ,      19.458,      10.129,       0.703,       6.816
 283500         ,      15.214,      13.009,       1.364,       9.269
 284000         ,      20.666,       9.978,       1.238,       6.444
 284500         ,      21.461,       8.974,       0.540,       6.046
 285000         ,      21.263,      10.475,       1.486,       6.658
 285500         ,      16.481,      11.507,       0.544,       9.399
 286000         ,      17.821,      10.829,       1.006,       7.626
 286500         ,      18.974,      11.906,       0.545,       8.800
 287000         ,      19.757,       8.810,       0.544,       6.962
 287500         ,      17.649,      10.709,       0.554,       7.823
 288000         ,      17.674,       9.459,       0.459,       8.186
 288500         ,      19.267,      11.089,       0.823,       7.870
 289000         ,      22.029,      10.416,       0.439,       7.186
 289500         ,      21.122,       9.597,       0.427,       7.212
 290000         ,      20.015,       8.801,       0.754,       6.024
 290500         ,      20.947,      11.485,       1.145,       7.258
 291000         ,      20.449,      10.102,       1.366,       6.217
 291500         ,      21.222,       9.495,       0.957,       5.849
 292000         ,      17.888,      10.770,       0.527,       7.913
 292500         ,      20.808,      11.712,       1.009,       7.649
 293000         ,      17.417,      12.229,       0.855,       8.515
 293500         ,      18.825,      11.203,       0.929,       8.164
 294000         ,      18.267,       9.917,       0.964,       7.165
 294500         ,      20.933,       9.241,       0.698,       5.950
 295000         ,      17.347,      10.541,       0.610,       7.855
 295500         ,      19.852,       8.623,       0.590,       6.232
 296000         ,      16.998,       8.703,       0.496,       6.848
 296500         ,      17.525,      10.601,       0.613,       8.606
 297000         ,      14.115,      10.642,       1.182,       8.406
 297500         ,      17.628,       9.807,       0.355,       7.390
 298000         ,      15.946,      11.862,       0.870,       8.650
 298500         ,      19.357,       9.619,       0.743,       6.832
 299000         ,      19.266,       8.548,       0.996,       5.940
 299500         ,      20.831,       9.344,       0.977,       6.043
 300000         ,      20.993,       9.080,       0.543,       6.762
 300500         ,      19.324,      10.147,       0.637,       7.315
 301000         ,      16.901,      11.816,       0.790,       8.715
 301500         ,      16.862,      11.275,       0.438,       9.106
 302000         ,      19.670,      11.867,       1.233,       7.884
 302500         ,      18.323,      12.348,       0.599,       8.818
 303000         ,      18.956,       9.956,       0.773,       6.799
 303500         ,      17.451,       9.694,       0.485,       7.250
 304000         ,      18.848,       8.826,       0.777,       6.260
 304500         ,      18.225,      10.728,       0.439,       8.147
 305000         ,      20.339,       9.728,       0.855,       7.311
 305500         ,      16.771,      11.633,       0.757,       8.479
 306000         ,      17.171,      10.227,       0.561,       8.657
 306500         ,      19.427,       9.393,       0.784,       5.927
 307000         ,      18.793,      10.971,       0.579,       7.268
 307500         ,      15.393,      13.234,       0.810,      10.902
 308000         ,      18.451,       8.883,       0.895,       6.314
 308500         ,      21.742,       9.457,       0.759,       6.138
 309000         ,      16.904,      10.786,       0.511,       8.837
 309500         ,      18.543,      10.544,       0.523,       8.296
 310000         ,      18.690,       9.948,       0.432,       7.322
 310500         ,      20.229,      11.984,       1.153,       8.692
 311000         ,      19.180,       8.666,       0.303,       6.330
 311500         ,      21.438,      11.038,       0.961,       7.061
 312000         ,      20.767,       9.559,       0.433,       7.179
 312500         ,      18.834,      11.005,       0.636,       7.547
 313000         ,      17.110,      11.252,       1.247,       7.715
 313500         ,      20.504,      10.112,       0.801,       6.785
 314000         ,      19.751,       9.580,       0.438,       6.646
 314500         ,      20.724,      11.521,       0.750,       8.078
 315000         ,      17.453,      12.392,       0.782,       9.063
 315500         ,      19.322,      11.593,       0.827,       7.704
 316000         ,      16.793,       9.858,       0.918,       6.941
 316500         ,      19.261,       9.771,       0.612,       7.676
 317000         ,      21.087,       9.973,       1.156,       6.122
 317500         ,      22.663,       8.884,       1.073,       5.507
 318000         ,      14.732,      12.211,       0.621,       9.666
 318500         ,      20.171,       7.849,       0.419,       6.230
 319000         ,      19.397,      10.576,       0.666,       7.272
 319500         ,      17.414,       8.790,       0.395,       7.801
 320000         ,      19.526,       9.250,       0.408,       6.964
 320500         ,      23.021,       9.450,       0.695,       5.993
 321000         ,      19.708,       9.455,       0.771,       6.691
 321500         ,      21.264,      11.432,       1.066,       7.267
 322000         ,      19.532,      10.083,       0.462,       7.288
 322500         ,      20.158,      10.392,       1.096,       6.166
 323000         ,      17.525,      11.532,       0.548,       8.448
 323500         ,      18.967,       9.322,       0.528,       7.004
 324000         ,      15.042,      13.962,       0.816,      11.770
 324500         ,      18.288,       9.767,       0.609,       7.112
 325000         ,      16.016,      13.986,       1.611,       8.938
 325500         ,      17.175,      11.073,       0.309,       8.669
 326000         ,      20.786,      10.571,       0.564,       7.386
 326500         ,      17.670,      11.257,       0.602,       8.409
 327000         ,      16.869,      11.459,       0.734,       8.022
 327500         ,      14.037,      12.330,       0.909,       9.995
 328000         ,      20.398,       9.849,       1.128,       6.104
 328500         ,      15.563,      13.029,       1.195,       9.484
 329000         ,      20.210,      10.463,       1.089,       6.404
 329500         ,      19.940,       8.309,       0.985,       6.976
 330000         ,      21.204,      10.131,       0.396,       6.896
 330500         ,      17.942,       9.770,       0.581,       7.043
 331000         ,      20.728,       9.565,       0.965,       6.098
 331500         ,      16.322,      14.151,       1.027,      11.023
 332000         ,      16.977,      11.330,       0.827,       7.772
 332500         ,      17.605,      12.449,       0.458,       9.768
 333000         ,      19.507,      10.388,       0.498,       7.707
 333500         ,      21.059,       8.711,       0.842,       5.896
 334000         ,      21.703,      10.999,       1.433,       6.698
 334500         ,      20.861,       9.907,       0.776,       6.194
 335000         ,      18.038,      11.089,       0.753,       7.876
 335500         ,      19.621,      13.206,       1.137,       8.740
 336000         ,      16.653,       9.948,       0.456,       7.858
 336500         ,      22.911,       8.460,       0.966,       5.764
 337000         ,      19.657,      10.196,       0.865,       6.759
 337500         ,      19.173,       8.589,       0.560,       6.375
 338000         ,      16.311,      11.698,       0.631,       8.721
 338500         ,      18.363,      11.300,       0.590,       8.226
 339000         ,      18.061,       9.123,       0.461,       7.525
 339500         ,      18.011,      10.044,       0.367,       8.030
 340000         ,      19.985,       9.163,       0.747,       6.845
 340500         ,      19.959,       8.520,       0.314,       6.656
 341000         ,      16.648,      11.928,       0.792,       8.382
 341500         ,      15.772,      13.930,       1.005,      10.652
 342000         ,      18.996,       9.246,       0.283,       7.684
 342500         ,      24.002,      10.165,       1.018,       6.887
 343000         ,      22.439,       9.019,       0.733,       6.454
 343500         ,      21.485,      10.225,       0.939,       6.578
 344000         ,      16.529,       9.653,       0.776,       6.970
 344500         ,      17.046,      11.814,       0.539,       9.219
 345000         ,      20.506,       7.524,       0.985,       4.754
 345500         ,      20.762,       8.827,       0.988,       6.580
 346000         ,      13.175,      12.810,       0.977,      11.464
 346500         ,      22.018,       9.335,       1.399,       6.103
 347000         ,      18.311,      11.663,       0.615,       8.116
 347500         ,      17.704,      10.531,       0.431,       7.937
 348000         ,      17.817,      11.805,       0.773,       8.206
 348500         ,      21.288,       7.870,       0.546,       5.995
 349000         ,      15.698,      11.133,       0.718,       8.600
 349500         ,      18.364,      11.194,       0.639,       7.928
 350000         ,      20.470,       9.931,       0.563,       6.645
 350500         ,      19.349,      11.182,       0.836,       7.456
 351000         ,      16.084,      11.633,       0.765,       8.823
 351500         ,      17.050,      11.681,       0.598,       9.275
 352000         ,      23.419,       9.046,       1.199,       5.201
 352500         ,      22.898,       8.940,       0.757,       6.766
 353000         ,      20.536,       8.449,       0.711,       5.815
 353500         ,      20.226,       9.702,       0.803,       6.363
 354000         ,      18.408,      11.322,       0.767,       7.602
 354500         ,      13.834,      15.015,       1.606,      11.261
 355000         ,      17.920,      10.680,       0.403,       8.105
 355500         ,      20.102,      10.828,       1.161,       7.508
 356000         ,      19.748,      10.012,       0.520,       8.197
 356500         ,      17.399,       8.910,       0.686,       7.165
 357000         ,      20.195,      10.876,       1.045,       7.537
 357500         ,      20.708,       7.771,       0.411,       6.338
 358000         ,      21.043,      10.909,       0.800,       6.933
 358500         ,      19.724,       9.765,       0.764,       6.660
 359000         ,      19.131,      10.393,       0.459,       7.275
 359500         ,      19.409,      11.446,       1.073,       7.363
 360000         ,      17.062,      11.410,       0.593,       8.881
 360500         ,      18.978,      10.161,       0.360,       8.061
 361000         ,      22.780,       8.164,       0.993,       4.777
 361500         ,      16.831,      10.510,       1.006,       7.170
 362000         ,      16.316,      12.561,       0.648,       9.459
 362500         ,      20.372,       8.608,       0.498,       6.436
 363000         ,      20.645,       8.754,       0.649,       5.993
 363500         ,      19.212,      10.856,       0.650,       7.397
 364000         ,      16.463,      12.065,       0.800,       8.565
 364500         ,      20.363,       9.158,       0.495,       7.195
 365000         ,      19.285,      10.875,       0.556,       8.298
 365500         ,      18.927,       8.952,       0.389,       6.829
 366000         ,      19.341,      10.419,       0.321,       7.594
 366500         ,      18.444,       9.692,       0.780,       6.563
 367000         ,      18.004,      10.045,       0.638,       7.641
 367500         ,      20.634,       9.945,       0.865,       6.516
 368000         ,      19.264,      11.938,       0.957,       7.609
 368500         ,      19.862,      10.190,       1.206,       6.706
 369000         ,      17.243,      10.041,       0.409,       8.204
 369500         ,      21.148,      10.290,       0.707,       7.555
 370000         ,      18.287,       9.876,       0.605,       6.825
 370500         ,      23.079,       8.029,       0.897,       5.626
 371000         ,      17.765,       9.563,       0.435,       7.819
 371500         ,      18.268,      10.692,       0.412,       8.357
 372000         ,      14.090,      12.033,       1.026,       9.645
 372500         ,      19.652,      10.830,       0.895,       7.385
 373000         ,      17.812,      10.557,       0.446,       7.859
 373500         ,      16.749,      11.184,       0.487,       8.795
 374000         ,      19.741,      11.168,       0.822,       7.496
 374500         ,      19.980,       8.117,       0.626,       5.939
 375000         ,      18.624,      11.969,       0.616,       8.926
 375500         ,      20.707,       8.311,       1.015,       5.150
 376000         ,      16.723,      11.499,       1.169,       7.804
 376500         ,      22.545,       8.104,       0.791,       5.293
 377000         ,      16.109,      11.503,       0.814,       8.423
 377500         ,      19.599,       8.684,       0.671,       7.078
 378000         ,      19.153,      10.421,       0.442,       7.621
 378500         ,      17.144,      11.435,       1.124,       7.502
 379000         ,      21.066,       9.136,       0.810,       6.076
 379500         ,      16.597,      10.441,       0.884,       9.267
 380000         ,      24.620,       7.761,       1.070,       5.351
 380500         ,      21.525,       9.121,       0.605,       6.506
 381000         ,      17.945,       8.326,       0.971,       6.026
 381500         ,      17.457,      11.637,       0.601,       8.024
 382000         ,      19.031,       9.609,       0.404,       7.493
 382500         ,      21.891,      10.063,       0.779,       6.571
 383000         ,      17.907,       9.023,       1.256,       6.411
 383500         ,      20.441,       9.193,       0.332,       7.023
 384000         ,      18.542,      11.322,       0.871,       7.340
 384500         ,      16.368,       9.311,       0.585,       8.082
 385000         ,      18.992,       8.293,       0.499,       6.332
 385500         ,      17.120,       9.960,       0.520,       7.859
 386000         ,      20.869,       8.773,       1.356,       5.610
 386500         ,      18.787,       9.569,       0.339,       7.755
 387000         ,      18.978,       9.958,       0.319,       7.311
 387500         ,      19.043,      10.994,       0.627,       7.844
 388000         ,      16.241,      10.611,       0.557,       8.042
 388500         ,      20.892,       7.523,       0.638,       6.194
 389000         ,      18.615,      10.426,       0.470,       7.660
 389500         ,      18.641,      12.258,       0.719,       8.786
 390000         ,      16.714,      12.113,       0.713,       9.437
 390500         ,      19.861,       7.986,       0.571,       6.116
 391000         ,      17.768,       9.971,       0.293,       7.651
 391500         ,      17.618,       9.588,       0.312,       7.588
 392000         ,      19.088,       9.722,       0.519,       6.738
 392500         ,      17.019,      11.172,       0.639,       7.865
 393000         ,      17.735,      13.037,       0.703,      10.244
 393500         ,      19.408,       9.183,       0.784,       7.021
 394000         ,      20.244,      10.230,       0.327,       8.254
 394500         ,      21.532,      11.122,       0.702,       8.337
 395000         ,      20.284,       7.810,       0.985,       5.192
 395500         ,      19.719,       8.929,       0.707,       6.658
 396000         ,      21.244,       7.505,       0.715,       5.275
 396500         ,      19.636,      10.316,       0.345,       7.294
 397000         ,      15.638,      11.190,       0.721,       8.572
 397500         ,      18.068,      11.241,       1.041,       7.622
 398000         ,      17.069,      10.030,       0.778,       7.794
 398500         ,      16.820,      11.381,       0.415,       8.767
 399000         ,      19.630,       9.152,       0.586,       6.820
 399500         ,      19.008,       9.350,       0.626,       6.827
 400000         ,      23.119,       8.617,       0.737,       6.255
 400500         ,      23.919,      10.131,       1.266,       6.556
 401000         ,      18.947,       8.730,       0.435,       6.381
 401500         ,      17.426,      12.986,       0.757,       8.953
 402000         ,      20.284,      10.008,       0.650,       7.069
 402500         ,      18.274,      12.798,       1.168,       8.369
 403000         ,      20.565,       9.658,       1.081,       6.020
 403500         ,      19.387,       8.198,       0.870,       5.478
 404000         ,      22.310,       8.008,       0.951,       5.771
 404500         ,      15.776,      10.262,       0.986,       8.362
 405000         ,      17.211,      11.618,       0.565,       8.531
 405500         ,      21.440,       8.858,       0.272,       6.860
 406000         ,      16.753,      10.713,       0.999,       8.126
 406500         ,      18.558,      10.165,       1.054,       6.566
 407000         ,      19.849,       9.482,       1.051,       6.026
 407500         ,      19.254,       9.719,       0.740,       6.452
 408000         ,      21.982,       8.985,       0.823,       6.030
 408500         ,      20.494,      10.075,       1.023,       6.183
 409000         ,      22.442,       7.179,       1.292,       4.627
 409500         ,      21.841,      10.518,       1.168,       6.987
 410000         ,      18.254,      12.030,       0.821,       9.272
 410500         ,      20.939,       9.385,       0.550,       6.801
 411000         ,      18.969,      11.940,       1.076,       7.704
 411500         ,      20.278,      10.483,       0.707,       6.991
 412000         ,      19.426,      10.479,       0.656,       7.105
 412500         ,      21.132,       9.349,       0.949,       6.519
 413000         ,      18.228,       9.413,       0.405,       7.194
 413500         ,      19.932,      10.713,       0.496,       8.341
 414000         ,      20.562,       9.775,       0.643,       6.933
 414500         ,      21.771,       8.546,       0.597,       5.532
 415000         ,      18.365,      11.049,       1.018,       7.130
 415500         ,      15.303,      12.154,       1.061,       8.857
 416000         ,      17.873,      10.137,       0.740,       7.038
 416500         ,      20.024,       8.957,       0.615,       7.056
 417000         ,      20.453,       8.746,       0.813,       5.492
 417500         ,      17.805,      11.683,       1.050,       7.969
 418000         ,      20.492,       9.581,       0.995,       7.143
 418500         ,      19.182,      10.390,       0.672,       7.228
 419000         ,      20.714,      11.543,       1.081,       7.268
 419500         ,      21.123,      10.970,       0.652,       8.351
 420000         ,      21.319,       8.943,       0.617,       6.217
 420500         ,      18.333,       8.835,       0.741,       6.461
 421000         ,      18.700,      10.607,       0.532,       7.910
 421500         ,      19.617,       9.114,       0.868,       6.017
 422000         ,      18.377,       9.391,       0.295,       7.535
 422500         ,      18.832,      10.030,       0.513,       7.666
 423000         ,      17.598,       9.792,       0.461,       7.271
 423500         ,      19.201,      10.719,       0.466,       7.450
 424000         ,      20.196,      12.334,       1.437,       7.889
 424500         ,      16.555,       9.608,       1.040,       6.832
 425000         ,      18.149,      11.299,       0.845,       8.008
 425500         ,      20.438,       9.090,       0.889,       6.065
 426000         ,      16.142,      12.307,       0.489,       9.173
 426500         ,      18.986,       9.858,       0.586,       6.529
 427000         ,      24.403,       6.954,       1.060,       4.602
 427500         ,      20.587,       9.213,       0.725,       6.524
 428000         ,      19.413,      10.650,       0.735,       7.090
 428500         ,      19.500,      11.196,       0.845,       7.169
 429000         ,      20.984,       9.960,       0.464,       7.915
 429500         ,      19.154,       9.951,       0.793,       7.133
 430000         ,      19.345,       9.857,       0.527,       7.211
 430500         ,      20.013,       9.023,       0.594,       6.615
 431000         ,      22.211,       9.195,       0.639,       6.270
 431500         ,      17.751,      10.028,       0.506,       7.484
 432000         ,      18.070,       9.893,       0.238,       7.630
 432500         ,      21.238,      10.188,       1.183,       6.145
 433000         ,      18.959,      11.782,       0.618,       8.405
 433500         ,      19.279,      10.064,       0.536,       7.298
 434000         ,      22.247,       8.702,       0.773,       5.978
 434500         ,      17.694,      11.088,       1.183,       7.382
 435000         ,      21.209,       8.216,       1.017,       5.394
 435500         ,      19.089,      10.542,       0.644,       7.610
 436000         ,      15.217,      10.844,       0.868,       8.625
 436500         ,      18.185,      11.295,       0.344,       8.285
 437000         ,      17.868,       8.585,       0.443,       7.489
 437500         ,      18.711,       9.330,       0.440,       7.047
 438000         ,      20.910,       8.270,       0.542,       6.558
 438500         ,      20.104,       9.125,       0.461,       6.535
 439000         ,      21.002,       7.754,       1.109,       6.303
 439500         ,      20.538,       9.818,       0.740,       6.994
 440000         ,      16.019,       9.950,       0.713,       7.551
 440500         ,      19.746,      11.553,       0.992,       7.588
 441000         ,      20.911,       9.807,       0.895,       8.032
 441500         ,      17.334,      11.050,       0.764,       7.695
 442000         ,      21.437,       9.824,       1.013,       7.118
 442500         ,      19.021,       7.976,       1.096,       5.303
 443000         ,      16.395,      10.701,       1.119,       7.529
 443500         ,      20.920,       9.321,       0.796,       6.799
 444000         ,      22.791,       7.403,       0.739,       5.528
 444500         ,      18.278,      10.538,       0.501,       7.842
 445000         ,      19.203,      10.543,       0.949,       6.978
 445500         ,      19.109,       9.451,       0.504,       6.727
 446000         ,      18.432,      10.474,       0.204,       7.914
 446500         ,      15.884,      11.189,       0.838,       9.356
 447000         ,      20.900,       9.065,       0.580,       5.920
 447500         ,      16.960,       9.820,       0.452,       8.183
 448000         ,      16.298,      11.214,       0.681,       8.025
 448500         ,      18.706,      10.302,       0.470,       7.569
 449000         ,      22.176,       8.530,       1.213,       6.604
 449500         ,      19.703,      10.383,       0.328,       8.075
 450000         ,      17.510,      10.982,       0.757,       7.658
 450500         ,      20.493,      10.069,       0.632,       6.823
 451000         ,      17.309,      10.399,       0.287,       8.179
 451500         ,      19.431,       9.946,       1.291,       6.237
 452000         ,      17.370,      10.182,       0.387,       7.955
 452500         ,      20.752,       9.356,       0.779,       6.190
 453000         ,      19.013,       8.750,       1.111,       6.123
 453500         ,      19.945,       9.450,       0.641,       6.375
 454000         ,      19.573,      10.141,       0.806,       7.761
 454500         ,      20.763,       8.277,       0.998,       5.141
 455000         ,      16.064,      10.632,       0.742,       7.952
 455500         ,      18.573,      10.457,       0.896,       7.525
 456000         ,      21.072,       9.509,       0.716,       6.487
 456500         ,      18.379,       9.408,       0.353,       7.446
 457000         ,      18.582,      10.313,       0.576,       7.568
 457500         ,      15.568,      12.585,       0.741,       9.408
 458000         ,      18.053,       9.536,       0.357,       7.767
 458500         ,      15.968,      11.116,       0.612,       8.336
 459000         ,      19.682,      11.249,       1.258,       7.598
 459500         ,      22.370,      10.293,       1.184,       6.293
 460000         ,      19.636,       9.139,       0.428,       7.273
 460500         ,      20.974,      10.040,       0.632,       7.327
 461000         ,      16.707,      11.050,       0.496,       9.326
 461500         ,      16.263,      11.733,       1.115,       9.463
 462000         ,      21.388,       9.068,       0.408,       6.512
 462500         ,      20.571,       9.083,       0.565,       6.326
 463000         ,      18.702,       8.718,       0.268,       7.407
 463500         ,      18.154,      11.204,       0.608,       8.588
 464000         ,      18.312,       9.767,       0.373,       8.174
 464500         ,      17.864,      12.169,       0.752,       9.160
 465000         ,      20.154,      10.050,       0.907,       7.270
 465500         ,      20.221,       9.739,       0.768,       7.463
 466000         ,      20.906,       9.391,       0.705,       7.729
 466500         ,      20.521,      10.166,       0.900,       6.709
 467000         ,      20.279,       9.956,       0.603,       6.826
 467500         ,      16.268,      10.073,       0.799,       7.473
 468000         ,      20.281,       8.429,       0.868,       6.166
 468500         ,      16.738,      11.237,       0.857,       8.754
 469000         ,      20.607,      10.390,       0.498,       7.856
 469500         ,      17.916,      10.729,       0.713,       7.905
 470000         ,      19.976,       9.220,       0.391,       6.835
 470500         ,      20.303,       9.267,       1.036,       6.098
 471000         ,      20.307,       9.895,       0.999,       7.300
 471500         ,      22.413,       9.390,       1.070,       5.598
 472000         ,      18.501,      11.396,       0.671,       8.639
 472500         ,      16.986,      10.325,       0.570,       7.915
 473000         ,      18.450,      10.666,       0.425,       7.901
 473500         ,      19.567,      10.855,       1.165,       7.117
 474000         ,      18.531,      10.651,       0.662,       7.522
 474500         ,      22.121,      10.212,       1.113,       6.551
 475000         ,      20.149,      11.386,       1.053,       6.978
 475500         ,      25.000,       9.164,       2.791,       5.145
 476000         ,      18.469,      11.182,       0.975,       7.451
 476500         ,      20.991,       9.785,       0.542,       6.866
 477000         ,      23.587,       8.438,       1.455,       5.078
 477500         ,      20.425,      10.121,       0.726,       6.606
 478000         ,      19.751,       9.638,       0.803,       6.919
 478500         ,      18.738,      10.759,       0.780,       7.874
 479000         ,      20.733,       9.658,       0.876,       6.266
 479500         ,      18.620,      10.163,       0.620,       7.734
 480000         ,      20.260,      11.066,       1.123,       7.290
 480500         ,      18.865,      10.229,       0.382,       7.750
 481000         ,      18.878,      10.177,       0.497,       7.249
 481500         ,      22.289,       8.601,       1.028,       5.717
 482000         ,      20.443,       9.648,       0.675,       6.535
 482500         ,      19.351,       8.739,       0.671,       6.319
 483000         ,      20.412,       8.825,       0.964,       6.609
 483500         ,      17.681,       9.131,       0.552,       7.354
 484000         ,      22.145,      10.103,       0.964,       5.954
 484500         ,      19.633,       9.491,       0.428,       7.387
 485000         ,      18.278,      11.449,       0.348,       9.364
 485500         ,      20.659,       9.946,       0.813,       6.648
 486000         ,      23.255,       8.735,       0.830,       6.737
 486500         ,      21.944,       7.983,       0.666,       6.362
 487000         ,      19.102,       9.201,       0.490,       7.069
 487500         ,      19.727,       9.634,       0.626,       8.069
 488000         ,      19.889,      10.229,       0.648,       6.574
 488500         ,      20.351,       9.036,       0.523,       6.060
 489000         ,      21.339,       7.829,       0.693,       6.020
 489500         ,      20.289,       8.945,       0.720,       6.593
 490000         ,      18.181,      11.371,       0.935,       7.805
 490500         ,      18.333,      12.287,       1.124,       8.251
 491000         ,      17.238,       9.862,       0.331,       8.561
 491500         ,      20.981,      11.522,       1.450,       6.924
 492000         ,      19.206,       9.862,       0.728,       6.531
 492500         ,      19.468,       9.347,       0.549,       6.611
 493000         ,      17.344,       8.681,       0.694,       6.858
 493500         ,      22.020,       7.996,       0.629,       6.393
 494000         ,      18.291,      10.270,       1.021,       6.952
 494500         ,      21.502,      12.009,       0.976,       7.657
 495000         ,      19.828,       9.865,       0.762,       6.367
 495500         ,      16.053,      10.456,       0.821,       7.396
 496000         ,      17.475,       8.668,       0.483,       7.152
 496500         ,      19.884,       9.447,       0.378,       6.758
 497000         ,      19.603,       9.270,       0.610,       6.635
 497500         ,      22.974,       7.975,       0.753,       6.408
 498000         ,      21.895,       9.232,       0.405,       7.212
 498500         ,      20.706,       9.532,       0.381,       7.782
 499000         ,      17.429,      11.226,       0.389,       8.205
 499500         ,      20.968,       9.918,       1.177,       5.896
 500000         ,      17.784,      10.448,       0.413,       8.892
