#  i  j  r_ij^avg sigma_(rij)
# average of the distance between residues i and j and the standard deviation (computed across frames.
   1    1    0.0000    0.0000
   1    2    0.1341    0.0032
   1    3    0.2853    0.0614
   1    4    0.5485    0.1124
   1    5    0.7728    0.1818
   1    6    0.8641    0.2319
   1    7    0.9103    0.1593
   1    8    0.8823    0.2451
   1    9    0.9140    0.2228
   1   10    0.9455    0.1513
   1   11    0.9569    0.1169
   1   12    0.9954    0.0316
   1   13    0.9918    0.0590
   1   14    0.9920    0.0683
   1   15    0.9944    0.0384
   1   16    0.9753    0.0799
   1   17    0.9268    0.1787
   1   18    0.9004    0.1754
   1   19    0.8110    0.2552
   1   20    0.8609    0.2218
   1   21    0.9004    0.1637
   1   22    0.8880    0.2092
   1   23    0.8724    0.2167
   1   24    0.9397    0.1649

   2    1    0.1341    0.0032
   2    2    0.0000    0.0000
   2    3    0.1345    0.0029
   2    4    0.3585    0.0790
   2    5    0.5786    0.1564
   2    6    0.8138    0.1964
   2    7    0.9107    0.1444
   2    8    0.9015    0.1855
   2    9    0.9319    0.1410
   2   10    0.9765    0.0770
   2   11    0.9675    0.0805
   2   12    0.9959    0.0322
   2   13    0.9897    0.0673
   2   14    0.9932    0.0562
   2   15    0.9956    0.0386
   2   16    0.9770    0.0820
   2   17    0.9171    0.1603
   2   18    0.8845    0.1844
   2   19    0.7378    0.2873
   2   20    0.8251    0.2309
   2   21    0.8860    0.1744
   2   22    0.8797    0.2096
   2   23    0.8904    0.1947
   2   24    0.9411    0.1320

   3    1    0.2853    0.0614
   3    2    0.1345    0.0029
   3    3    0.0000    0.0000
   3    4    0.1349    0.0027
   3    5    0.3432    0.0686
   3    6    0.5777    0.1655
   3    7    0.7799    0.2077
   3    8    0.8611    0.2166
   3    9    0.8983    0.1901
   3   10    0.9619    0.0953
   3   11    0.9379    0.1345
   3   12    0.9840    0.0655
   3   13    0.9838    0.0860
   3   14    0.9900    0.0734
   3   15    0.9916    0.0689
   3   16    0.9423    0.1169
   3   17    0.8665    0.1933
   3   18    0.8376    0.2671
   3   19    0.6548    0.2997
   3   20    0.6961    0.2809
   3   21    0.7657    0.2838
   3   22    0.7663    0.2853
   3   23    0.7832    0.2866
   3   24    0.9066    0.1803

   4    1    0.5485    0.1124
   4    2    0.3585    0.0790
   4    3    0.1349    0.0027
   4    4    0.0000    0.0000
   4    5    0.1347    0.0029
   4    6    0.3674    0.0673
   4    7    0.6097    0.1513
   4    8    0.8198    0.1973
   4    9    0.8626    0.1695
   4   10    0.9568    0.1013
   4   11    0.9026    0.1847
   4   12    0.9581    0.1186
   4   13    0.9567    0.1159
   4   14    0.9851    0.0584
   4   15    0.9871    0.0418
   4   16    0.9187    0.1565
   4   17    0.8263    0.2240
   4   18    0.8033    0.2318
   4   19    0.5857    0.3343
   4   20    0.6524    0.3073
   4   21    0.7561    0.2546
   4   22    0.7922    0.2690
   4   23    0.8578    0.2123
   4   24    0.8772    0.1956

   5    1    0.7728    0.1818
   5    2    0.5786    0.1564
   5    3    0.3432    0.0686
   5    4    0.1347    0.0029
   5    5    0.0000    0.0000
   5    6    0.1347    0.0029
   5    7    0.3675    0.0694
   5    8    0.6072    0.1081
   5    9    0.7606    0.1757
   5   10    0.9279    0.1331
   5   11    0.8754    0.1821
   5   12    0.9410    0.1544
   5   13    0.9141    0.2154
   5   14    0.9672    0.1056
   5   15    0.9741    0.0706
   5   16    0.9124    0.1601
   5   17    0.8115    0.2265
   5   18    0.7870    0.2594
   5   19    0.6216    0.3215
   5   20    0.6365    0.3042
   5   21    0.8070    0.2180
   5   22    0.8549    0.2178
   5   23    0.9014    0.2043
   5   24    0.8427    0.1981

   6    1    0.8641    0.2319
   6    2    0.8138    0.1964
   6    3    0.5777    0.1655
   6    4    0.3674    0.0673
   6    5    0.1347    0.0029
   6    6    0.0000    0.0000
   6    7    0.1346    0.0028
   6    8    0.3250    0.0944
   6    9    0.4917    0.1751
   6   10    0.7479    0.1870
   6   11    0.7865    0.1939
   6   12    0.9489    0.1214
   6   13    0.9622    0.0965
   6   14    0.9944    0.0294
   6   15    0.9733    0.0777
   6   16    0.9217    0.1119
   6   17    0.7137    0.2558
   6   18    0.7581    0.2591
   6   19    0.6191    0.2784
   6   20    0.6762    0.2429
   6   21    0.8851    0.1569
   6   22    0.9268    0.1783
   6   23    0.9530    0.1505
   6   24    0.7289    0.2294

   7    1    0.9103    0.1593
   7    2    0.9107    0.1444
   7    3    0.7799    0.2077
   7    4    0.6097    0.1513
   7    5    0.3675    0.0694
   7    6    0.1346    0.0028
   7    7    0.0000    0.0000
   7    8    0.1349    0.0029
   7    9    0.3111    0.0642
   7   10    0.5395    0.1268
   7   11    0.6727    0.1607
   7   12    0.8796    0.1927
   7   13    0.9168    0.1975
   7   14    0.9686    0.1027
   7   15    0.9641    0.1108
   7   16    0.9053    0.1300
   7   17    0.7250    0.1850
   7   18    0.6860    0.3321
   7   19    0.6393    0.3001
   7   20    0.6694    0.2976
   7   21    0.8116    0.2523
   7   22    0.8878    0.1800
   7   23    0.9161    0.1740
   7   24    0.6817    0.1564

   8    1    0.8823    0.2451
   8    2    0.9015    0.1855
   8    3    0.8611    0.2166
   8    4    0.8198    0.1973
   8    5    0.6072    0.1081
   8    6    0.3250    0.0944
   8    7    0.1349    0.0029
   8    8    0.0000    0.0000
   8    9    0.1347    0.0028
   8   10    0.3293    0.0683
   8   11    0.5774    0.0373
   8   12    0.9416    0.0695
   8   13    0.9846    0.0581
   8   14    0.9991    0.0099
   8   15    0.9927    0.0259
   8   16    0.9531    0.0632
   8   17    0.7250    0.0888
   8   18    0.7666    0.2185
   8   19    0.7794    0.2249
   8   20    0.8302    0.1689
   8   21    0.9371    0.1363
   8   22    0.9389    0.1612
   8   23    0.9644    0.1168
   8   24    0.6388    0.1000

   9    1    0.9140    0.2228
   9    2    0.9319    0.1410
   9    3    0.8983    0.1901
   9    4    0.8626    0.1695
   9    5    0.7606    0.1757
   9    6    0.4917    0.1751
   9    7    0.3111    0.0642
   9    8    0.1347    0.0028
   9    9    0.0000    0.0000
   9   10    0.1348    0.0028
   9   11    0.2576    0.0301
   9   12    0.6265    0.0780
   9   13    0.8594    0.0988
   9   14    0.9219    0.0852
   9   15    0.7028    0.0825
   9   16    0.5662    0.0647
   9   17    0.3474    0.0385
   9   18    0.5142    0.2166
   9   19    0.6195    0.2023
   9   20    0.6931    0.1854
   9   21    0.8947    0.1042
   9   22    0.9662    0.0940
   9   23    0.9885    0.0568
   9   24    0.2595    0.0089

  10    1    0.9455    0.1513
  10    2    0.9765    0.0770
  10    3    0.9619    0.0953
  10    4    0.9568    0.1013
  10    5    0.9279    0.1331
  10    6    0.7479    0.1870
  10    7    0.5395    0.1268
  10    8    0.3293    0.0683
  10    9    0.1348    0.0028
  10   10    0.0000    0.0000
  10   11    0.1347    0.0027
  10   12    0.4103    0.0473
  10   13    0.7328    0.0546
  10   14    0.8278    0.1145
  10   15    0.6513    0.0726
  10   16    0.6601    0.0858
  10   17    0.5712    0.0953
  10   18    0.5857    0.2888
  10   19    0.8205    0.1516
  10   20    0.8904    0.1150
  10   21    0.9692    0.0884
  10   22    0.9873    0.0590
  10   23    0.9844    0.0707
  10   24    0.6014    0.0487

  11    1    0.9569    0.1169
  11    2    0.9675    0.0805
  11    3    0.9379    0.1345
  11    4    0.9026    0.1847
  11    5    0.8754    0.1821
  11    6    0.7865    0.1939
  11    7    0.6727    0.1607
  11    8    0.5774    0.0373
  11    9    0.2576    0.0301
  11   10    0.1347    0.0027
  11   11    0.0000    0.0000
  11   12    0.1350    0.0029
  11   13    0.4161    0.0274
  11   14    0.4458    0.1039
  11   15    0.2619    0.0539
  11   16    0.2912    0.0527
  11   17    0.2469    0.0350
  11   18    0.4640    0.1413
  11   19    0.6680    0.1167
  11   20    0.7036    0.3176
  11   21    0.8398    0.1832
  11   22    0.9306    0.1005
  11   23    0.9901    0.0538
  11   24    0.2218    0.0066

  12    1    0.9954    0.0316
  12    2    0.9959    0.0322
  12    3    0.9840    0.0655
  12    4    0.9581    0.1186
  12    5    0.9410    0.1544
  12    6    0.9489    0.1214
  12    7    0.8796    0.1927
  12    8    0.9416    0.0695
  12    9    0.6265    0.0780
  12   10    0.4103    0.0473
  12   11    0.1350    0.0029
  12   12    0.0000    0.0000
  12   13    0.1347    0.0029
  12   14    0.3036    0.0255
  12   15    0.3094    0.1195
  12   16    0.4381    0.1131
  12   17    0.6662    0.0964
  12   18    0.8114    0.2098
  12   19    0.9675    0.0932
  12   20    0.8710    0.1678
  12   21    0.9599    0.0750
  12   22    0.9768    0.0622
  12   23    0.9952    0.0333
  12   24    0.7137    0.0556

  13    1    0.9918    0.0590
  13    2    0.9897    0.0673
  13    3    0.9838    0.0860
  13    4    0.9567    0.1159
  13    5    0.9141    0.2154
  13    6    0.9622    0.0965
  13    7    0.9168    0.1975
  13    8    0.9846    0.0581
  13    9    0.8594    0.0988
  13   10    0.7328    0.0546
  13   11    0.4161    0.0274
  13   12    0.1347    0.0029
  13   13    0.0000    0.0000
  13   14    0.1347    0.0029
  13   15    0.3301    0.0777
  13   16    0.5272    0.1665
  13   17    0.8279    0.0755
  13   18    0.9547    0.1239
  13   19    0.9897    0.0487
  13   20    0.8911    0.1499
  13   21    0.9342    0.1196
  13   22    0.9392    0.1261
  13   23    0.9888    0.0672
  13   24    0.8663    0.0892

  14    1    0.9920    0.0683
  14    2    0.9932    0.0562
  14    3    0.9900    0.0734
  14    4    0.9851    0.0584
  14    5    0.9672    0.1056
  14    6    0.9944    0.0294
  14    7    0.9686    0.1027
  14    8    0.9991    0.0099
  14    9    0.9219    0.0852
  14   10    0.8278    0.1145
  14   11    0.4458    0.1039
  14   12    0.3036    0.0255
  14   13    0.1347    0.0029
  14   14    0.0000    0.0000
  14   15    0.1349    0.0028
  14   16    0.3565    0.0733
  14   17    0.7169    0.0547
  14   18    0.9498    0.0943
  14   19    0.9851    0.0694
  14   20    0.9164    0.1146
  14   21    0.9186    0.1208
  14   22    0.9327    0.1268
  14   23    0.9823    0.0833
  14   24    0.9189    0.0667

  15    1    0.9944    0.0384
  15    2    0.9956    0.0386
  15    3    0.9916    0.0689
  15    4    0.9871    0.0418
  15    5    0.9741    0.0706
  15    6    0.9733    0.0777
  15    7    0.9641    0.1108
  15    8    0.9927    0.0259
  15    9    0.7028    0.0825
  15   10    0.6513    0.0726
  15   11    0.2619    0.0539
  15   12    0.3094    0.1195
  15   13    0.3301    0.0777
  15   14    0.1349    0.0028
  15   15    0.0000    0.0000
  15   16    0.1345    0.0028
  15   17    0.4166    0.0457
  15   18    0.7062    0.0601
  15   19    0.9009    0.0719
  15   20    0.8420    0.2037
  15   21    0.8619    0.1781
  15   22    0.9357    0.1115
  15   23    0.9826    0.0725
  15   24    0.6629    0.0713

  16    1    0.9753    0.0799
  16    2    0.9770    0.0820
  16    3    0.9423    0.1169
  16    4    0.9187    0.1565
  16    5    0.9124    0.1601
  16    6    0.9217    0.1119
  16    7    0.9053    0.1300
  16    8    0.9531    0.0632
  16    9    0.5662    0.0647
  16   10    0.6601    0.0858
  16   11    0.2912    0.0527
  16   12    0.4381    0.1131
  16   13    0.5272    0.1665
  16   14    0.3565    0.0733
  16   15    0.1345    0.0028
  16   16    0.0000    0.0000
  16   17    0.1348    0.0028
  16   18    0.3765    0.0551
  16   19    0.5662    0.0839
  16   20    0.6615    0.3376
  16   21    0.6987    0.3448
  16   22    0.7583    0.3050
  16   23    0.9000    0.1619
  16   24    0.5191    0.0571

  17    1    0.9268    0.1787
  17    2    0.9171    0.1603
  17    3    0.8665    0.1933
  17    4    0.8263    0.2240
  17    5    0.8115    0.2265
  17    6    0.7137    0.2558
  17    7    0.7250    0.1850
  17    8    0.7250    0.0888
  17    9    0.3474    0.0385
  17   10    0.5712    0.0953
  17   11    0.2469    0.0350
  17   12    0.6662    0.0964
  17   13    0.8279    0.0755
  17   14    0.7169    0.0547
  17   15    0.4166    0.0457
  17   16    0.1348    0.0028
  17   17    0.0000    0.0000
  17   18    0.1349    0.0028
  17   19    0.3131    0.0603
  17   20    0.4917    0.2229
  17   21    0.5984    0.3449
  17   22    0.7896    0.2089
  17   23    0.8892    0.1543
  17   24    0.2564    0.0073

  18    1    0.9004    0.1754
  18    2    0.8845    0.1844
  18    3    0.8376    0.2671
  18    4    0.8033    0.2318
  18    5    0.7870    0.2594
  18    6    0.7581    0.2591
  18    7    0.6860    0.3321
  18    8    0.7666    0.2185
  18    9    0.5142    0.2166
  18   10    0.5857    0.2888
  18   11    0.4640    0.1413
  18   12    0.8114    0.2098
  18   13    0.9547    0.1239
  18   14    0.9498    0.0943
  18   15    0.7062    0.0601
  18   16    0.3765    0.0551
  18   17    0.1349    0.0028
  18   18    0.0000    0.0000
  18   19    0.1347    0.0027
  18   20    0.3704    0.0576
  18   21    0.5109    0.1987
  18   22    0.7392    0.2039
  18   23    0.7854    0.2426
  18   24    0.5657    0.0943

  19    1    0.8110    0.2552
  19    2    0.7378    0.2873
  19    3    0.6548    0.2997
  19    4    0.5857    0.3343
  19    5    0.6216    0.3215
  19    6    0.6191    0.2784
  19    7    0.6393    0.3001
  19    8    0.7794    0.2249
  19    9    0.6195    0.2023
  19   10    0.8205    0.1516
  19   11    0.6680    0.1167
  19   12    0.9675    0.0932
  19   13    0.9897    0.0487
  19   14    0.9851    0.0694
  19   15    0.9009    0.0719
  19   16    0.5662    0.0839
  19   17    0.3131    0.0603
  19   18    0.1347    0.0027
  19   19    0.0000    0.0000
  19   20    0.1348    0.0029
  19   21    0.3418    0.0454
  19   22    0.5509    0.1065
  19   23    0.7473    0.1625
  19   24    0.6330    0.1978

  20    1    0.8609    0.2218
  20    2    0.8251    0.2309
  20    3    0.6961    0.2809
  20    4    0.6524    0.3073
  20    5    0.6365    0.3042
  20    6    0.6762    0.2429
  20    7    0.6694    0.2976
  20    8    0.8302    0.1689
  20    9    0.6931    0.1854
  20   10    0.8904    0.1150
  20   11    0.7036    0.3176
  20   12    0.8710    0.1678
  20   13    0.8911    0.1499
  20   14    0.9164    0.1146
  20   15    0.8420    0.2037
  20   16    0.6615    0.3376
  20   17    0.4917    0.2229
  20   18    0.3704    0.0576
  20   19    0.1348    0.0029
  20   20    0.0000    0.0000
  20   21    0.1348    0.0028
  20   22    0.3473    0.0609
  20   23    0.6238    0.0727
  20   24    0.6796    0.3275

  21    1    0.9004    0.1637
  21    2    0.8860    0.1744
  21    3    0.7657    0.2838
  21    4    0.7561    0.2546
  21    5    0.8070    0.2180
  21    6    0.8851    0.1569
  21    7    0.8116    0.2523
  21    8    0.9371    0.1363
  21    9    0.8947    0.1042
  21   10    0.9692    0.0884
  21   11    0.8398    0.1832
  21   12    0.9599    0.0750
  21   13    0.9342    0.1196
  21   14    0.9186    0.1208
  21   15    0.8619    0.1781
  21   16    0.6987    0.3448
  21   17    0.5984    0.3449
  21   18    0.5109    0.1987
  21   19    0.3418    0.0454
  21   20    0.1348    0.0028
  21   21    0.0000    0.0000
  21   22    0.1340    0.0033
  21   23    0.3197    0.0656
  21   24    0.8316    0.1751

  22    1    0.8880    0.2092
  22    2    0.8797    0.2096
  22    3    0.7663    0.2853
  22    4    0.7922    0.2690
  22    5    0.8549    0.2178
  22    6    0.9268    0.1783
  22    7    0.8878    0.1800
  22    8    0.9389    0.1612
  22    9    0.9662    0.0940
  22   10    0.9873    0.0590
  22   11    0.9306    0.1005
  22   12    0.9768    0.0622
  22   13    0.9392    0.1261
  22   14    0.9327    0.1268
  22   15    0.9357    0.1115
  22   16    0.7583    0.3050
  22   17    0.7896    0.2089
  22   18    0.7392    0.2039
  22   19    0.5509    0.1065
  22   20    0.3473    0.0609
  22   21    0.1340    0.0033
  22   22    0.0000    0.0000
  22   23    0.1344    0.0029
  22   24    0.9601    0.0920

  23    1    0.8724    0.2167
  23    2    0.8904    0.1947
  23    3    0.7832    0.2866
  23    4    0.8578    0.2123
  23    5    0.9014    0.2043
  23    6    0.9530    0.1505
  23    7    0.9161    0.1740
  23    8    0.9644    0.1168
  23    9    0.9885    0.0568
  23   10    0.9844    0.0707
  23   11    0.9901    0.0538
  23   12    0.9952    0.0333
  23   13    0.9888    0.0672
  23   14    0.9823    0.0833
  23   15    0.9826    0.0725
  23   16    0.9000    0.1619
  23   17    0.8892    0.1543
  23   18    0.7854    0.2426
  23   19    0.7473    0.1625
  23   20    0.6238    0.0727
  23   21    0.3197    0.0656
  23   22    0.1344    0.0029
  23   23    0.0000    0.0000
  23   24    0.9937    0.0475

  24    1    0.9397    0.1649
  24    2    0.9411    0.1320
  24    3    0.9066    0.1803
  24    4    0.8772    0.1956
  24    5    0.8427    0.1981
  24    6    0.7289    0.2294
  24    7    0.6817    0.1564
  24    8    0.6388    0.1000
  24    9    0.2595    0.0089
  24   10    0.6014    0.0487
  24   11    0.2218    0.0066
  24   12    0.7137    0.0556
  24   13    0.8663    0.0892
  24   14    0.9189    0.0667
  24   15    0.6629    0.0713
  24   16    0.5191    0.0571
  24   17    0.2564    0.0073
  24   18    0.5657    0.0943
  24   19    0.6330    0.1978
  24   20    0.6796    0.3275
  24   21    0.8316    0.1751
  24   22    0.9601    0.0920
  24   23    0.9937    0.0475
  24   24    0.0000    0.0000

