#  i  j   t_first t_last t_total (# encounters)
# first/last time residues i and j are within the interaction distance.
# total: fraction of frames in which residues i and j are within interaction distance (maximum = 1.0).
   1    1            0      1000000     1.000000 1000000.000000     1
   1    2            0      1000000     1.000000 1000000.000000     1
   1    3            0      1000000     1.000000 1000000.000000     1
   1    4            0       996000     0.267732 1000000.000000   158
   1    5         2000       985000     0.068931 1000000.000000    50
   1    6         2000       985000     0.102897 1000000.000000    12
   1    7       132000       744000     0.009990 1000000.000000    10
   1    8        60000       739000     0.118881 1000000.000000    17
   1    9        62000       663000     0.093906 1000000.000000     5
   1   10       114000       699000     0.053946 1000000.000000    19
   1   11        15000        62000     0.001998 1000000.000000     2
   1   12      1000000            0     0.000000 1000000.000000     0
   1   13        10000       113000     0.004995 1000000.000000     4
   1   14         9000        92000     0.006993 1000000.000000     4
   1   15        15000        15000     0.000999 1000000.000000     1
   1   16         8000       111000     0.005994 1000000.000000     5
   1   17        61000       750000     0.092907 1000000.000000    12
   1   18        34000       750000     0.032967 1000000.000000    23
   1   19            0       826000     0.154845 1000000.000000    37
   1   20         2000       953000     0.107892 1000000.000000    33
   1   21         5000       953000     0.031968 1000000.000000    23
   1   22         5000       996000     0.071928 1000000.000000    36
   1   23         1000       996000     0.084915 1000000.000000    52
   1   24        62000       438000     0.089910 1000000.000000     4

   2    1            0      1000000     1.000000 1000000.000000     1
   2    2            0      1000000     1.000000 1000000.000000     1
   2    3            0      1000000     1.000000 1000000.000000     1
   2    4            0      1000000     1.000000 1000000.000000     1
   2    5        12000       998000     0.241758 1000000.000000   104
   2    6        12000       986000     0.071928 1000000.000000    51
   2    7        60000       962000     0.021978 1000000.000000    18
   2    8        59000       962000     0.048951 1000000.000000    24
   2    9        63000       750000     0.005994 1000000.000000     6
   2   10        82000       706000     0.003996 1000000.000000     3
   2   11        12000       750000     0.001998 1000000.000000     2
   2   12      1000000            0     0.000000 1000000.000000     0
   2   13        10000       113000     0.006993 1000000.000000     4
   2   14         9000        12000     0.003996 1000000.000000     1
   2   15        12000        12000     0.000999 1000000.000000     1
   2   16         4000       691000     0.005994 1000000.000000     4
   2   17        72000       755000     0.014985 1000000.000000    13
   2   18            0       755000     0.046953 1000000.000000    15
   2   19            0       821000     0.236763 1000000.000000    55
   2   20            0       953000     0.131868 1000000.000000    36
   2   21         1000       873000     0.046953 1000000.000000    25
   2   22         1000       996000     0.077922 1000000.000000    32
   2   23         1000       996000     0.071928 1000000.000000    44
   2   24        84000       750000     0.004995 1000000.000000     5

   3    1            0      1000000     1.000000 1000000.000000     1
   3    2            0      1000000     1.000000 1000000.000000     1
   3    3            0      1000000     1.000000 1000000.000000     1
   3    4            0      1000000     1.000000 1000000.000000     1
   3    5            0      1000000     1.000000 1000000.000000     1
   3    6        59000       974000     0.218781 1000000.000000    38
   3    7        20000       970000     0.094905 1000000.000000    42
   3    8        79000       739000     0.084915 1000000.000000    38
   3    9        63000       739000     0.098901 1000000.000000    21
   3   10        80000       739000     0.006993 1000000.000000     6
   3   11         3000       662000     0.012987 1000000.000000     5
   3   12         6000       662000     0.004995 1000000.000000     4
   3   13         4000       662000     0.011988 1000000.000000     4
   3   14         3000       530000     0.009990 1000000.000000     2
   3   15         3000        11000     0.008991 1000000.000000     1
   3   16            0        11000     0.011988 1000000.000000     1
   3   17         5000       863000     0.039960 1000000.000000    27
   3   18         1000       755000     0.147852 1000000.000000    21
   3   19            0       953000     0.322677 1000000.000000    71
   3   20            0       954000     0.307692 1000000.000000    56
   3   21            0       999000     0.227772 1000000.000000    42
   3   22            0       999000     0.234765 1000000.000000    55
   3   23            0       997000     0.216783 1000000.000000    58
   3   24         6000       688000     0.102897 1000000.000000    13

   4    1            0       996000     0.267732 1000000.000000   158
   4    2            0      1000000     1.000000 1000000.000000     1
   4    3            0      1000000     1.000000 1000000.000000     1
   4    4            0      1000000     1.000000 1000000.000000     1
   4    5            0      1000000     1.000000 1000000.000000     1
   4    6            0      1000000     1.000000 1000000.000000     1
   4    7        20000       996000     0.183816 1000000.000000    76
   4    8       119000       746000     0.084915 1000000.000000    29
   4    9        82000       667000     0.032967 1000000.000000    25
   4   10       114000       718000     0.006993 1000000.000000     4
   4   11         3000       220000     0.095904 1000000.000000    16
   4   12        68000       179000     0.007992 1000000.000000     4
   4   13        68000       527000     0.007992 1000000.000000     4
   4   14       527000       527000     0.000999 1000000.000000     1
   4   15      1000000            0     0.000000 1000000.000000     0
   4   16        68000       220000     0.021978 1000000.000000    18
   4   17        80000       741000     0.108891 1000000.000000    21
   4   18        37000       833000     0.088911 1000000.000000     9
   4   19            0       954000     0.494505 1000000.000000    42
   4   20            0       953000     0.392607 1000000.000000    37
   4   21        84000       999000     0.179820 1000000.000000    41
   4   22       422000      1000000     0.193806 1000000.000000    48
   4   23       375000      1000000     0.088911 1000000.000000    40
   4   24         3000       667000     0.111888 1000000.000000    13

   5    1         2000       985000     0.068931 1000000.000000    50
   5    2        12000       998000     0.241758 1000000.000000   104
   5    3            0      1000000     1.000000 1000000.000000     1
   5    4            0      1000000     1.000000 1000000.000000     1
   5    5            0      1000000     1.000000 1000000.000000     1
   5    6            0      1000000     1.000000 1000000.000000     1
   5    7            0      1000000     1.000000 1000000.000000     1
   5    8       122000       995000     0.085914 1000000.000000    27
   5    9         7000       741000     0.043956 1000000.000000    32
   5   10       365000       741000     0.018981 1000000.000000    14
   5   11         3000       225000     0.049950 1000000.000000    31
   5   12         7000       209000     0.042957 1000000.000000    26
   5   13         2000       532000     0.080919 1000000.000000    35
   5   14        22000       530000     0.004995 1000000.000000     4
   5   15      1000000            0     0.000000 1000000.000000     0
   5   16        23000       225000     0.034965 1000000.000000    26
   5   17        46000       742000     0.095904 1000000.000000    14
   5   18       247000       950000     0.278721 1000000.000000    28
   5   19        18000       996000     0.422577 1000000.000000    37
   5   20         1000       999000     0.345654 1000000.000000    41
   5   21        21000       999000     0.081918 1000000.000000    46
   5   22        27000      1000000     0.099900 1000000.000000    39
   5   23       375000       991000     0.071928 1000000.000000    33
   5   24        18000       689000     0.086913 1000000.000000    30

   6    1         2000       985000     0.102897 1000000.000000    12
   6    2        12000       986000     0.071928 1000000.000000    51
   6    3        59000       974000     0.218781 1000000.000000    38
   6    4            0      1000000     1.000000 1000000.000000     1
   6    5            0      1000000     1.000000 1000000.000000     1
   6    6            0      1000000     1.000000 1000000.000000     1
   6    7            0      1000000     1.000000 1000000.000000     1
   6    8            0      1000000     0.999001 1000000.000000     2
   6    9            0       981000     0.382617 1000000.000000    36
   6   10        10000       718000     0.075924 1000000.000000    44
   6   11         3000       323000     0.106893 1000000.000000    37
   6   12        10000       182000     0.010989 1000000.000000     7
   6   13        10000       530000     0.005994 1000000.000000     5
   6   14      1000000            0     0.000000 1000000.000000     0
   6   15      1000000            0     0.000000 1000000.000000     0
   6   16      1000000            0     0.000000 1000000.000000     0
   6   17        20000       954000     0.227772 1000000.000000    53
   6   18        41000       997000     0.207792 1000000.000000    31
   6   19            0      1000000     0.373626 1000000.000000    64
   6   20         2000      1000000     0.252747 1000000.000000    41
   6   21       435000      1000000     0.043956 1000000.000000    13
   6   22       429000      1000000     0.055944 1000000.000000    13
   6   23       436000       991000     0.046953 1000000.000000    12
   6   24            0       940000     0.224775 1000000.000000    54

   7    1       132000       744000     0.009990 1000000.000000    10
   7    2        60000       962000     0.021978 1000000.000000    18
   7    3        20000       970000     0.094905 1000000.000000    42
   7    4        20000       996000     0.183816 1000000.000000    76
   7    5            0      1000000     1.000000 1000000.000000     1
   7    6            0      1000000     1.000000 1000000.000000     1
   7    7            0      1000000     1.000000 1000000.000000     1
   7    8            0      1000000     1.000000 1000000.000000     1
   7    9            0      1000000     1.000000 1000000.000000     1
   7   10            0       999000     0.329670 1000000.000000   139
   7   11        21000       995000     0.102897 1000000.000000    40
   7   12         2000       544000     0.071928 1000000.000000    29
   7   13         2000       544000     0.072927 1000000.000000    21
   7   14        21000       537000     0.003996 1000000.000000     4
   7   15       330000       851000     0.016983 1000000.000000    13
   7   16       120000       864000     0.007992 1000000.000000     8
   7   17       392000       955000     0.125874 1000000.000000    53
   7   18       361000      1000000     0.306693 1000000.000000    30
   7   19        38000      1000000     0.382617 1000000.000000    45
   7   20        58000      1000000     0.306693 1000000.000000    33
   7   21       401000      1000000     0.208791 1000000.000000    46
   7   22       394000      1000000     0.058941 1000000.000000    21
   7   23       401000       997000     0.050949 1000000.000000    28
   7   24        20000       954000     0.182817 1000000.000000    66

   8    1        60000       739000     0.118881 1000000.000000    17
   8    2        59000       962000     0.048951 1000000.000000    24
   8    3        79000       739000     0.084915 1000000.000000    38
   8    4       119000       746000     0.084915 1000000.000000    29
   8    5       122000       995000     0.085914 1000000.000000    27
   8    6            0      1000000     0.999001 1000000.000000     2
   8    7            0      1000000     1.000000 1000000.000000     1
   8    8            0      1000000     1.000000 1000000.000000     1
   8    9            0      1000000     1.000000 1000000.000000     1
   8   10            0      1000000     1.000000 1000000.000000     1
   8   11        25000       973000     0.027972 1000000.000000    24
   8   12      1000000            0     0.000000 1000000.000000     0
   8   13      1000000            0     0.000000 1000000.000000     0
   8   14      1000000            0     0.000000 1000000.000000     0
   8   15      1000000            0     0.000000 1000000.000000     0
   8   16      1000000            0     0.000000 1000000.000000     0
   8   17       425000       598000     0.004995 1000000.000000     4
   8   18       362000      1000000     0.114885 1000000.000000    36
   8   19         7000      1000000     0.131868 1000000.000000    27
   8   20       399000       864000     0.051948 1000000.000000    34
   8   21       399000       691000     0.028971 1000000.000000    20
   8   22       399000       647000     0.042957 1000000.000000    21
   8   23       420000       990000     0.021978 1000000.000000    10
   8   24       225000       993000     0.134865 1000000.000000    56

   9    1        62000       663000     0.093906 1000000.000000     5
   9    2        63000       750000     0.005994 1000000.000000     6
   9    3        63000       739000     0.098901 1000000.000000    21
   9    4        82000       667000     0.032967 1000000.000000    25
   9    5         7000       741000     0.043956 1000000.000000    32
   9    6            0       981000     0.382617 1000000.000000    36
   9    7            0      1000000     1.000000 1000000.000000     1
   9    8            0      1000000     1.000000 1000000.000000     1
   9    9            0      1000000     1.000000 1000000.000000     1
   9   10            0      1000000     1.000000 1000000.000000     1
   9   11            0      1000000     1.000000 1000000.000000     1
   9   12        21000       979000     0.046953 1000000.000000    29
   9   13      1000000            0     0.000000 1000000.000000     0
   9   14      1000000            0     0.000000 1000000.000000     0
   9   15       249000       867000     0.023976 1000000.000000    21
   9   16       251000      1000000     0.158841 1000000.000000    68
   9   17            0      1000000     1.000000 1000000.000000     1
   9   18       359000      1000000     0.498501 1000000.000000    36
   9   19            0      1000000     0.214785 1000000.000000    53
   9   20        79000       600000     0.012987 1000000.000000    10
   9   21       415000       610000     0.003996 1000000.000000     3
   9   22       600000       963000     0.001998 1000000.000000     2
   9   23       504000       505000     0.001998 1000000.000000     1
   9   24            0      1000000     1.000000 1000000.000000     1

  10    1       114000       699000     0.053946 1000000.000000    19
  10    2        82000       706000     0.003996 1000000.000000     3
  10    3        80000       739000     0.006993 1000000.000000     6
  10    4       114000       718000     0.006993 1000000.000000     4
  10    5       365000       741000     0.018981 1000000.000000    14
  10    6        10000       718000     0.075924 1000000.000000    44
  10    7            0       999000     0.329670 1000000.000000   139
  10    8            0      1000000     1.000000 1000000.000000     1
  10    9            0      1000000     1.000000 1000000.000000     1
  10   10            0      1000000     1.000000 1000000.000000     1
  10   11            0      1000000     1.000000 1000000.000000     1
  10   12            0      1000000     0.999001 1000000.000000     2
  10   13       982000       992000     0.004995 1000000.000000     4
  10   14       270000       987000     0.001998 1000000.000000     2
  10   15        78000       939000     0.028971 1000000.000000    18
  10   16        78000       999000     0.042957 1000000.000000    26
  10   17         9000      1000000     0.149850 1000000.000000    81
  10   18        77000      1000000     0.461538 1000000.000000    92
  10   19        77000       513000     0.017982 1000000.000000    13
  10   20       476000       968000     0.007992 1000000.000000     5
  10   21       485000       691000     0.007992 1000000.000000     7
  10   22       485000       665000     0.002997 1000000.000000     3
  10   23       482000       983000     0.004995 1000000.000000     5
  10   24        77000       616000     0.033966 1000000.000000    26

  11    1        15000        62000     0.001998 1000000.000000     2
  11    2        12000       750000     0.001998 1000000.000000     2
  11    3         3000       662000     0.012987 1000000.000000     5
  11    4         3000       220000     0.095904 1000000.000000    16
  11    5         3000       225000     0.049950 1000000.000000    31
  11    6         3000       323000     0.106893 1000000.000000    37
  11    7        21000       995000     0.102897 1000000.000000    40
  11    8        25000       973000     0.027972 1000000.000000    24
  11    9            0      1000000     1.000000 1000000.000000     1
  11   10            0      1000000     1.000000 1000000.000000     1
  11   11            0      1000000     1.000000 1000000.000000     1
  11   12            0      1000000     1.000000 1000000.000000     1
  11   13            0      1000000     1.000000 1000000.000000     1
  11   14            0       993000     0.628372 1000000.000000   139
  11   15            0      1000000     0.992008 1000000.000000     4
  11   16            0      1000000     0.988012 1000000.000000     9
  11   17            0      1000000     1.000000 1000000.000000     1
  11   18       359000      1000000     0.594406 1000000.000000    22
  11   19       377000       736000     0.052947 1000000.000000    34
  11   20            0       498000     0.360639 1000000.000000     3
  11   21        73000       504000     0.003996 1000000.000000     4
  11   22      1000000            0     0.000000 1000000.000000     0
  11   23       511000       636000     0.001998 1000000.000000     2
  11   24            0      1000000     1.000000 1000000.000000     1

  12    1      1000000            0     0.000000 1000000.000000     0
  12    2      1000000            0     0.000000 1000000.000000     0
  12    3         6000       662000     0.004995 1000000.000000     4
  12    4        68000       179000     0.007992 1000000.000000     4
  12    5         7000       209000     0.042957 1000000.000000    26
  12    6        10000       182000     0.010989 1000000.000000     7
  12    7         2000       544000     0.071928 1000000.000000    29
  12    8      1000000            0     0.000000 1000000.000000     0
  12    9        21000       979000     0.046953 1000000.000000    29
  12   10            0      1000000     0.999001 1000000.000000     2
  12   11            0      1000000     1.000000 1000000.000000     1
  12   12            0      1000000     1.000000 1000000.000000     1
  12   13            0      1000000     1.000000 1000000.000000     1
  12   14            0      1000000     1.000000 1000000.000000     1
  12   15            0      1000000     0.894106 1000000.000000    63
  12   16            0      1000000     0.657343 1000000.000000   150
  12   17       873000       993000     0.077922 1000000.000000    15
  12   18       373000      1000000     0.105894 1000000.000000    16
  12   19       961000       981000     0.002997 1000000.000000     2
  12   20        73000       298000     0.001998 1000000.000000     2
  12   21      1000000            0     0.000000 1000000.000000     0
  12   22      1000000            0     0.000000 1000000.000000     0
  12   23      1000000            0     0.000000 1000000.000000     0
  12   24      1000000            0     0.000000 1000000.000000     0

  13    1        10000       113000     0.004995 1000000.000000     4
  13    2        10000       113000     0.006993 1000000.000000     4
  13    3         4000       662000     0.011988 1000000.000000     4
  13    4        68000       527000     0.007992 1000000.000000     4
  13    5         2000       532000     0.080919 1000000.000000    35
  13    6        10000       530000     0.005994 1000000.000000     5
  13    7         2000       544000     0.072927 1000000.000000    21
  13    8      1000000            0     0.000000 1000000.000000     0
  13    9      1000000            0     0.000000 1000000.000000     0
  13   10       982000       992000     0.004995 1000000.000000     4
  13   11            0      1000000     1.000000 1000000.000000     1
  13   12            0      1000000     1.000000 1000000.000000     1
  13   13            0      1000000     1.000000 1000000.000000     1
  13   14            0      1000000     1.000000 1000000.000000     1
  13   15            0      1000000     1.000000 1000000.000000     1
  13   16        36000       998000     0.355644 1000000.000000    42
  13   17      1000000            0     0.000000 1000000.000000     0
  13   18       882000       982000     0.016983 1000000.000000    14
  13   19      1000000            0     0.000000 1000000.000000     0
  13   20      1000000            0     0.000000 1000000.000000     0
  13   21       321000       321000     0.000999 1000000.000000     1
  13   22       268000       328000     0.004995 1000000.000000     4
  13   23        98000       568000     0.006993 1000000.000000     6
  13   24      1000000            0     0.000000 1000000.000000     0

  14    1         9000        92000     0.006993 1000000.000000     4
  14    2         9000        12000     0.003996 1000000.000000     1
  14    3         3000       530000     0.009990 1000000.000000     2
  14    4       527000       527000     0.000999 1000000.000000     1
  14    5        22000       530000     0.004995 1000000.000000     4
  14    6      1000000            0     0.000000 1000000.000000     0
  14    7        21000       537000     0.003996 1000000.000000     4
  14    8      1000000            0     0.000000 1000000.000000     0
  14    9      1000000            0     0.000000 1000000.000000     0
  14   10       270000       987000     0.001998 1000000.000000     2
  14   11            0       993000     0.628372 1000000.000000   139
  14   12            0      1000000     1.000000 1000000.000000     1
  14   13            0      1000000     1.000000 1000000.000000     1
  14   14            0      1000000     1.000000 1000000.000000     1
  14   15            0      1000000     1.000000 1000000.000000     1
  14   16            0      1000000     1.000000 1000000.000000     1
  14   17      1000000            0     0.000000 1000000.000000     0
  14   18      1000000            0     0.000000 1000000.000000     0
  14   19       961000       987000     0.006993 1000000.000000     5
  14   20      1000000            0     0.000000 1000000.000000     0
  14   21       321000       321000     0.000999 1000000.000000     1
  14   22        49000       328000     0.009990 1000000.000000    10
  14   23        97000       889000     0.009990 1000000.000000     8
  14   24      1000000            0     0.000000 1000000.000000     0

  15    1        15000        15000     0.000999 1000000.000000     1
  15    2        12000        12000     0.000999 1000000.000000     1
  15    3         3000        11000     0.008991 1000000.000000     1
  15    4      1000000            0     0.000000 1000000.000000     0
  15    5      1000000            0     0.000000 1000000.000000     0
  15    6      1000000            0     0.000000 1000000.000000     0
  15    7       330000       851000     0.016983 1000000.000000    13
  15    8      1000000            0     0.000000 1000000.000000     0
  15    9       249000       867000     0.023976 1000000.000000    21
  15   10        78000       939000     0.028971 1000000.000000    18
  15   11            0      1000000     0.992008 1000000.000000     4
  15   12            0      1000000     0.894106 1000000.000000    63
  15   13            0      1000000     1.000000 1000000.000000     1
  15   14            0      1000000     1.000000 1000000.000000     1
  15   15            0      1000000     1.000000 1000000.000000     1
  15   16            0      1000000     1.000000 1000000.000000     1
  15   17            0      1000000     1.000000 1000000.000000     1
  15   18       857000       891000     0.003996 1000000.000000     4
  15   19      1000000            0     0.000000 1000000.000000     0
  15   20            0       358000     0.063936 1000000.000000    13
  15   21       301000       301000     0.000999 1000000.000000     1
  15   22        98000       328000     0.008991 1000000.000000     5
  15   23        98000       511000     0.003996 1000000.000000     4
  15   24       344000       656000     0.002997 1000000.000000     3

  16    1         8000       111000     0.005994 1000000.000000     5
  16    2         4000       691000     0.005994 1000000.000000     4
  16    3            0        11000     0.011988 1000000.000000     1
  16    4        68000       220000     0.021978 1000000.000000    18
  16    5        23000       225000     0.034965 1000000.000000    26
  16    6      1000000            0     0.000000 1000000.000000     0
  16    7       120000       864000     0.007992 1000000.000000     8
  16    8      1000000            0     0.000000 1000000.000000     0
  16    9       251000      1000000     0.158841 1000000.000000    68
  16   10        78000       999000     0.042957 1000000.000000    26
  16   11            0      1000000     0.988012 1000000.000000     9
  16   12            0      1000000     0.657343 1000000.000000   150
  16   13        36000       998000     0.355644 1000000.000000    42
  16   14            0      1000000     1.000000 1000000.000000     1
  16   15            0      1000000     1.000000 1000000.000000     1
  16   16            0      1000000     1.000000 1000000.000000     1
  16   17            0      1000000     1.000000 1000000.000000     1
  16   18            0      1000000     1.000000 1000000.000000     1
  16   19       441000       992000     0.120879 1000000.000000    62
  16   20            0       528000     0.379620 1000000.000000     5
  16   21            0       732000     0.380619 1000000.000000     5
  16   22            0       636000     0.293706 1000000.000000    54
  16   23        13000       635000     0.036963 1000000.000000    23
  16   24            0       812000     0.421578 1000000.000000   124

  17    1        61000       750000     0.092907 1000000.000000    12
  17    2        72000       755000     0.014985 1000000.000000    13
  17    3         5000       863000     0.039960 1000000.000000    27
  17    4        80000       741000     0.108891 1000000.000000    21
  17    5        46000       742000     0.095904 1000000.000000    14
  17    6        20000       954000     0.227772 1000000.000000    53
  17    7       392000       955000     0.125874 1000000.000000    53
  17    8       425000       598000     0.004995 1000000.000000     4
  17    9            0      1000000     1.000000 1000000.000000     1
  17   10         9000      1000000     0.149850 1000000.000000    81
  17   11            0      1000000     1.000000 1000000.000000     1
  17   12       873000       993000     0.077922 1000000.000000    15
  17   13      1000000            0     0.000000 1000000.000000     0
  17   14      1000000            0     0.000000 1000000.000000     0
  17   15            0      1000000     1.000000 1000000.000000     1
  17   16            0      1000000     1.000000 1000000.000000     1
  17   17            0      1000000     1.000000 1000000.000000     1
  17   18            0      1000000     1.000000 1000000.000000     1
  17   19            0      1000000     1.000000 1000000.000000     1
  17   20            0       999000     0.432567 1000000.000000    28
  17   21            0       733000     0.412587 1000000.000000    26
  17   22        13000       641000     0.059940 1000000.000000    31
  17   23            0       636000     0.022977 1000000.000000    19
  17   24            0      1000000     1.000000 1000000.000000     1

  18    1        34000       750000     0.032967 1000000.000000    23
  18    2            0       755000     0.046953 1000000.000000    15
  18    3         1000       755000     0.147852 1000000.000000    21
  18    4        37000       833000     0.088911 1000000.000000     9
  18    5       247000       950000     0.278721 1000000.000000    28
  18    6        41000       997000     0.207792 1000000.000000    31
  18    7       361000      1000000     0.306693 1000000.000000    30
  18    8       362000      1000000     0.114885 1000000.000000    36
  18    9       359000      1000000     0.498501 1000000.000000    36
  18   10        77000      1000000     0.461538 1000000.000000    92
  18   11       359000      1000000     0.594406 1000000.000000    22
  18   12       373000      1000000     0.105894 1000000.000000    16
  18   13       882000       982000     0.016983 1000000.000000    14
  18   14      1000000            0     0.000000 1000000.000000     0
  18   15       857000       891000     0.003996 1000000.000000     4
  18   16            0      1000000     1.000000 1000000.000000     1
  18   17            0      1000000     1.000000 1000000.000000     1
  18   18            0      1000000     1.000000 1000000.000000     1
  18   19            0      1000000     1.000000 1000000.000000     1
  18   20            0      1000000     1.000000 1000000.000000     1
  18   21            0       993000     0.406593 1000000.000000    26
  18   22         9000       684000     0.094905 1000000.000000    55
  18   23            0       898000     0.154845 1000000.000000    81
  18   24       375000      1000000     0.309690 1000000.000000    34

  19    1            0       826000     0.154845 1000000.000000    37
  19    2            0       821000     0.236763 1000000.000000    55
  19    3            0       953000     0.322677 1000000.000000    71
  19    4            0       954000     0.494505 1000000.000000    42
  19    5        18000       996000     0.422577 1000000.000000    37
  19    6            0      1000000     0.373626 1000000.000000    64
  19    7        38000      1000000     0.382617 1000000.000000    45
  19    8         7000      1000000     0.131868 1000000.000000    27
  19    9            0      1000000     0.214785 1000000.000000    53
  19   10        77000       513000     0.017982 1000000.000000    13
  19   11       377000       736000     0.052947 1000000.000000    34
  19   12       961000       981000     0.002997 1000000.000000     2
  19   13      1000000            0     0.000000 1000000.000000     0
  19   14       961000       987000     0.006993 1000000.000000     5
  19   15      1000000            0     0.000000 1000000.000000     0
  19   16       441000       992000     0.120879 1000000.000000    62
  19   17            0      1000000     1.000000 1000000.000000     1
  19   18            0      1000000     1.000000 1000000.000000     1
  19   19            0      1000000     1.000000 1000000.000000     1
  19   20            0      1000000     1.000000 1000000.000000     1
  19   21            0      1000000     1.000000 1000000.000000     1
  19   22        12000       998000     0.215784 1000000.000000   114
  19   23            0       888000     0.053946 1000000.000000    43
  19   24            0       956000     0.371628 1000000.000000    64

  20    1         2000       953000     0.107892 1000000.000000    33
  20    2            0       953000     0.131868 1000000.000000    36
  20    3            0       954000     0.307692 1000000.000000    56
  20    4            0       953000     0.392607 1000000.000000    37
  20    5         1000       999000     0.345654 1000000.000000    41
  20    6         2000      1000000     0.252747 1000000.000000    41
  20    7        58000      1000000     0.306693 1000000.000000    33
  20    8       399000       864000     0.051948 1000000.000000    34
  20    9        79000       600000     0.012987 1000000.000000    10
  20   10       476000       968000     0.007992 1000000.000000     5
  20   11            0       498000     0.360639 1000000.000000     3
  20   12        73000       298000     0.001998 1000000.000000     2
  20   13      1000000            0     0.000000 1000000.000000     0
  20   14      1000000            0     0.000000 1000000.000000     0
  20   15            0       358000     0.063936 1000000.000000    13
  20   16            0       528000     0.379620 1000000.000000     5
  20   17            0       999000     0.432567 1000000.000000    28
  20   18            0      1000000     1.000000 1000000.000000     1
  20   19            0      1000000     1.000000 1000000.000000     1
  20   20            0      1000000     1.000000 1000000.000000     1
  20   21            0      1000000     1.000000 1000000.000000     1
  20   22            0      1000000     1.000000 1000000.000000     1
  20   23       105000       992000     0.033966 1000000.000000    28
  20   24            0       383000     0.360639 1000000.000000     3

  21    1         5000       953000     0.031968 1000000.000000    23
  21    2         1000       873000     0.046953 1000000.000000    25
  21    3            0       999000     0.227772 1000000.000000    42
  21    4        84000       999000     0.179820 1000000.000000    41
  21    5        21000       999000     0.081918 1000000.000000    46
  21    6       435000      1000000     0.043956 1000000.000000    13
  21    7       401000      1000000     0.208791 1000000.000000    46
  21    8       399000       691000     0.028971 1000000.000000    20
  21    9       415000       610000     0.003996 1000000.000000     3
  21   10       485000       691000     0.007992 1000000.000000     7
  21   11        73000       504000     0.003996 1000000.000000     4
  21   12      1000000            0     0.000000 1000000.000000     0
  21   13       321000       321000     0.000999 1000000.000000     1
  21   14       321000       321000     0.000999 1000000.000000     1
  21   15       301000       301000     0.000999 1000000.000000     1
  21   16            0       732000     0.380619 1000000.000000     5
  21   17            0       733000     0.412587 1000000.000000    26
  21   18            0       993000     0.406593 1000000.000000    26
  21   19            0      1000000     1.000000 1000000.000000     1
  21   20            0      1000000     1.000000 1000000.000000     1
  21   21            0      1000000     1.000000 1000000.000000     1
  21   22            0      1000000     1.000000 1000000.000000     1
  21   23            0      1000000     1.000000 1000000.000000     1
  21   24       504000       610000     0.001998 1000000.000000     2

  22    1         5000       996000     0.071928 1000000.000000    36
  22    2         1000       996000     0.077922 1000000.000000    32
  22    3            0       999000     0.234765 1000000.000000    55
  22    4       422000      1000000     0.193806 1000000.000000    48
  22    5        27000      1000000     0.099900 1000000.000000    39
  22    6       429000      1000000     0.055944 1000000.000000    13
  22    7       394000      1000000     0.058941 1000000.000000    21
  22    8       399000       647000     0.042957 1000000.000000    21
  22    9       600000       963000     0.001998 1000000.000000     2
  22   10       485000       665000     0.002997 1000000.000000     3
  22   11      1000000            0     0.000000 1000000.000000     0
  22   12      1000000            0     0.000000 1000000.000000     0
  22   13       268000       328000     0.004995 1000000.000000     4
  22   14        49000       328000     0.009990 1000000.000000    10
  22   15        98000       328000     0.008991 1000000.000000     5
  22   16            0       636000     0.293706 1000000.000000    54
  22   17        13000       641000     0.059940 1000000.000000    31
  22   18         9000       684000     0.094905 1000000.000000    55
  22   19        12000       998000     0.215784 1000000.000000   114
  22   20            0      1000000     1.000000 1000000.000000     1
  22   21            0      1000000     1.000000 1000000.000000     1
  22   22            0      1000000     1.000000 1000000.000000     1
  22   23            0      1000000     1.000000 1000000.000000     1
  22   24       568000       568000     0.000999 1000000.000000     1

  23    1         1000       996000     0.084915 1000000.000000    52
  23    2         1000       996000     0.071928 1000000.000000    44
  23    3            0       997000     0.216783 1000000.000000    58
  23    4       375000      1000000     0.088911 1000000.000000    40
  23    5       375000       991000     0.071928 1000000.000000    33
  23    6       436000       991000     0.046953 1000000.000000    12
  23    7       401000       997000     0.050949 1000000.000000    28
  23    8       420000       990000     0.021978 1000000.000000    10
  23    9       504000       505000     0.001998 1000000.000000     1
  23   10       482000       983000     0.004995 1000000.000000     5
  23   11       511000       636000     0.001998 1000000.000000     2
  23   12      1000000            0     0.000000 1000000.000000     0
  23   13        98000       568000     0.006993 1000000.000000     6
  23   14        97000       889000     0.009990 1000000.000000     8
  23   15        98000       511000     0.003996 1000000.000000     4
  23   16        13000       635000     0.036963 1000000.000000    23
  23   17            0       636000     0.022977 1000000.000000    19
  23   18            0       898000     0.154845 1000000.000000    81
  23   19            0       888000     0.053946 1000000.000000    43
  23   20       105000       992000     0.033966 1000000.000000    28
  23   21            0      1000000     1.000000 1000000.000000     1
  23   22            0      1000000     1.000000 1000000.000000     1
  23   23            0      1000000     1.000000 1000000.000000     1
  23   24       504000       636000     0.004995 1000000.000000     4

  24    1        62000       438000     0.089910 1000000.000000     4
  24    2        84000       750000     0.004995 1000000.000000     5
  24    3         6000       688000     0.102897 1000000.000000    13
  24    4         3000       667000     0.111888 1000000.000000    13
  24    5        18000       689000     0.086913 1000000.000000    30
  24    6            0       940000     0.224775 1000000.000000    54
  24    7        20000       954000     0.182817 1000000.000000    66
  24    8       225000       993000     0.134865 1000000.000000    56
  24    9            0      1000000     1.000000 1000000.000000     1
  24   10        77000       616000     0.033966 1000000.000000    26
  24   11            0      1000000     1.000000 1000000.000000     1
  24   12      1000000            0     0.000000 1000000.000000     0
  24   13      1000000            0     0.000000 1000000.000000     0
  24   14      1000000            0     0.000000 1000000.000000     0
  24   15       344000       656000     0.002997 1000000.000000     3
  24   16            0       812000     0.421578 1000000.000000   124
  24   17            0      1000000     1.000000 1000000.000000     1
  24   18       375000      1000000     0.309690 1000000.000000    34
  24   19            0       956000     0.371628 1000000.000000    64
  24   20            0       383000     0.360639 1000000.000000     3
  24   21       504000       610000     0.001998 1000000.000000     2
  24   22       568000       568000     0.000999 1000000.000000     1
  24   23       504000       636000     0.004995 1000000.000000     4
  24   24            0      1000000     1.000000 1000000.000000     1

