# time (ns)  RMSD_mdmat_previous RMSD_mdmat_total
   1.0000    0.1002    0.1002
   2.0000    0.0928    0.0857
   3.0000    0.1160    0.1252
   4.0000    0.0684    0.1465
   5.0000    0.0661    0.1642
   6.0000    0.0951    0.1573
   7.0000    0.0813    0.1560
   8.0000    0.1406    0.1589
   9.0000    0.1460    0.1840
  10.0000    0.0995    0.1884
  11.0000    0.0674    0.2035
  12.0000    0.1251    0.1941
  13.0000    0.1387    0.1920
  14.0000    0.1012    0.1858
  15.0000    0.1372    0.1906
  16.0000    0.1145    0.1592
  17.0000    0.1157    0.1295
  18.0000    0.1441    0.1830
  19.0000    0.0747    0.1767
  20.0000    0.1176    0.1896
  21.0000    0.1409    0.1964
  22.0000    0.1179    0.1849
  23.0000    0.0902    0.1902
  24.0000    0.0945    0.1721
  25.0000    0.1471    0.1285
  26.0000    0.1526    0.1828
  27.0000    0.1295    0.1909
  28.0000    0.1464    0.1854
  29.0000    0.1245    0.1847
  30.0000    0.1126    0.1818
  31.0000    0.1201    0.1408
  32.0000    0.0922    0.1547
  33.0000    0.0671    0.1422
  34.0000    0.0746    0.1332
  35.0000    0.0492    0.1332
  36.0000    0.0534    0.1333
  37.0000    0.0829    0.1362
  38.0000    0.0690    0.1482
  39.0000    0.0571    0.1354
  40.0000    0.0865    0.1234
  41.0000    0.0848    0.1408
  42.0000    0.0831    0.1363
  43.0000    0.0781    0.1368
  44.0000    0.0609    0.1303
  45.0000    0.0569    0.1383
  46.0000    0.0942    0.1571
  47.0000    0.0906    0.1332
  48.0000    0.0822    0.1501
  49.0000    0.0641    0.1378
  50.0000    0.0798    0.1407
  51.0000    0.0728    0.1441
  52.0000    0.1149    0.1438
  53.0000    0.0927    0.1394
  54.0000    0.0622    0.1363
  55.0000    0.0840    0.1353
  56.0000    0.0860    0.1494
  57.0000    0.0561    0.1389
  58.0000    0.1045    0.1734
  59.0000    0.1162    0.1938
  60.0000    0.0765    0.1825
  61.0000    0.1106    0.1568
  62.0000    0.0963    0.1453
  63.0000    0.1330    0.1602
  64.0000    0.0906    0.1567
  65.0000    0.0924    0.1571
  66.0000    0.0592    0.1446
  67.0000    0.0686    0.1528
  68.0000    0.1370    0.1439
  69.0000    0.1550    0.1460
  70.0000    0.1276    0.1544
  71.0000    0.1126    0.1427
  72.0000    0.0904    0.1535
  73.0000    0.0738    0.1552
  74.0000    0.0688    0.1517
  75.0000    0.1126    0.1278
  76.0000    0.1457    0.1593
  77.0000    0.1350    0.1551
  78.0000    0.1241    0.1874
  79.0000    0.1358    0.1524
  80.0000    0.0804    0.1705
  81.0000    0.0539    0.1625
  82.0000    0.0796    0.1727
  83.0000    0.1089    0.1436
  84.0000    0.1178    0.1711
  85.0000    0.1402    0.1842
  86.0000    0.0827    0.1555
  87.0000    0.0934    0.1393
  88.0000    0.1661    0.1766
  89.0000    0.1879    0.2162
  90.0000    0.0930    0.2122
  91.0000    0.1885    0.1479
  92.0000    0.1560    0.1834
  93.0000    0.1671    0.1620
  94.0000    0.0758    0.1599
  95.0000    0.1160    0.1565
  96.0000    0.1330    0.1584
  97.0000    0.0933    0.1608
  98.0000    0.0442    0.1682
  99.0000    0.0556    0.1655
 100.0000    0.0555    0.1557
 101.0000    0.0613    0.1655
 102.0000    0.0784    0.1742
 103.0000    0.1342    0.1688
 104.0000    0.1062    0.1753
 105.0000    0.1052    0.1507
 106.0000    0.0656    0.1473
 107.0000    0.0590    0.1395
 108.0000    0.1060    0.1535
 109.0000    0.0759    0.1573
 110.0000    0.1272    0.1436
 111.0000    0.1640    0.1697
 112.0000    0.1590    0.2082
 113.0000    0.0544    0.2081
 114.0000    0.1364    0.1992
 115.0000    0.1258    0.2019
 116.0000    0.0749    0.2085
 117.0000    0.0798    0.2099
 118.0000    0.1453    0.2003
 119.0000    0.0660    0.2008
 120.0000    0.1176    0.1953
 121.0000    0.0863    0.2038
 122.0000    0.0700    0.2050
 123.0000    0.0876    0.2062
 124.0000    0.0824    0.1987
 125.0000    0.0932    0.2037
 126.0000    0.1486    0.1721
 127.0000    0.0780    0.1751
 128.0000    0.0886    0.1944
 129.0000    0.1261    0.1904
 130.0000    0.0977    0.1609
 131.0000    0.1249    0.1327
 132.0000    0.1469    0.1562
 133.0000    0.1467    0.1718
 134.0000    0.0908    0.1629
 135.0000    0.0959    0.1754
 136.0000    0.1063    0.1784
 137.0000    0.0942    0.1443
 138.0000    0.0620    0.1499
 139.0000    0.0786    0.1566
 140.0000    0.0954    0.1629
 141.0000    0.0643    0.1616
 142.0000    0.0450    0.1519
 143.0000    0.0544    0.1492
 144.0000    0.0662    0.1545
 145.0000    0.0746    0.1588
 146.0000    0.0646    0.1818
 147.0000    0.1111    0.1636
 148.0000    0.0994    0.1756
 149.0000    0.0482    0.1692
 150.0000    0.0531    0.1782
 151.0000    0.0616    0.1627
 152.0000    0.0599    0.1805
 153.0000    0.0612    0.1681
 154.0000    0.0551    0.1697
 155.0000    0.0673    0.1722
 156.0000    0.0714    0.1597
 157.0000    0.0534    0.1723
 158.0000    0.0388    0.1735
 159.0000    0.0689    0.1493
 160.0000    0.0776    0.1536
 161.0000    0.1209    0.1781
 162.0000    0.0780    0.1632
 163.0000    0.0606    0.1660
 164.0000    0.0829    0.1519
 165.0000    0.0826    0.1591
 166.0000    0.0966    0.1718
 167.0000    0.0516    0.1743
 168.0000    0.0649    0.1873
 169.0000    0.0633    0.1706
 170.0000    0.0753    0.1701
 171.0000    0.0824    0.1618
 172.0000    0.0827    0.1685
 173.0000    0.0741    0.1504
 174.0000    0.0708    0.1613
 175.0000    0.0977    0.1711
 176.0000    0.0872    0.1663
 177.0000    0.0694    0.1672
 178.0000    0.0975    0.1590
 179.0000    0.1205    0.1863
 180.0000    0.0718    0.1675
 181.0000    0.0543    0.1666
 182.0000    0.0594    0.1637
 183.0000    0.0836    0.1536
 184.0000    0.0679    0.1568
 185.0000    0.0716    0.1478
 186.0000    0.0449    0.1551
 187.0000    0.0808    0.1505
 188.0000    0.0646    0.1589
 189.0000    0.0526    0.1598
 190.0000    0.0620    0.1664
 191.0000    0.0823    0.1501
 192.0000    0.0894    0.1686
 193.0000    0.0565    0.1539
 194.0000    0.1113    0.1669
 195.0000    0.0705    0.1772
 196.0000    0.0739    0.1633
 197.0000    0.0718    0.1643
 198.0000    0.0681    0.1627
 199.0000    0.0650    0.1705
 200.0000    0.0537    0.1604
 201.0000    0.0977    0.1512
 202.0000    0.0684    0.1565
 203.0000    0.0718    0.1502
 204.0000    0.0606    0.1586
 205.0000    0.0832    0.1674
 206.0000    0.0556    0.1667
 207.0000    0.0792    0.1537
 208.0000    0.0578    0.1602
 209.0000    0.0534    0.1671
 210.0000    0.0839    0.1551
 211.0000    0.0704    0.1556
 212.0000    0.0730    0.1554
 213.0000    0.0663    0.1550
 214.0000    0.0677    0.1503
 215.0000    0.0646    0.1514
 216.0000    0.0473    0.1480
 217.0000    0.0552    0.1514
 218.0000    0.0627    0.1524
 219.0000    0.0798    0.1551
 220.0000    0.0632    0.1558
 221.0000    0.0731    0.1605
 222.0000    0.1418    0.1548
 223.0000    0.0799    0.1556
 224.0000    0.1516    0.1763
 225.0000    0.1572    0.2075
 226.0000    0.1372    0.1737
 227.0000    0.1204    0.1622
 228.0000    0.0667    0.1540
 229.0000    0.0822    0.1644
 230.0000    0.1272    0.1600
 231.0000    0.0566    0.1562
 232.0000    0.0778    0.1558
 233.0000    0.0772    0.1573
 234.0000    0.0835    0.1668
 235.0000    0.0924    0.1732
 236.0000    0.0880    0.1466
 237.0000    0.0804    0.1414
 238.0000    0.0490    0.1388
 239.0000    0.0922    0.1472
 240.0000    0.0674    0.1412
 241.0000    0.0834    0.1371
 242.0000    0.1128    0.1401
 243.0000    0.0786    0.1474
 244.0000    0.0837    0.1459
 245.0000    0.0571    0.1437
 246.0000    0.0731    0.1390
 247.0000    0.1156    0.1614
 248.0000    0.0454    0.1642
 249.0000    0.0561    0.1715
 250.0000    0.0539    0.1594
 251.0000    0.0593    0.1675
 252.0000    0.0563    0.1621
 253.0000    0.0431    0.1646
 254.0000    0.0609    0.1591
 255.0000    0.0531    0.1596
 256.0000    0.0637    0.1618
 257.0000    0.0575    0.1629
 258.0000    0.0437    0.1617
 259.0000    0.0654    0.1674
 260.0000    0.0604    0.1576
 261.0000    0.0751    0.1633
 262.0000    0.0588    0.1688
 263.0000    0.0422    0.1720
 264.0000    0.0415    0.1701
 265.0000    0.0548    0.1715
 266.0000    0.0683    0.1721
 267.0000    0.0591    0.1636
 268.0000    0.0534    0.1677
 269.0000    0.0601    0.1712
 270.0000    0.0658    0.1650
 271.0000    0.0662    0.1644
 272.0000    0.0337    0.1627
 273.0000    0.0490    0.1679
 274.0000    0.0494    0.1589
 275.0000    0.0584    0.1719
 276.0000    0.0689    0.1632
 277.0000    0.0494    0.1675
 278.0000    0.0463    0.1627
 279.0000    0.0619    0.1626
 280.0000    0.0509    0.1668
 281.0000    0.0328    0.1638
 282.0000    0.0498    0.1645
 283.0000    0.0532    0.1634
 284.0000    0.0631    0.1667
 285.0000    0.0684    0.1630
 286.0000    0.0444    0.1671
 287.0000    0.0532    0.1555
 288.0000    0.0561    0.1676
 289.0000    0.0435    0.1648
 290.0000    0.0502    0.1675
 291.0000    0.0443    0.1685
 292.0000    0.0449    0.1580
 293.0000    0.0516    0.1620
 294.0000    0.0539    0.1654
 295.0000    0.0510    0.1597
 296.0000    0.0612    0.1663
 297.0000    0.0601    0.1622
 298.0000    0.0464    0.1635
 299.0000    0.0624    0.1614
 300.0000    0.0491    0.1599
 301.0000    0.0735    0.1704
 302.0000    0.0562    0.1587
 303.0000    0.0537    0.1724
 304.0000    0.0581    0.1717
 305.0000    0.0698    0.1643
 306.0000    0.0610    0.1537
 307.0000    0.0599    0.1581
 308.0000    0.0441    0.1616
 309.0000    0.0372    0.1599
 310.0000    0.0385    0.1662
 311.0000    0.0479    0.1666
 312.0000    0.0463    0.1694
 313.0000    0.0382    0.1766
 314.0000    0.0566    0.1766
 315.0000    0.0569    0.1707
 316.0000    0.0452    0.1692
 317.0000    0.0553    0.1762
 318.0000    0.0492    0.1706
 319.0000    0.0589    0.1594
 320.0000    0.0554    0.1688
 321.0000    0.0649    0.1678
 322.0000    0.0608    0.1656
 323.0000    0.0490    0.1626
 324.0000    0.1291    0.1578
 325.0000    0.0972    0.1831
 326.0000    0.1447    0.1892
 327.0000    0.0864    0.2113
 328.0000    0.1015    0.2204
 329.0000    0.1204    0.1916
 330.0000    0.0718    0.2103
 331.0000    0.0672    0.2016
 332.0000    0.0630    0.2000
 333.0000    0.0742    0.2070
 334.0000    0.0662    0.2104
 335.0000    0.0925    0.1900
 336.0000    0.0732    0.1982
 337.0000    0.0666    0.1995
 338.0000    0.0758    0.1989
 339.0000    0.0765    0.1991
 340.0000    0.0794    0.2080
 341.0000    0.1075    0.2145
 342.0000    0.0568    0.2199
 343.0000    0.0559    0.2155
 344.0000    0.0894    0.2135
 345.0000    0.0839    0.2150
 346.0000    0.0974    0.1979
 347.0000    0.0804    0.1981
 348.0000    0.0766    0.2012
 349.0000    0.0749    0.1915
 350.0000    0.0828    0.2006
 351.0000    0.1231    0.2056
 352.0000    0.1195    0.1943
 353.0000    0.0615    0.1966
 354.0000    0.0477    0.1970
 355.0000    0.0695    0.1841
 356.0000    0.0816    0.1986
 357.0000    0.0850    0.1937
 358.0000    0.0758    0.1942
 359.0000    0.0835    0.2110
 360.0000    0.0724    0.2140
 361.0000    0.1014    0.1800
 362.0000    0.0998    0.2137
 363.0000    0.0866    0.2081
 364.0000    0.0627    0.2099
 365.0000    0.0815    0.2180
 366.0000    0.0729    0.2126
 367.0000    0.0718    0.2130
 368.0000    0.0905    0.2125
 369.0000    0.0748    0.2126
 370.0000    0.0867    0.2185
 371.0000    0.0726    0.2101
 372.0000    0.1215    0.1842
 373.0000    0.0955    0.1965
 374.0000    0.0782    0.1922
 375.0000    0.0961    0.1988
 376.0000    0.0637    0.1857
 377.0000    0.0856    0.1835
 378.0000    0.0759    0.1873
 379.0000    0.0667    0.1863
 380.0000    0.0682    0.1880
 381.0000    0.0506    0.1913
 382.0000    0.0705    0.1972
 383.0000    0.0892    0.2068
 384.0000    0.0958    0.2254
 385.0000    0.0889    0.2132
 386.0000    0.1155    0.2051
 387.0000    0.1233    0.2107
 388.0000    0.0900    0.2234
 389.0000    0.0414    0.2238
 390.0000    0.0821    0.2314
 391.0000    0.0708    0.2271
 392.0000    0.0941    0.2218
 393.0000    0.0903    0.2436
 394.0000    0.1210    0.2392
 395.0000    0.1052    0.2333
 396.0000    0.0932    0.2339
 397.0000    0.0978    0.2317
 398.0000    0.1057    0.2333
 399.0000    0.1285    0.2508
 400.0000    0.0787    0.2519
 401.0000    0.1554    0.2431
 402.0000    0.0662    0.2450
 403.0000    0.1171    0.2529
 404.0000    0.0711    0.2469
 405.0000    0.0477    0.2502
 406.0000    0.0698    0.2475
 407.0000    0.0716    0.2438
 408.0000    0.0638    0.2435
 409.0000    0.0754    0.2463
 410.0000    0.0708    0.2413
 411.0000    0.0571    0.2427
 412.0000    0.0788    0.2436
 413.0000    0.0906    0.2468
 414.0000    0.0587    0.2474
 415.0000    0.0805    0.2507
 416.0000    0.0684    0.2487
 417.0000    0.0635    0.2445
 418.0000    0.0994    0.2477
 419.0000    0.1005    0.2496
 420.0000    0.0968    0.2474
 421.0000    0.1355    0.2539
 422.0000    0.1377    0.2380
 423.0000    0.1309    0.2632
 424.0000    0.0719    0.2570
 425.0000    0.0875    0.2612
 426.0000    0.0895    0.2590
 427.0000    0.0703    0.2635
 428.0000    0.0840    0.2601
 429.0000    0.0583    0.2649
 430.0000    0.0661    0.2616
 431.0000    0.0937    0.2629
 432.0000    0.0820    0.2506
 433.0000    0.0854    0.2584
 434.0000    0.1269    0.2609
 435.0000    0.1228    0.2680
 436.0000    0.1150    0.2697
 437.0000    0.0847    0.2753
 438.0000    0.1103    0.2719
 439.0000    0.1552    0.2525
 440.0000    0.1213    0.2676
 441.0000    0.1395    0.2781
 442.0000    0.1021    0.2711
 443.0000    0.1167    0.2813
 444.0000    0.0635    0.2841
 445.0000    0.1068    0.2774
 446.0000    0.1222    0.2757
 447.0000    0.1172    0.2694
 448.0000    0.1138    0.2604
 449.0000    0.0723    0.2688
 450.0000    0.0632    0.2570
 451.0000    0.1282    0.2461
 452.0000    0.0511    0.2478
 453.0000    0.0876    0.2339
 454.0000    0.0924    0.2500
 455.0000    0.0831    0.2405
 456.0000    0.0764    0.2359
 457.0000    0.0747    0.2396
 458.0000    0.1093    0.2541
 459.0000    0.0619    0.2459
 460.0000    0.0840    0.2556
 461.0000    0.0753    0.2472
 462.0000    0.1634    0.2442
 463.0000    0.1151    0.2456
 464.0000    0.1505    0.2570
 465.0000    0.0745    0.2577
 466.0000    0.0498    0.2541
 467.0000    0.0842    0.2584
 468.0000    0.0854    0.2547
 469.0000    0.0582    0.2464
 470.0000    0.0543    0.2509
 471.0000    0.0690    0.2477
 472.0000    0.0880    0.2383
 473.0000    0.0910    0.2492
 474.0000    0.1042    0.2579
 475.0000    0.1496    0.2519
 476.0000    0.1128    0.2470
 477.0000    0.0731    0.2509
 478.0000    0.0826    0.2448
 479.0000    0.1023    0.2461
 480.0000    0.0837    0.2455
 481.0000    0.0941    0.2472
 482.0000    0.0954    0.2461
 483.0000    0.1109    0.2507
 484.0000    0.0759    0.2472
 485.0000    0.1379    0.2686
 486.0000    0.1037    0.2484
 487.0000    0.1779    0.2620
 488.0000    0.1052    0.2524
 489.0000    0.1427    0.2475
 490.0000    0.0927    0.2522
 491.0000    0.1866    0.2661
 492.0000    0.0956    0.2607
 493.0000    0.1049    0.2752
 494.0000    0.1310    0.2663
 495.0000    0.1394    0.2551
 496.0000    0.1458    0.2377
 497.0000    0.1083    0.2503
 498.0000    0.0666    0.2501
 499.0000    0.1293    0.2420
 500.0000    0.1324    0.2510
 501.0000    0.0786    0.2537
 502.0000    0.0942    0.2388
 503.0000    0.0929    0.2445
 504.0000    0.1382    0.2549
 505.0000    0.0799    0.2566
 506.0000    0.1482    0.2476
 507.0000    0.1162    0.2464
 508.0000    0.0805    0.2560
 509.0000    0.1172    0.2555
 510.0000    0.0818    0.2518
 511.0000    0.1576    0.2448
 512.0000    0.1174    0.2398
 513.0000    0.1013    0.2487
 514.0000    0.0564    0.2538
 515.0000    0.0647    0.2537
 516.0000    0.0598    0.2597
 517.0000    0.0559    0.2581
 518.0000    0.0671    0.2567
 519.0000    0.0875    0.2458
 520.0000    0.0649    0.2509
 521.0000    0.0507    0.2496
 522.0000    0.0750    0.2631
 523.0000    0.1011    0.2535
 524.0000    0.0710    0.2536
 525.0000    0.0994    0.2406
 526.0000    0.0641    0.2391
 527.0000    0.1095    0.2525
 528.0000    0.1306    0.2262
 529.0000    0.1074    0.2502
 530.0000    0.0837    0.2678
 531.0000    0.0793    0.2559
 532.0000    0.0859    0.2619
 533.0000    0.1007    0.2460
 534.0000    0.0925    0.2370
 535.0000    0.0872    0.2368
 536.0000    0.0773    0.2472
 537.0000    0.0733    0.2596
 538.0000    0.0631    0.2567
 539.0000    0.0676    0.2550
 540.0000    0.1091    0.2435
 541.0000    0.1392    0.2507
 542.0000    0.1309    0.2488
 543.0000    0.1215    0.2648
 544.0000    0.1297    0.2563
 545.0000    0.1373    0.2331
 546.0000    0.1139    0.2551
 547.0000    0.0568    0.2531
 548.0000    0.0654    0.2594
 549.0000    0.0867    0.2623
 550.0000    0.0834    0.2570
 551.0000    0.0853    0.2549
 552.0000    0.0858    0.2578
 553.0000    0.0736    0.2521
 554.0000    0.0731    0.2657
 555.0000    0.0790    0.2547
 556.0000    0.0668    0.2555
 557.0000    0.0783    0.2575
 558.0000    0.0702    0.2546
 559.0000    0.1213    0.2637
 560.0000    0.1362    0.2657
 561.0000    0.1627    0.2721
 562.0000    0.0701    0.2612
 563.0000    0.1105    0.2529
 564.0000    0.0660    0.2530
 565.0000    0.1654    0.2116
 566.0000    0.1223    0.2297
 567.0000    0.1201    0.2294
 568.0000    0.1265    0.2315
 569.0000    0.1649    0.2207
 570.0000    0.0914    0.2192
 571.0000    0.0673    0.2201
 572.0000    0.1185    0.2341
 573.0000    0.0382    0.2295
 574.0000    0.0543    0.2319
 575.0000    0.0633    0.2365
 576.0000    0.0611    0.2327
 577.0000    0.0593    0.2307
 578.0000    0.0610    0.2421
 579.0000    0.0463    0.2374
 580.0000    0.0523    0.2338
 581.0000    0.0568    0.2291
 582.0000    0.0595    0.2371
 583.0000    0.0636    0.2321
 584.0000    0.0674    0.2372
 585.0000    0.0622    0.2250
 586.0000    0.0740    0.2403
 587.0000    0.0615    0.2324
 588.0000    0.0730    0.2355
 589.0000    0.1106    0.2203
 590.0000    0.0973    0.2241
 591.0000    0.0852    0.2286
 592.0000    0.1671    0.2572
 593.0000    0.0572    0.2627
 594.0000    0.1303    0.2339
 595.0000    0.1280    0.2472
 596.0000    0.0868    0.2532
 597.0000    0.0614    0.2513
 598.0000    0.1081    0.2522
 599.0000    0.1054    0.2444
 600.0000    0.1054    0.2614
 601.0000    0.1091    0.2563
 602.0000    0.1370    0.2289
 603.0000    0.1284    0.2458
 604.0000    0.0965    0.2327
 605.0000    0.1053    0.2485
 606.0000    0.0659    0.2416
 607.0000    0.1324    0.2415
 608.0000    0.1459    0.2485
 609.0000    0.1210    0.2353
 610.0000    0.0907    0.2491
 611.0000    0.0662    0.2473
 612.0000    0.0864    0.2395
 613.0000    0.1079    0.2463
 614.0000    0.1750    0.2298
 615.0000    0.1001    0.2233
 616.0000    0.0648    0.2279
 617.0000    0.1031    0.2236
 618.0000    0.0713    0.2335
 619.0000    0.1047    0.2534
 620.0000    0.1641    0.2333
 621.0000    0.1158    0.2317
 622.0000    0.0793    0.2238
 623.0000    0.0678    0.2201
 624.0000    0.1189    0.2416
 625.0000    0.0578    0.2392
 626.0000    0.0965    0.2521
 627.0000    0.1070    0.2448
 628.0000    0.1237    0.2301
 629.0000    0.1140    0.2503
 630.0000    0.1024    0.2658
 631.0000    0.1192    0.2447
 632.0000    0.1518    0.2446
 633.0000    0.0902    0.2546
 634.0000    0.0714    0.2410
 635.0000    0.1431    0.2361
 636.0000    0.0892    0.2367
 637.0000    0.0856    0.2426
 638.0000    0.1216    0.2388
 639.0000    0.0606    0.2407
 640.0000    0.1259    0.2391
 641.0000    0.0640    0.2351
 642.0000    0.0722    0.2434
 643.0000    0.0829    0.2290
 644.0000    0.1060    0.2462
 645.0000    0.0941    0.2401
 646.0000    0.0592    0.2353
 647.0000    0.1397    0.2698
 648.0000    0.1238    0.2630
 649.0000    0.0864    0.2557
 650.0000    0.1373    0.2626
 651.0000    0.1404    0.2535
 652.0000    0.0825    0.2538
 653.0000    0.0888    0.2603
 654.0000    0.0902    0.2615
 655.0000    0.1117    0.2548
 656.0000    0.1282    0.2573
 657.0000    0.1143    0.2559
 658.0000    0.0770    0.2599
 659.0000    0.1046    0.2487
 660.0000    0.1183    0.2585
 661.0000    0.1102    0.2588
 662.0000    0.1350    0.2651
 663.0000    0.1336    0.2639
 664.0000    0.1137    0.2743
 665.0000    0.1202    0.2739
 666.0000    0.0913    0.2628
 667.0000    0.0928    0.2793
 668.0000    0.1484    0.2736
 669.0000    0.1118    0.2565
 670.0000    0.1304    0.2274
 671.0000    0.1343    0.2548
 672.0000    0.0891    0.2582
 673.0000    0.1174    0.2595
 674.0000    0.0991    0.2689
 675.0000    0.0982    0.2793
 676.0000    0.1496    0.2553
 677.0000    0.0917    0.2409
 678.0000    0.1127    0.2460
 679.0000    0.1082    0.2414
 680.0000    0.1465    0.2194
 681.0000    0.1047    0.2127
 682.0000    0.0856    0.2103
 683.0000    0.1271    0.2402
 684.0000    0.1413    0.2563
 685.0000    0.1042    0.2407
 686.0000    0.1380    0.2594
 687.0000    0.1090    0.2500
 688.0000    0.1573    0.2259
 689.0000    0.1497    0.2383
 690.0000    0.1607    0.2143
 691.0000    0.0553    0.2178
 692.0000    0.1145    0.2008
 693.0000    0.1795    0.2673
 694.0000    0.1159    0.2489
 695.0000    0.0719    0.2552
 696.0000    0.0948    0.2568
 697.0000    0.0769    0.2486
 698.0000    0.0631    0.2423
 699.0000    0.0808    0.2448
 700.0000    0.0918    0.2493
 701.0000    0.0886    0.2634
 702.0000    0.0896    0.2516
 703.0000    0.0651    0.2482
 704.0000    0.0624    0.2401
 705.0000    0.1055    0.2620
 706.0000    0.0739    0.2676
 707.0000    0.1133    0.2501
 708.0000    0.0493    0.2471
 709.0000    0.0452    0.2505
 710.0000    0.0556    0.2474
 711.0000    0.0692    0.2557
 712.0000    0.0702    0.2546
 713.0000    0.1209    0.2582
 714.0000    0.1524    0.2711
 715.0000    0.1131    0.2587
 716.0000    0.1140    0.2572
 717.0000    0.0889    0.2523
 718.0000    0.1299    0.2262
 719.0000    0.1420    0.2449
 720.0000    0.0723    0.2467
 721.0000    0.1618    0.2610
 722.0000    0.1580    0.2478
 723.0000    0.1354    0.2566
 724.0000    0.0680    0.2555
 725.0000    0.0813    0.2557
 726.0000    0.0702    0.2526
 727.0000    0.0835    0.2439
 728.0000    0.0879    0.2370
 729.0000    0.0915    0.2306
 730.0000    0.1086    0.2315
 731.0000    0.0720    0.2448
 732.0000    0.0911    0.2397
 733.0000    0.1190    0.2095
 734.0000    0.1026    0.2438
 735.0000    0.0857    0.2436
 736.0000    0.0915    0.2440
 737.0000    0.1097    0.2448
 738.0000    0.1057    0.2479
 739.0000    0.1385    0.2581
 740.0000    0.1495    0.2509
 741.0000    0.1415    0.2334
 742.0000    0.1572    0.2214
 743.0000    0.1807    0.2511
 744.0000    0.1110    0.2617
 745.0000    0.1030    0.2445
 746.0000    0.1054    0.2628
 747.0000    0.1616    0.2458
 748.0000    0.1419    0.2643
 749.0000    0.1274    0.2519
 750.0000    0.1509    0.2387
 751.0000    0.1309    0.2170
 752.0000    0.0959    0.2375
 753.0000    0.0775    0.2326
 754.0000    0.0905    0.2167
 755.0000    0.0892    0.2165
 756.0000    0.1318    0.2226
 757.0000    0.0861    0.2143
 758.0000    0.1472    0.2314
 759.0000    0.0893    0.2430
 760.0000    0.0503    0.2391
 761.0000    0.0752    0.2457
 762.0000    0.0636    0.2446
 763.0000    0.0491    0.2534
 764.0000    0.1010    0.2524
 765.0000    0.0711    0.2609
 766.0000    0.0748    0.2647
 767.0000    0.1126    0.2619
 768.0000    0.1070    0.2643
 769.0000    0.0788    0.2572
 770.0000    0.0842    0.2637
 771.0000    0.0885    0.2627
 772.0000    0.1280    0.2540
 773.0000    0.0735    0.2652
 774.0000    0.0769    0.2631
 775.0000    0.0534    0.2639
 776.0000    0.0901    0.2533
 777.0000    0.0757    0.2638
 778.0000    0.0547    0.2603
 779.0000    0.0768    0.2660
 780.0000    0.0943    0.2623
 781.0000    0.0621    0.2636
 782.0000    0.0784    0.2604
 783.0000    0.0599    0.2615
 784.0000    0.0487    0.2565
 785.0000    0.0813    0.2614
 786.0000    0.1142    0.2511
 787.0000    0.0943    0.2675
 788.0000    0.0716    0.2573
 789.0000    0.0825    0.2647
 790.0000    0.0724    0.2600
 791.0000    0.0707    0.2504
 792.0000    0.0852    0.2679
 793.0000    0.0727    0.2590
 794.0000    0.0678    0.2509
 795.0000    0.0713    0.2479
 796.0000    0.0566    0.2479
 797.0000    0.0888    0.2575
 798.0000    0.0526    0.2613
 799.0000    0.0920    0.2619
 800.0000    0.0928    0.2633
 801.0000    0.0807    0.2530
 802.0000    0.0828    0.2616
 803.0000    0.0988    0.2506
 804.0000    0.0645    0.2537
 805.0000    0.0535    0.2564
 806.0000    0.0867    0.2489
 807.0000    0.0644    0.2501
 808.0000    0.0451    0.2515
 809.0000    0.0898    0.2440
 810.0000    0.0673    0.2547
 811.0000    0.0623    0.2490
 812.0000    0.0711    0.2541
 813.0000    0.0608    0.2473
 814.0000    0.0568    0.2462
 815.0000    0.1071    0.2508
 816.0000    0.1135    0.2389
 817.0000    0.0708    0.2410
 818.0000    0.0821    0.2449
 819.0000    0.0840    0.2482
 820.0000    0.0936    0.2513
 821.0000    0.1006    0.2424
 822.0000    0.0798    0.2550
 823.0000    0.0727    0.2562
 824.0000    0.0416    0.2600
 825.0000    0.1202    0.2356
 826.0000    0.1079    0.2483
 827.0000    0.0663    0.2555
 828.0000    0.1075    0.2317
 829.0000    0.0494    0.2355
 830.0000    0.1263    0.2549
 831.0000    0.0505    0.2496
 832.0000    0.0656    0.2574
 833.0000    0.1026    0.2470
 834.0000    0.0883    0.2550
 835.0000    0.0844    0.2501
 836.0000    0.1295    0.2568
 837.0000    0.0717    0.2551
 838.0000    0.0745    0.2537
 839.0000    0.0742    0.2606
 840.0000    0.0927    0.2457
 841.0000    0.0732    0.2443
 842.0000    0.0701    0.2593
 843.0000    0.0624    0.2664
 844.0000    0.0598    0.2609
 845.0000    0.0721    0.2659
 846.0000    0.0647    0.2624
 847.0000    0.0850    0.2641
 848.0000    0.1129    0.2602
 849.0000    0.0745    0.2697
 850.0000    0.0895    0.2630
 851.0000    0.0863    0.2614
 852.0000    0.0806    0.2603
 853.0000    0.0495    0.2642
 854.0000    0.0614    0.2663
 855.0000    0.0425    0.2588
 856.0000    0.0702    0.2649
 857.0000    0.0920    0.2696
 858.0000    0.1125    0.2588
 859.0000    0.0927    0.2551
 860.0000    0.1068    0.2649
 861.0000    0.0762    0.2697
 862.0000    0.0783    0.2615
 863.0000    0.1051    0.2647
 864.0000    0.1101    0.2632
 865.0000    0.0935    0.2618
 866.0000    0.0658    0.2701
 867.0000    0.1230    0.2658
 868.0000    0.1311    0.2643
 869.0000    0.0754    0.2579
 870.0000    0.0483    0.2573
 871.0000    0.0584    0.2581
 872.0000    0.0724    0.2584
 873.0000    0.0890    0.2562
 874.0000    0.1070    0.2486
 875.0000    0.0763    0.2482
 876.0000    0.0701    0.2516
 877.0000    0.1220    0.2517
 878.0000    0.0994    0.2425
 879.0000    0.0627    0.2436
 880.0000    0.0583    0.2504
 881.0000    0.0532    0.2450
 882.0000    0.0594    0.2489
 883.0000    0.0542    0.2503
 884.0000    0.0562    0.2465
 885.0000    0.0451    0.2456
 886.0000    0.0678    0.2403
 887.0000    0.0620    0.2432
 888.0000    0.0958    0.2461
 889.0000    0.0740    0.2553
 890.0000    0.1008    0.2468
 891.0000    0.0738    0.2506
 892.0000    0.0706    0.2490
 893.0000    0.0603    0.2396
 894.0000    0.0549    0.2435
 895.0000    0.0604    0.2517
 896.0000    0.0852    0.2386
 897.0000    0.0713    0.2494
 898.0000    0.0844    0.2370
 899.0000    0.0518    0.2436
 900.0000    0.0499    0.2515
 901.0000    0.0557    0.2403
 902.0000    0.0670    0.2453
 903.0000    0.0739    0.2471
 904.0000    0.0522    0.2481
 905.0000    0.0641    0.2592
 906.0000    0.0530    0.2461
 907.0000    0.0614    0.2554
 908.0000    0.0626    0.2480
 909.0000    0.0610    0.2475
 910.0000    0.0785    0.2494
 911.0000    0.0499    0.2446
 912.0000    0.0330    0.2421
 913.0000    0.0494    0.2527
 914.0000    0.0596    0.2442
 915.0000    0.0366    0.2465
 916.0000    0.0694    0.2531
 917.0000    0.0519    0.2442
 918.0000    0.0337    0.2453
 919.0000    0.0470    0.2522
 920.0000    0.0641    0.2497
 921.0000    0.0581    0.2530
 922.0000    0.0536    0.2433
 923.0000    0.0380    0.2437
 924.0000    0.0575    0.2478
 925.0000    0.0710    0.2460
 926.0000    0.0523    0.2438
 927.0000    0.0510    0.2445
 928.0000    0.0640    0.2465
 929.0000    0.0671    0.2456
 930.0000    0.0770    0.2476
 931.0000    0.0663    0.2488
 932.0000    0.0681    0.2402
 933.0000    0.0662    0.2428
 934.0000    0.0801    0.2420
 935.0000    0.0690    0.2492
 936.0000    0.0748    0.2391
 937.0000    0.0717    0.2526
 938.0000    0.0571    0.2465
 939.0000    0.0638    0.2469
 940.0000    0.0548    0.2419
 941.0000    0.0400    0.2424
 942.0000    0.0445    0.2428
 943.0000    0.0778    0.2391
 944.0000    0.0737    0.2489
 945.0000    0.0491    0.2420
 946.0000    0.0638    0.2482
 947.0000    0.0470    0.2433
 948.0000    0.0709    0.2478
 949.0000    0.0714    0.2483
 950.0000    0.0816    0.2330
 951.0000    0.0857    0.2346
 952.0000    0.0667    0.2388
 953.0000    0.0914    0.2421
 954.0000    0.0530    0.2490
 955.0000    0.1560    0.2532
 956.0000    0.0707    0.2485
 957.0000    0.1277    0.2747
 958.0000    0.0930    0.2708
 959.0000    0.0670    0.2690
 960.0000    0.0472    0.2763
 961.0000    0.1270    0.2698
 962.0000    0.0962    0.2788
 963.0000    0.1058    0.2693
 964.0000    0.1179    0.2703
 965.0000    0.0974    0.2509
 966.0000    0.1033    0.2714
 967.0000    0.1002    0.2875
 968.0000    0.0959    0.2723
 969.0000    0.0868    0.2814
 970.0000    0.0870    0.2868
 971.0000    0.0815    0.2859
 972.0000    0.0607    0.2829
 973.0000    0.0547    0.2805
 974.0000    0.0778    0.2887
 975.0000    0.0866    0.2761
 976.0000    0.0923    0.2824
 977.0000    0.0546    0.2845
 978.0000    0.0673    0.2909
 979.0000    0.0989    0.2891
 980.0000    0.0742    0.2900
 981.0000    0.0575    0.2852
 982.0000    0.0961    0.2952
 983.0000    0.0718    0.2892
 984.0000    0.0568    0.2932
 985.0000    0.0824    0.2893
 986.0000    0.0867    0.2840
 987.0000    0.0911    0.2989
 988.0000    0.0841    0.2877
 989.0000    0.0594    0.2919
 990.0000    0.0544    0.2887
 991.0000    0.0539    0.2843
 992.0000    0.0808    0.2837
 993.0000    0.1231    0.2594
 994.0000    0.1508    0.2789
 995.0000    0.0885    0.2795
 996.0000    0.1244    0.2780
 997.0000    0.0989    0.2804
 998.0000    0.0760    0.2795
 999.0000    0.0602    0.2769
1000.0000    0.0744    0.2829
