--------------------------------------------------------------------------------
S H A P E   v2.1         Continuous Shape Measures calculation
(c) 2013  Electronic Structure Group, Universitat de Barcelona
                   Contact:  llunell@ub.edu                   
--------------------------------------------------------------------------------

coordination ZF1 

HP-6            1 D6h   Hexagon                                            
PPY-6           2 C5v   Pentagonal pyramid                                 
OC-6            3 Oh    Octahedron                                         
TPR-6           4 D3h   Trigonal prism                                     
JPPY-6          5 C5v   Johnson pentagonal pyramid J2                      

Structure [ML6 ]         HP-6        PPY-6         OC-6        TPR-6       JPPY-6
 0              ,      31.250,      26.585,       1.230,      14.743,      28.990
 1000           ,      32.710,      27.908,       2.050,      15.650,      30.773
 2000           ,      30.486,      24.429,       2.241,      12.877,      26.358
 3000           ,      31.339,      25.686,       3.096,      14.990,      27.371
 4000           ,      32.600,      26.909,       1.183,      15.572,      29.999
 5000           ,      33.100,      28.023,       1.992,      17.411,      30.067
 6000           ,      32.772,      27.836,       1.296,      16.613,      30.495
 7000           ,      32.767,      28.098,       0.841,      16.698,      31.529
 8000           ,      31.592,      26.611,       1.517,      14.901,      29.538
 9000           ,      30.998,      27.877,       1.432,      15.648,      30.916
 10000          ,      33.174,      27.682,       1.384,      16.149,      32.177
 11000          ,      31.116,      25.573,       1.440,      15.140,      27.950
 12000          ,      33.220,      26.848,       1.300,      14.645,      30.846
 13000          ,      32.832,      25.277,       1.241,      14.364,      28.659
 14000          ,      33.382,      27.164,       1.599,      16.926,      30.109
 15000          ,      32.466,      26.275,       1.407,      15.845,      28.659
 16000          ,      32.617,      26.637,       1.052,      15.501,      29.677
 17000          ,      32.773,      25.469,       1.880,      13.463,      29.810
 18000          ,      32.632,      26.517,       1.274,      15.183,      31.368
 19000          ,      30.859,      26.210,       1.816,      16.570,      28.583
 20000          ,      32.501,      27.796,       1.594,      16.997,      30.634
 21000          ,      31.727,      27.102,       1.584,      15.830,      30.027
 22000          ,      31.637,      27.133,       1.395,      16.578,      29.859
 23000          ,      33.932,      24.408,       1.873,      13.368,      29.098
 24000          ,      31.319,      25.984,       1.324,      15.460,      29.072
 25000          ,      32.372,      26.761,       1.488,      13.283,      29.145
 26000          ,      31.526,      26.153,       1.582,      16.254,      29.193
 27000          ,      32.622,      27.270,       1.329,      15.037,      29.562
 28000          ,      32.304,      27.530,       1.166,      16.306,      30.235
 29000          ,      31.285,      27.745,       1.012,      15.815,      30.409
 30000          ,      32.953,      25.880,       1.577,      14.577,      30.918
 31000          ,      33.328,      27.628,       1.744,      16.063,      30.637
 32000          ,      33.125,      28.023,       1.575,      16.225,      31.386
 33000          ,      32.588,      26.595,       1.258,      14.124,      29.745
 34000          ,      30.942,      23.756,       2.224,      11.999,      25.870
 35000          ,      32.319,      27.055,       1.150,      15.058,      30.888
 36000          ,      32.843,      28.389,       1.013,      16.130,      31.582
 37000          ,      30.827,      27.013,       1.853,      15.868,      29.941
 38000          ,      31.655,      27.694,       1.281,      15.454,      30.247
 39000          ,      32.166,      25.592,       2.262,      15.744,      28.085
 40000          ,      31.700,      27.356,       1.302,      15.545,      29.798
 41000          ,      30.394,      27.444,       1.507,      16.019,      30.528
 42000          ,      32.518,      23.906,       1.541,      12.536,      28.826
 43000          ,      32.211,      26.225,       1.671,      13.947,      29.400
 44000          ,      32.200,      28.200,       1.569,      16.816,      30.849
 45000          ,      31.316,      25.660,       1.429,      15.034,      27.865
 46000          ,      31.068,      26.410,       1.362,      15.291,      28.989
 47000          ,      31.190,      26.414,       1.906,      13.923,      30.134
 48000          ,      32.695,      27.613,       2.035,      15.080,      30.179
 49000          ,      33.607,      26.673,       1.272,      15.822,      29.838
 50000          ,      32.569,      28.041,       1.075,      16.637,      31.798
 51000          ,      30.949,      27.886,       1.861,      14.796,      29.824
 52000          ,      31.222,      27.105,       1.559,      15.382,      29.226
 53000          ,      31.550,      27.574,       1.423,      15.551,      31.690
 54000          ,      32.876,      27.577,       1.192,      14.960,      30.206
 55000          ,      32.753,      28.057,       1.248,      16.533,      31.873
 56000          ,      32.436,      27.924,       1.562,      16.854,      31.169
 57000          ,      31.055,      26.076,       1.414,      14.090,      28.444
 58000          ,      33.048,      28.651,       1.308,      15.498,      31.551
 59000          ,      31.954,      27.321,       0.897,      16.197,      31.089
 60000          ,      31.572,      28.204,       1.236,      16.249,      31.308
 61000          ,      32.278,      25.263,       1.486,      12.844,      27.873
 62000          ,      33.296,      27.849,       1.427,      15.562,      30.377
 63000          ,      32.467,      27.767,       1.200,      15.042,      31.224
 64000          ,      33.011,      27.524,       1.662,      16.722,      30.851
 65000          ,      33.579,      27.788,       1.721,      15.661,      30.088
 66000          ,      32.380,      27.350,       1.450,      15.576,      30.218
 67000          ,      32.333,      28.079,       1.221,      16.355,      31.036
 68000          ,      30.312,      27.764,       1.198,      15.892,      30.439
 69000          ,      32.947,      25.238,       2.052,      13.888,      29.454
 70000          ,      32.730,      28.146,       2.299,      16.799,      30.331
 71000          ,      33.006,      26.995,       1.476,      16.191,      31.162
 72000          ,      32.531,      28.995,       1.384,      16.548,      32.001
 73000          ,      31.897,      26.139,       1.607,      13.527,      29.185
 74000          ,      32.060,      27.200,       1.389,      14.491,      30.236
 75000          ,      30.410,      27.514,       1.029,      16.200,      30.682
 76000          ,      31.739,      28.335,       1.069,      16.879,      31.126
 77000          ,      32.591,      27.760,       1.820,      15.044,      31.297
 78000          ,      33.096,      28.407,       1.014,      16.675,      31.216
 79000          ,      31.455,      27.184,       1.082,      14.886,      30.378
 80000          ,      33.093,      28.716,       1.107,      16.757,      31.892
 81000          ,      32.183,      26.434,       1.981,      15.675,      29.463
 82000          ,      32.757,      28.669,       1.378,      16.456,      31.359
 83000          ,      32.129,      28.797,       1.007,      16.605,      30.994
 84000          ,      32.645,      23.755,       2.044,      13.377,      27.991
 85000          ,      32.104,      25.980,       1.440,      14.537,      29.025
 86000          ,      32.814,      28.355,       1.384,      15.686,      31.670
 87000          ,      32.580,      28.222,       1.443,      15.596,      31.059
 88000          ,      32.381,      26.961,       1.325,      14.701,      29.905
 89000          ,      31.551,      26.160,       1.787,      14.640,      29.136
 90000          ,      33.476,      27.420,       1.866,      16.006,      29.987
 91000          ,      32.845,      26.628,       1.500,      14.451,      30.433
 92000          ,      31.507,      26.617,       1.722,      13.574,      29.264
 93000          ,      33.810,      28.217,       1.683,      16.139,      32.084
 94000          ,      33.018,      27.240,       1.247,      15.561,      31.930
 95000          ,      32.454,      26.773,       1.632,      14.389,      29.928
 96000          ,      32.831,      26.873,       1.666,      16.291,      29.682
 97000          ,      31.762,      24.558,       1.813,      14.056,      27.438
 98000          ,      32.577,      28.908,       1.655,      16.912,      31.948
 99000          ,      32.289,      27.937,       1.601,      17.361,      30.879
 100000         ,      32.865,      26.366,       1.889,      15.181,      30.491
 101000         ,      33.203,      27.493,       1.580,      14.473,      30.353
 102000         ,      31.881,      26.212,       1.647,      13.872,      29.094
 103000         ,      31.919,      27.099,       1.484,      15.014,      30.423
 104000         ,      32.289,      27.441,       0.863,      14.870,      30.753
 105000         ,      32.512,      27.865,       1.185,      16.226,      30.669
 106000         ,      31.632,      26.695,       1.259,      15.444,      29.479
 107000         ,      32.698,      27.816,       1.308,      16.292,      31.186
 108000         ,      32.235,      27.340,       1.552,      15.114,      29.464
 109000         ,      32.952,      27.922,       1.117,      15.646,      30.659
 110000         ,      32.913,      25.262,       1.468,      12.970,      29.050
 111000         ,      31.477,      27.407,       0.838,      14.917,      30.785
 112000         ,      32.370,      28.117,       1.463,      16.064,      30.048
 113000         ,      31.381,      28.221,       1.225,      16.063,      30.621
 114000         ,      32.113,      27.947,       0.944,      15.822,      30.231
 115000         ,      32.431,      27.579,       1.228,      15.440,      30.984
 116000         ,      32.158,      27.298,       1.421,      16.596,      30.402
 117000         ,      32.640,      28.146,       1.119,      15.161,      30.779
 118000         ,      31.941,      26.750,       1.277,      14.708,      29.584
 119000         ,      33.065,      28.631,       1.071,      16.188,      32.274
 120000         ,      33.753,      25.764,       2.561,      16.093,      28.233
 121000         ,      31.645,      28.350,       1.307,      15.586,      31.262
 122000         ,      31.303,      27.903,       1.795,      15.991,      30.857
 123000         ,      32.806,      28.843,       1.325,      17.165,      32.123
 124000         ,      32.779,      27.912,       1.099,      16.673,      30.742
 125000         ,      33.300,      25.072,       1.761,      13.744,      29.979
 126000         ,      32.534,      28.050,       1.230,      15.567,      31.479
 127000         ,      33.217,      26.129,       1.759,      13.595,      29.599
 128000         ,      32.891,      26.708,       1.657,      14.831,      31.094
 129000         ,      32.998,      25.931,       1.254,      14.677,      29.070
 130000         ,      29.913,      27.986,       1.113,      16.722,      30.772
 131000         ,      31.914,      27.760,       0.859,      16.272,      31.074
 132000         ,      32.310,      25.138,       1.571,      13.067,      28.347
 133000         ,      32.696,      27.695,       1.811,      15.496,      30.774
 134000         ,      32.389,      26.527,       1.525,      13.823,      30.002
 135000         ,      32.942,      27.064,       0.963,      14.681,      31.558
 136000         ,      31.984,      26.892,       1.783,      14.675,      30.082
 137000         ,      30.932,      27.156,       1.539,      14.299,      29.275
 138000         ,      31.121,      26.427,       2.017,      15.105,      29.254
 139000         ,      33.262,      27.026,       1.109,      14.892,      29.711
 140000         ,      29.293,      27.466,       1.868,      15.780,      29.526
 141000         ,      29.762,      27.724,       1.722,      16.119,      29.831
 142000         ,      31.851,      28.350,       1.329,      16.220,      30.947
 143000         ,      30.421,      26.238,       1.806,      13.782,      29.767
 144000         ,      33.711,      27.278,       1.722,      14.728,      30.602
 145000         ,      30.798,      25.265,       1.481,      15.080,      28.660
 146000         ,      32.896,      26.977,       1.184,      14.326,      30.396
 147000         ,      31.670,      27.211,       1.363,      13.476,      29.467
 148000         ,      31.628,      26.842,       1.059,      15.134,      29.657
 149000         ,      32.229,      25.394,       2.367,      12.570,      27.690
 150000         ,      32.811,      26.574,       2.082,      15.623,      29.611
 151000         ,      31.784,      24.876,       1.456,      14.454,      28.360
 152000         ,      31.068,      24.352,       1.898,      13.291,      26.562
 153000         ,      32.934,      28.139,       0.564,      15.468,      31.692
 154000         ,      33.433,      26.958,       1.783,      14.566,      29.897
 155000         ,      33.581,      27.184,       2.022,      15.156,      30.324
 156000         ,      31.934,      26.052,       1.302,      15.595,      28.693
 157000         ,      32.828,      27.511,       1.417,      16.039,      30.748
 158000         ,      31.631,      26.057,       2.034,      14.708,      28.758
 159000         ,      32.538,      25.623,       1.428,      14.895,      28.774
 160000         ,      32.226,      25.015,       1.535,      13.778,      29.615
 161000         ,      32.475,      26.217,       1.389,      13.931,      30.706
 162000         ,      33.324,      26.630,       1.712,      14.950,      30.252
 163000         ,      30.342,      26.511,       1.264,      14.674,      28.524
 164000         ,      33.338,      26.772,       1.618,      14.985,      29.895
 165000         ,      30.965,      26.266,       1.374,      13.680,      30.230
 166000         ,      33.218,      25.972,       1.199,      15.008,      29.310
 167000         ,      33.374,      29.103,       1.326,      16.158,      32.092
 168000         ,      32.758,      28.050,       1.044,      14.900,      30.992
 169000         ,      32.440,      26.602,       1.563,      14.628,      29.562
 170000         ,      32.814,      26.073,       1.651,      13.286,      29.853
 171000         ,      32.156,      28.694,       0.927,      15.585,      31.311
 172000         ,      33.131,      27.308,       1.850,      15.306,      29.808
 173000         ,      30.878,      26.916,       1.867,      14.947,      29.996
 174000         ,      33.014,      27.191,       2.105,      14.080,      30.586
 175000         ,      31.896,      26.869,       1.060,      15.163,      30.010
 176000         ,      30.599,      27.488,       1.312,      15.417,      29.971
 177000         ,      29.678,      25.058,       1.823,      15.175,      28.099
 178000         ,      32.521,      27.359,       1.659,      15.724,      29.634
 179000         ,      31.521,      27.392,       1.361,      16.036,      30.380
 180000         ,      30.863,      24.074,       1.671,      13.334,      27.116
 181000         ,      32.636,      25.112,       2.126,      14.501,      29.605
 182000         ,      32.502,      28.128,       2.189,      15.446,      30.505
 183000         ,      31.920,      26.753,       1.166,      14.763,      29.097
 184000         ,      32.863,      28.510,       0.984,      16.172,      32.405
 185000         ,      33.569,      27.589,       1.553,      15.692,      30.817
 186000         ,      32.741,      28.157,       1.185,      16.204,      31.060
 187000         ,      32.249,      25.625,       2.013,      12.999,      29.590
 188000         ,      33.255,      27.724,       1.750,      15.814,      30.480
 189000         ,      32.567,      27.219,       1.242,      15.691,      30.205
 190000         ,      33.432,      26.930,       1.367,      15.792,      30.222
 191000         ,      31.962,      26.994,       1.123,      14.845,      31.082
 192000         ,      32.553,      27.050,       2.194,      15.004,      30.252
 193000         ,      33.680,      27.212,       1.829,      16.556,      30.121
 194000         ,      33.288,      27.407,       1.728,      15.362,      30.429
 195000         ,      32.642,      27.857,       1.539,      15.580,      30.769
 196000         ,      31.868,      27.731,       1.254,      15.323,      31.802
 197000         ,      32.413,      25.151,       1.375,      14.673,      28.385
 198000         ,      32.313,      24.405,       1.984,      11.837,      28.842
 199000         ,      33.106,      27.195,       2.025,      15.626,      29.096
 200000         ,      32.244,      27.378,       1.187,      15.684,      30.942
 201000         ,      32.580,      27.812,       1.365,      15.511,      30.751
 202000         ,      32.535,      27.364,       1.622,      13.911,      31.130
 203000         ,      32.454,      29.133,       1.205,      16.258,      32.034
 204000         ,      32.520,      28.697,       1.113,      16.059,      31.499
 205000         ,      31.795,      27.860,       0.918,      16.207,      30.732
 206000         ,      30.688,      25.657,       1.677,      12.121,      28.085
 207000         ,      32.022,      27.485,       1.392,      16.206,      29.732
 208000         ,      31.263,      26.876,       1.569,      13.839,      29.105
 209000         ,      32.809,      27.298,       1.153,      14.370,      30.152
 210000         ,      32.502,      26.215,       1.812,      14.810,      31.013
 211000         ,      32.659,      27.137,       1.207,      16.029,      30.340
 212000         ,      32.047,      27.828,       1.486,      16.814,      31.180
 213000         ,      32.038,      26.293,       1.537,      13.491,      29.229
 214000         ,      31.698,      25.307,       2.211,      13.928,      28.492
 215000         ,      31.832,      24.140,       1.948,      13.830,      28.458
 216000         ,      30.940,      24.499,       1.375,      13.820,      29.035
 217000         ,      32.545,      26.291,       1.943,      14.017,      28.551
 218000         ,      33.195,      25.820,       1.322,      12.718,      29.150
 219000         ,      32.105,      27.152,       1.175,      15.053,      31.179
 220000         ,      32.010,      26.709,       1.735,      16.491,      29.875
 221000         ,      31.226,      26.110,       1.525,      14.195,      29.497
 222000         ,      33.296,      26.295,       1.908,      13.572,      30.746
 223000         ,      32.605,      26.376,       1.799,      14.049,      29.357
 224000         ,      32.485,      27.146,       1.863,      14.944,      29.587
 225000         ,      32.597,      26.670,       1.491,      15.767,      31.070
 226000         ,      32.394,      26.020,       2.064,      14.258,      30.608
 227000         ,      31.475,      28.006,       1.367,      16.729,      31.064
 228000         ,      31.593,      25.737,       1.535,      14.943,      28.563
 229000         ,      31.132,      26.707,       1.710,      16.655,      29.376
 230000         ,      33.835,      27.590,       2.143,      14.933,      30.778
 231000         ,      31.652,      24.379,       1.647,      12.333,      26.739
 232000         ,      31.992,      27.761,       1.477,      15.364,      30.563
 233000         ,      33.525,      28.060,       2.155,      16.769,      31.739
 234000         ,      31.729,      24.900,       2.817,      13.478,      29.222
 235000         ,      30.899,      26.782,       1.530,      13.570,      28.970
 236000         ,      31.933,      26.132,       1.395,      13.786,      28.955
 237000         ,      31.996,      27.423,       1.106,      15.685,      30.420
 238000         ,      29.248,      24.227,       1.925,      14.435,      27.153
 239000         ,      33.156,      24.899,       1.990,      12.196,      28.091
 240000         ,      28.968,      27.553,       2.211,      16.394,      29.034
 241000         ,      33.453,      28.693,       1.284,      16.452,      31.546
 242000         ,      34.189,      27.028,       2.013,      13.863,      30.593
 243000         ,      33.034,      26.545,       1.839,      14.833,      29.253
 244000         ,      33.525,      28.244,       1.275,      17.100,      32.100
 245000         ,      30.455,      24.969,       1.602,      14.069,      27.942
 246000         ,      32.872,      27.656,       1.526,      14.629,      29.891
 247000         ,      33.043,      27.853,       1.439,      14.856,      30.803
 248000         ,      32.110,      27.196,       1.463,      15.809,      30.189
 249000         ,      33.266,      26.152,       1.126,      14.103,      29.038
 250000         ,      30.151,      26.396,       2.068,      14.203,      29.366
 251000         ,      32.809,      29.001,       1.283,      17.376,      31.428
 252000         ,      33.863,      28.043,       2.059,      15.594,      31.038
 253000         ,      32.514,      26.954,       1.490,      16.203,      29.470
 254000         ,      33.564,      27.146,       1.893,      15.472,      30.872
 255000         ,      33.080,      27.826,       1.276,      15.415,      30.698
 256000         ,      32.502,      27.895,       1.226,      15.758,      31.521
 257000         ,      31.326,      26.306,       1.883,      14.521,      29.731
 258000         ,      34.064,      25.943,       2.488,      13.147,      29.015
 259000         ,      31.718,      26.160,       1.548,      15.060,      29.025
 260000         ,      32.706,      25.640,       1.739,      13.581,      29.906
 261000         ,      31.938,      25.091,       1.815,      13.277,      29.688
 262000         ,      33.672,      28.146,       1.461,      15.351,      31.492
 263000         ,      31.612,      26.757,       2.237,      15.470,      29.695
 264000         ,      32.194,      28.903,       1.673,      17.056,      31.603
 265000         ,      30.362,      25.883,       1.370,      14.903,      29.431
 266000         ,      32.678,      28.112,       1.111,      16.080,      31.335
 267000         ,      30.755,      25.927,       1.763,      15.145,      28.798
 268000         ,      33.408,      28.089,       1.308,      15.423,      30.650
 269000         ,      32.219,      27.792,       1.566,      15.700,      30.498
 270000         ,      33.122,      25.986,       2.308,      14.870,      30.536
 271000         ,      31.454,      26.143,       1.546,      15.666,      29.287
 272000         ,      33.109,      27.597,       1.964,      15.394,      31.532
 273000         ,      32.188,      27.780,       1.396,      15.857,      30.623
 274000         ,      31.267,      28.328,       1.420,      16.746,      30.729
 275000         ,      31.870,      26.897,       1.596,      14.709,      30.063
 276000         ,      31.591,      27.790,       1.442,      16.345,      30.406
 277000         ,      33.590,      24.606,       1.562,      14.115,      27.832
 278000         ,      31.648,      26.859,       2.456,      14.956,      30.205
 279000         ,      30.362,      26.528,       1.379,      15.680,      28.830
 280000         ,      32.414,      27.858,       1.397,      15.693,      30.667
 281000         ,      29.364,      25.728,       1.568,      13.656,      28.540
 282000         ,      33.486,      26.574,       1.654,      15.080,      30.700
 283000         ,      29.346,      26.674,       2.144,      16.548,      29.466
 284000         ,      31.263,      27.692,       1.793,      16.122,      30.269
 285000         ,      32.817,      28.090,       1.856,      16.117,      30.346
 286000         ,      32.511,      25.900,       1.634,      14.721,      28.932
 287000         ,      30.533,      26.923,       1.640,      15.524,      30.710
 288000         ,      31.752,      26.186,       1.341,      13.842,      29.440
 289000         ,      32.161,      28.465,       1.713,      16.034,      31.331
 290000         ,      33.454,      27.071,       1.374,      16.175,      30.320
 291000         ,      32.429,      26.567,       1.192,      14.688,      30.522
 292000         ,      31.485,      27.052,       1.522,      14.975,      30.000
 293000         ,      30.348,      25.462,       1.472,      14.217,      28.225
 294000         ,      31.481,      28.076,       1.346,      15.354,      31.173
 295000         ,      32.736,      26.238,       2.585,      14.201,      28.415
 296000         ,      31.376,      26.838,       1.829,      14.968,      30.462
 297000         ,      31.076,      27.687,       1.518,      15.468,      31.167
 298000         ,      32.575,      25.190,       1.417,      13.171,      28.575
 299000         ,      32.855,      28.445,       0.961,      16.865,      31.448
 300000         ,      32.486,      25.875,       1.484,      12.772,      29.476
 301000         ,      29.476,      26.356,       1.537,      16.137,      29.318
 302000         ,      33.184,      26.513,       1.473,      14.437,      29.047
 303000         ,      32.922,      26.709,       1.337,      15.065,      31.096
 304000         ,      32.619,      28.368,       1.460,      15.784,      31.428
 305000         ,      31.110,      25.328,       1.454,      14.343,      27.886
 306000         ,      32.867,      27.264,       1.457,      14.577,      30.429
 307000         ,      30.654,      27.558,       2.200,      15.962,      30.325
 308000         ,      31.467,      27.270,       1.815,      16.120,      29.793
 309000         ,      32.419,      27.531,       1.199,      15.671,      31.308
 310000         ,      32.895,      26.651,       1.114,      14.287,      30.974
 311000         ,      31.907,      26.001,       1.789,      13.165,      28.799
 312000         ,      31.861,      27.092,       1.201,      15.079,      29.461
 313000         ,      30.957,      27.687,       1.537,      15.278,      30.021
 314000         ,      32.384,      24.026,       3.476,      10.431,      26.670
 315000         ,      31.605,      26.128,       1.701,      14.066,      28.450
 316000         ,      30.130,      23.875,       2.035,      11.664,      25.807
 317000         ,      31.819,      25.656,       1.977,      14.874,      30.286
 318000         ,      32.957,      25.850,       1.682,      13.396,      29.919
 319000         ,      32.399,      27.544,       1.741,      15.720,      29.301
 320000         ,      32.083,      27.595,       1.055,      14.802,      31.177
 321000         ,      32.692,      26.958,       1.416,      14.715,      30.920
 322000         ,      32.031,      27.710,       1.399,      16.191,      31.294
 323000         ,      32.173,      27.184,       1.398,      15.105,      29.882
 324000         ,      31.210,      24.722,       1.368,      15.125,      27.303
 325000         ,      32.654,      28.431,       1.021,      16.201,      31.775
 326000         ,      31.566,      27.464,       1.705,      15.565,      30.142
 327000         ,      31.442,      27.215,       2.075,      15.544,      29.687
 328000         ,      32.158,      25.836,       1.582,      14.381,      29.061
 329000         ,      33.606,      27.886,       1.209,      15.115,      30.771
 330000         ,      32.617,      28.647,       0.931,      16.079,      31.180
 331000         ,      32.475,      27.123,       1.706,      14.421,      30.698
 332000         ,      31.971,      28.199,       0.787,      16.304,      31.074
 333000         ,      32.411,      26.895,       1.984,      16.293,      30.981
 334000         ,      33.337,      27.449,       2.140,      17.062,      30.584
 335000         ,      33.477,      27.243,       1.367,      15.639,      30.216
 336000         ,      32.147,      27.179,       1.570,      16.422,      31.034
 337000         ,      31.929,      25.915,       1.903,      15.192,      29.209
 338000         ,      32.064,      27.853,       1.623,      16.583,      31.102
 339000         ,      31.258,      26.946,       1.689,      15.801,      30.162
 340000         ,      32.057,      28.561,       1.429,      16.692,      30.982
 341000         ,      32.217,      27.200,       1.761,      15.097,      30.449
 342000         ,      32.352,      26.939,       1.600,      14.400,      29.597
 343000         ,      32.789,      28.296,       1.122,      16.152,      30.984
 344000         ,      32.923,      25.504,       1.806,      14.006,      28.725
 345000         ,      29.944,      23.508,       2.960,      12.672,      25.047
 346000         ,      31.006,      26.834,       2.178,      16.400,      28.413
 347000         ,      31.094,      27.020,       1.743,      15.700,      30.475
 348000         ,      31.377,      27.030,       2.193,      16.001,      29.780
 349000         ,      32.556,      27.444,       1.562,      15.282,      29.552
 350000         ,      32.484,      25.665,       1.610,      13.899,      28.870
 351000         ,      30.677,      27.385,       1.392,      16.171,      29.813
 352000         ,      31.676,      25.462,       2.127,      13.305,      27.605
 353000         ,      31.865,      25.689,       1.849,      13.531,      28.006
 354000         ,      32.459,      27.077,       1.015,      14.846,      30.195
 355000         ,      32.050,      27.181,       1.835,      13.694,      30.356
 356000         ,      30.838,      26.799,       0.967,      14.707,      29.586
 357000         ,      32.438,      26.522,       1.170,      15.161,      30.779
 358000         ,      33.058,      27.657,       1.868,      15.218,      29.626
 359000         ,      33.269,      27.208,       1.305,      15.605,      30.813
 360000         ,      31.436,      26.817,       1.922,      14.507,      29.462
 361000         ,      33.095,      26.842,       1.318,      14.829,      29.725
 362000         ,      32.532,      28.956,       1.657,      16.795,      31.094
 363000         ,      30.824,      26.254,       1.866,      13.376,      28.500
 364000         ,      32.587,      27.590,       1.256,      14.340,      30.688
 365000         ,      30.875,      27.646,       1.331,      14.655,      30.913
 366000         ,      32.791,      26.307,       1.490,      15.388,      29.239
 367000         ,      32.944,      28.625,       1.281,      16.739,      32.038
 368000         ,      29.672,      26.598,       1.750,      15.461,      28.313
 369000         ,      32.662,      24.869,       3.167,      13.424,      27.689
 370000         ,      30.128,      26.548,       1.768,      16.010,      28.622
 371000         ,      33.244,      27.467,       1.489,      15.364,      30.533
 372000         ,      33.143,      27.828,       1.167,      14.859,      30.600
 373000         ,      32.793,      27.423,       1.393,      15.284,      30.510
 374000         ,      33.242,      27.078,       1.407,      15.232,      29.584
 375000         ,      32.588,      27.364,       0.987,      14.151,      31.005
 376000         ,      31.736,      26.361,       1.668,      15.600,      29.792
 377000         ,      32.502,      27.330,       1.314,      14.581,      31.272
 378000         ,      32.688,      25.772,       1.532,      14.331,      28.673
 379000         ,      32.393,      24.969,       1.430,      13.435,      28.999
 380000         ,      30.854,      25.265,       1.744,      11.838,      28.689
 381000         ,      33.237,      27.185,       1.663,      15.699,      29.953
 382000         ,      30.054,      25.701,       2.019,      14.168,      28.791
 383000         ,      33.211,      27.506,       1.213,      15.288,      30.026
 384000         ,      29.471,      27.709,       1.462,      16.719,      29.669
 385000         ,      31.915,      27.712,       1.206,      14.632,      31.004
 386000         ,      32.475,      24.778,       2.260,      12.088,      29.122
 387000         ,      31.173,      25.967,       2.219,      12.156,      27.899
 388000         ,      32.022,      26.650,       1.230,      15.783,      29.276
 389000         ,      33.074,      27.116,       1.455,      15.684,      30.283
 390000         ,      31.289,      27.288,       1.433,      14.796,      30.276
 391000         ,      31.040,      25.908,       1.248,      15.874,      28.491
 392000         ,      31.880,      26.580,       1.278,      15.336,      28.987
 393000         ,      32.590,      27.620,       1.203,      14.933,      30.698
 394000         ,      30.280,      23.223,       2.534,      13.024,      27.688
 395000         ,      30.707,      27.474,       1.772,      15.345,      29.860
 396000         ,      33.190,      26.806,       1.234,      13.473,      30.482
 397000         ,      32.814,      26.595,       1.256,      15.498,      30.683
 398000         ,      32.628,      27.316,       1.500,      14.805,      30.584
 399000         ,      32.792,      28.830,       0.932,      16.699,      31.475
 400000         ,      32.464,      27.631,       1.512,      15.575,      30.690
 401000         ,      31.405,      28.302,       1.311,      15.405,      30.798
 402000         ,      31.794,      26.985,       1.224,      14.122,      29.550
 403000         ,      32.280,      27.134,       1.281,      14.335,      31.241
 404000         ,      32.520,      26.338,       1.509,      14.719,      29.416
 405000         ,      31.620,      27.963,       1.695,      16.495,      30.189
 406000         ,      32.873,      25.974,       1.688,      14.098,      29.580
 407000         ,      31.130,      26.427,       1.422,      16.012,      29.512
 408000         ,      32.219,      26.967,       1.365,      14.897,      29.784
 409000         ,      32.256,      26.418,       2.316,      14.044,      28.358
 410000         ,      33.571,      26.836,       1.442,      14.272,      30.180
 411000         ,      31.374,      24.560,       1.570,      14.370,      27.556
 412000         ,      32.372,      26.753,       1.253,      13.503,      29.876
 413000         ,      33.281,      27.279,       1.170,      16.098,      30.453
 414000         ,      28.765,      25.491,       1.646,      15.053,      28.003
 415000         ,      31.180,      27.527,       1.754,      16.510,      30.170
 416000         ,      31.527,      26.655,       1.623,      14.105,      29.220
 417000         ,      31.120,      26.637,       1.452,      14.648,      29.343
 418000         ,      32.373,      24.326,       1.734,      13.765,      28.981
 419000         ,      32.587,      28.323,       1.233,      15.126,      31.111
 420000         ,      31.887,      27.081,       1.300,      14.557,      29.832
 421000         ,      31.982,      27.053,       1.458,      15.606,      31.183
 422000         ,      32.269,      25.688,       1.634,      15.418,      27.990
 423000         ,      32.453,      26.655,       1.500,      14.616,      30.321
 424000         ,      32.582,      28.129,       1.018,      15.143,      31.043
 425000         ,      31.639,      26.784,       1.915,      13.930,      29.256
 426000         ,      32.945,      27.074,       1.557,      14.910,      29.789
 427000         ,      32.542,      26.275,       2.271,      13.607,      28.989
 428000         ,      32.249,      25.034,       1.915,      14.780,      29.652
 429000         ,      33.065,      27.806,       1.050,      15.036,      31.184
 430000         ,      33.578,      27.254,       1.152,      14.614,      29.820
 431000         ,      33.261,      27.687,       1.963,      15.467,      29.737
 432000         ,      32.184,      25.428,       1.795,      13.500,      28.932
 433000         ,      31.527,      26.354,       1.285,      15.219,      30.084
 434000         ,      31.173,      26.614,       1.262,      16.016,      29.670
 435000         ,      32.706,      28.534,       1.025,      16.254,      30.686
 436000         ,      32.663,      24.689,       1.828,      11.906,      29.212
 437000         ,      34.023,      27.985,       2.225,      15.272,      31.424
 438000         ,      31.481,      25.454,       1.722,      15.270,      29.543
 439000         ,      32.706,      27.838,       1.446,      16.094,      30.960
 440000         ,      32.792,      28.300,       1.545,      16.492,      31.387
 441000         ,      33.279,      26.362,       1.702,      13.278,      28.891
 442000         ,      32.115,      26.093,       1.847,      15.326,      30.061
 443000         ,      33.595,      27.209,       1.229,      15.698,      30.498
 444000         ,      31.769,      26.703,       1.130,      14.722,      31.135
 445000         ,      33.499,      27.088,       1.819,      15.288,      30.359
 446000         ,      32.739,      26.460,       1.215,      14.589,      29.159
 447000         ,      29.783,      26.686,       1.572,      15.818,      29.242
 448000         ,      30.611,      25.090,       1.822,      14.608,      28.670
 449000         ,      32.976,      26.685,       1.296,      14.736,      29.698
 450000         ,      30.673,      25.455,       1.581,      13.963,      28.131
 451000         ,      32.806,      27.141,       0.853,      14.998,      29.974
 452000         ,      32.752,      25.447,       1.887,      13.744,      28.046
 453000         ,      33.118,      27.573,       1.517,      15.518,      30.099
 454000         ,      31.336,      28.563,       1.423,      15.613,      30.537
 455000         ,      33.612,      25.852,       1.240,      14.739,      30.500
 456000         ,      32.017,      26.236,       1.009,      14.993,      29.577
 457000         ,      31.936,      28.272,       1.122,      15.222,      30.461
 458000         ,      32.247,      27.019,       2.310,      13.746,      28.937
 459000         ,      31.778,      28.022,       1.203,      16.426,      30.362
 460000         ,      33.238,      26.073,       1.406,      14.552,      29.196
 461000         ,      28.213,      25.638,       1.693,      16.293,      28.536
 462000         ,      33.031,      24.225,       1.607,      14.096,      27.501
 463000         ,      31.618,      26.268,       1.743,      15.329,      29.141
 464000         ,      32.884,      27.030,       2.221,      14.430,      30.340
 465000         ,      29.757,      27.913,       1.546,      16.138,      29.626
 466000         ,      31.350,      26.946,       1.637,      14.328,      29.720
 467000         ,      31.863,      27.361,       1.111,      15.606,      29.826
 468000         ,      29.214,      27.026,       1.874,      16.093,      30.459
 469000         ,      33.100,      27.777,       1.297,      14.769,      30.987
 470000         ,      31.015,      24.923,       1.698,      14.484,      28.092
 471000         ,      32.779,      28.802,       1.788,      16.632,      31.196
 472000         ,      30.234,      26.627,       1.913,      15.330,      29.550
 473000         ,      31.293,      26.383,       2.096,      13.987,      29.348
 474000         ,      32.932,      28.279,       1.629,      15.480,      31.030
 475000         ,      32.915,      26.709,       1.380,      15.378,      30.649
 476000         ,      33.102,      28.109,       1.574,      15.851,      31.373
 477000         ,      31.631,      27.758,       1.511,      17.238,      30.187
 478000         ,      30.891,      27.111,       1.158,      15.975,      29.951
 479000         ,      33.435,      25.873,       1.673,      14.626,      29.438
 480000         ,      32.057,      27.740,       1.323,      16.347,      30.394
 481000         ,      33.399,      28.129,       1.801,      16.104,      31.049
 482000         ,      33.035,      26.784,       1.488,      14.880,      30.099
 483000         ,      32.454,      26.201,       1.148,      13.926,      29.320
 484000         ,      31.233,      26.715,       2.468,      15.624,      28.983
 485000         ,      32.710,      28.433,       1.493,      16.255,      31.915
 486000         ,      32.670,      27.572,       1.509,      15.254,      31.204
 487000         ,      32.248,      27.036,       1.973,      14.336,      30.186
 488000         ,      33.670,      28.621,       1.387,      15.843,      31.826
 489000         ,      33.081,      27.739,       1.592,      15.105,      29.870
 490000         ,      31.856,      25.811,       1.726,      14.698,      28.810
 491000         ,      31.741,      24.540,       3.041,      10.737,      26.459
 492000         ,      32.588,      26.279,       1.443,      16.078,      29.837
 493000         ,      32.142,      25.549,       1.997,      15.342,      28.324
 494000         ,      30.405,      25.594,       2.350,      13.763,      28.284
 495000         ,      33.034,      27.320,       1.550,      14.311,      31.355
 496000         ,      33.556,      27.200,       1.565,      16.060,      30.566
 497000         ,      32.447,      27.330,       1.613,      15.011,      30.601
 498000         ,      30.530,      25.752,       1.506,      14.793,      28.521
 499000         ,      33.144,      25.856,       1.978,      14.365,      28.895
 500000         ,      30.698,      26.682,       1.607,      16.491,      30.037
 501000         ,      33.602,      25.624,       2.367,      14.558,      29.553
 502000         ,      31.894,      27.217,       1.717,      15.976,      30.417
 503000         ,      32.783,      26.823,       0.932,      15.564,      29.813
 504000         ,      33.313,      28.634,       1.457,      16.164,      31.521
 505000         ,      32.429,      26.785,       1.192,      13.901,      29.554
 506000         ,      32.987,      27.513,       1.482,      16.345,      29.967
 507000         ,      32.948,      27.714,       1.746,      15.487,      29.844
 508000         ,      29.951,      26.813,       1.455,      16.241,      29.641
 509000         ,      32.488,      26.715,       1.106,      15.208,      29.787
 510000         ,      32.136,      26.962,       1.358,      14.383,      30.895
 511000         ,      31.742,      25.288,       1.495,      14.680,      27.966
 512000         ,      29.780,      26.560,       1.138,      15.756,      29.345
 513000         ,      32.303,      26.439,       1.532,      13.433,      29.275
 514000         ,      31.679,      24.330,       1.607,      11.607,      27.740
 515000         ,      33.066,      25.659,       1.823,      12.286,      28.924
 516000         ,      31.224,      26.776,       1.294,      14.995,      30.239
 517000         ,      31.597,      26.012,       1.805,      14.668,      28.644
 518000         ,      31.891,      26.928,       1.038,      15.702,      30.327
 519000         ,      32.079,      27.346,       1.202,      15.406,      30.217
 520000         ,      33.730,      26.945,       1.221,      14.498,      31.213
 521000         ,      33.451,      26.532,       1.746,      15.275,      30.092
 522000         ,      32.607,      26.892,       1.459,      14.787,      31.393
 523000         ,      31.317,      27.103,       1.326,      15.239,      30.177
 524000         ,      31.857,      27.384,       1.403,      16.349,      30.642
 525000         ,      32.115,      27.797,       1.411,      15.655,      30.994
 526000         ,      33.623,      21.711,       2.000,      10.915,      26.149
 527000         ,      32.525,      23.403,       2.266,      11.985,      25.879
 528000         ,      32.126,      27.339,       1.939,      15.173,      29.515
 529000         ,      31.042,      27.648,       1.488,      15.894,      30.456
 530000         ,      32.661,      28.746,       0.985,      16.812,      31.941
 531000         ,      33.531,      28.212,       1.127,      15.717,      31.281
 532000         ,      31.835,      26.849,       1.384,      13.824,      29.309
 533000         ,      32.085,      25.941,       1.157,      13.798,      28.786
 534000         ,      31.871,      26.075,       1.517,      14.668,      28.837
 535000         ,      33.258,      27.516,       1.374,      15.675,      30.272
 536000         ,      30.627,      26.173,       1.288,      14.726,      29.490
 537000         ,      32.845,      28.031,       1.407,      16.129,      31.062
 538000         ,      31.623,      24.726,       2.553,      14.073,      27.805
 539000         ,      31.916,      27.059,       1.927,      15.259,      30.644
 540000         ,      32.147,      28.640,       1.303,      16.684,      31.797
 541000         ,      32.814,      25.510,       1.809,      14.201,      28.641
 542000         ,      28.861,      25.758,       1.927,      16.631,      28.248
 543000         ,      31.506,      26.544,       1.647,      15.743,      29.598
 544000         ,      30.676,      22.633,       2.003,      12.444,      26.008
 545000         ,      33.889,      26.478,       1.518,      15.129,      29.578
 546000         ,      31.652,      28.009,       1.522,      16.994,      31.438
 547000         ,      32.136,      26.191,       1.654,      13.616,      30.582
 548000         ,      32.369,      27.799,       1.364,      15.149,      30.892
 549000         ,      33.010,      25.429,       1.545,      14.137,      30.037
 550000         ,      32.957,      25.891,       1.593,      14.581,      29.324
 551000         ,      32.628,      24.866,       1.646,      14.817,      28.269
 552000         ,      32.434,      27.040,       1.276,      15.441,      30.881
 553000         ,      32.937,      27.638,       1.530,      15.542,      31.698
 554000         ,      32.897,      26.795,       1.510,      13.617,      29.197
 555000         ,      31.548,      27.161,       1.281,      15.821,      30.570
 556000         ,      31.962,      26.986,       0.815,      14.764,      31.057
 557000         ,      33.449,      27.707,       1.694,      15.252,      31.489
 558000         ,      30.090,      25.722,       1.456,      14.696,      29.441
 559000         ,      32.381,      26.945,       1.467,      15.938,      30.995
 560000         ,      33.237,      26.612,       1.137,      14.561,      30.767
 561000         ,      32.962,      27.602,       1.557,      15.711,      30.937
 562000         ,      31.070,      27.080,       1.557,      15.859,      30.621
 563000         ,      33.856,      24.135,       2.964,      13.158,      29.145
 564000         ,      32.704,      26.417,       1.389,      14.673,      29.753
 565000         ,      32.691,      27.168,       1.867,      14.681,      29.673
 566000         ,      30.534,      23.384,       2.150,      11.631,      26.442
 567000         ,      33.109,      27.138,       1.775,      15.453,      29.926
 568000         ,      31.734,      27.199,       1.139,      15.425,      31.403
 569000         ,      33.027,      24.572,       1.810,      13.874,      29.286
 570000         ,      33.215,      27.477,       1.503,      15.792,      29.974
 571000         ,      32.350,      26.778,       1.368,      15.673,      29.298
 572000         ,      32.957,      27.250,       1.159,      15.032,      31.560
 573000         ,      33.534,      27.275,       1.757,      14.805,      31.011
 574000         ,      32.653,      25.811,       1.383,      13.401,      29.009
 575000         ,      31.677,      25.362,       2.055,      14.833,      27.597
 576000         ,      33.285,      26.517,       1.485,      13.751,      30.795
 577000         ,      29.951,      25.456,       2.266,      15.756,      29.696
 578000         ,      33.086,      27.684,       1.521,      15.341,      30.302
 579000         ,      31.815,      28.117,       1.447,      16.180,      31.505
 580000         ,      31.822,      25.906,       2.065,      15.478,      29.846
 581000         ,      32.403,      28.140,       1.339,      15.329,      31.173
 582000         ,      31.405,      27.408,       1.079,      16.187,      31.303
 583000         ,      32.729,      27.958,       1.662,      14.964,      30.066
 584000         ,      32.545,      27.840,       1.541,      16.310,      30.686
 585000         ,      31.931,      25.967,       2.644,      16.448,      29.034
 586000         ,      30.599,      27.338,       1.793,      15.517,      30.155
 587000         ,      32.499,      27.014,       1.448,      14.029,      29.595
 588000         ,      30.958,      28.282,       1.863,      15.797,      30.086
 589000         ,      31.735,      27.631,       1.099,      16.079,      30.556
 590000         ,      30.846,      27.622,       1.823,      16.051,      30.178
 591000         ,      30.693,      26.138,       1.599,      14.927,      30.768
 592000         ,      30.479,      24.649,       2.149,      14.601,      27.533
 593000         ,      33.105,      27.158,       1.289,      14.143,      29.927
 594000         ,      33.112,      28.189,       1.733,      16.598,      31.943
 595000         ,      32.983,      27.593,       1.682,      15.735,      30.506
 596000         ,      31.610,      27.004,       1.421,      16.238,      29.428
 597000         ,      31.010,      25.984,       1.328,      14.852,      28.750
 598000         ,      31.664,      26.428,       1.589,      15.498,      29.460
 599000         ,      33.013,      28.168,       1.769,      16.079,      32.004
 600000         ,      32.872,      27.335,       1.733,      15.386,      29.744
 601000         ,      33.168,      28.270,       1.889,      16.343,      31.816
 602000         ,      32.611,      28.560,       1.364,      16.751,      31.836
 603000         ,      32.019,      27.818,       1.493,      16.232,      30.986
 604000         ,      31.865,      27.215,       1.520,      16.566,      30.672
 605000         ,      32.788,      28.028,       0.784,      16.347,      30.762
 606000         ,      32.371,      27.925,       1.560,      15.092,      30.900
 607000         ,      30.672,      27.162,       1.163,      15.325,      29.779
 608000         ,      32.553,      27.815,       1.816,      15.438,      30.359
 609000         ,      33.073,      25.632,       1.910,      12.991,      29.177
 610000         ,      33.405,      26.112,       1.832,      13.285,      29.174
 611000         ,      32.987,      28.170,       1.589,      16.945,      30.882
 612000         ,      31.711,      27.675,       1.214,      16.661,      30.850
 613000         ,      32.027,      27.229,       0.925,      15.214,      30.591
 614000         ,      32.317,      26.165,       1.684,      13.649,      30.371
 615000         ,      32.904,      26.916,       2.021,      16.328,      29.723
 616000         ,      32.549,      27.135,       1.258,      15.814,      30.881
 617000         ,      32.677,      24.040,       2.118,      13.201,      26.979
 618000         ,      33.352,      26.801,       1.744,      15.346,      31.340
 619000         ,      32.106,      27.620,       1.284,      16.109,      29.621
 620000         ,      32.446,      27.347,       1.220,      16.225,      30.252
 621000         ,      33.493,      27.699,       1.544,      15.077,      31.115
 622000         ,      32.101,      28.754,       1.396,      16.868,      30.983
 623000         ,      31.598,      27.068,       2.393,      15.875,      28.749
 624000         ,      32.032,      27.067,       1.436,      16.048,      30.363
 625000         ,      31.744,      25.060,       1.544,      14.949,      27.803
 626000         ,      32.648,      28.514,       1.347,      16.308,      31.993
 627000         ,      31.503,      25.528,       1.889,      13.537,      27.931
 628000         ,      31.526,      26.392,       1.414,      15.122,      28.907
 629000         ,      31.653,      26.537,       1.397,      14.449,      29.408
 630000         ,      31.878,      25.570,       1.434,      14.807,      28.551
 631000         ,      31.847,      27.355,       1.171,      15.365,      29.660
 632000         ,      30.655,      25.563,       1.167,      14.471,      28.585
 633000         ,      31.625,      25.817,       1.370,      14.085,      29.352
 634000         ,      32.312,      23.304,       3.033,      11.036,      26.087
 635000         ,      32.085,      27.524,       1.088,      16.202,      30.897
 636000         ,      32.884,      27.146,       1.568,      14.690,      29.146
 637000         ,      32.042,      27.521,       1.380,      16.704,      29.903
 638000         ,      33.134,      28.640,       1.790,      16.896,      31.083
 639000         ,      30.842,      27.417,       2.069,      16.890,      29.350
 640000         ,      32.883,      28.656,       1.731,      15.775,      30.880
 641000         ,      30.935,      27.418,       1.333,      15.659,      30.427
 642000         ,      32.499,      27.619,       1.240,      16.101,      30.086
 643000         ,      33.062,      26.216,       1.379,      14.652,      29.098
 644000         ,      32.662,      26.064,       1.876,      16.331,      29.000
 645000         ,      32.378,      25.199,       2.102,      13.170,      28.719
 646000         ,      33.143,      28.546,       1.333,      16.093,      31.473
 647000         ,      30.539,      26.990,       2.105,      16.280,      29.316
 648000         ,      33.008,      27.346,       1.502,      16.451,      30.016
 649000         ,      32.364,      28.293,       0.868,      15.566,      30.676
 650000         ,      33.191,      27.235,       1.454,      14.625,      30.033
 651000         ,      30.778,      27.369,       1.547,      16.015,      30.253
 652000         ,      32.910,      27.693,       1.003,      14.727,      30.583
 653000         ,      32.168,      27.434,       0.815,      15.202,      31.804
 654000         ,      30.925,      26.298,       1.980,      15.877,      28.730
 655000         ,      33.258,      23.664,       1.856,      13.187,      28.342
 656000         ,      32.692,      27.493,       1.282,      15.674,      30.071
 657000         ,      33.151,      27.706,       2.317,      15.096,      31.157
 658000         ,      31.983,      26.744,       1.284,      14.874,      29.798
 659000         ,      31.967,      26.642,       1.255,      15.650,      28.857
 660000         ,      32.620,      25.072,       1.810,      11.777,      27.710
 661000         ,      32.903,      28.015,       1.789,      15.685,      30.693
 662000         ,      30.643,      27.337,       1.171,      16.152,      30.012
 663000         ,      31.279,      27.812,       1.581,      15.182,      30.541
 664000         ,      33.157,      28.105,       1.618,      15.760,      31.016
 665000         ,      33.738,      27.896,       1.497,      15.819,      30.924
 666000         ,      32.588,      25.945,       1.988,      13.842,      28.194
 667000         ,      33.832,      23.038,       2.386,      10.696,      25.298
 668000         ,      31.878,      28.292,       0.784,      16.227,      30.705
 669000         ,      30.741,      25.776,       1.654,      14.606,      28.741
 670000         ,      31.037,      26.969,       1.410,      15.207,      29.614
 671000         ,      32.565,      25.931,       1.785,      14.277,      29.328
 672000         ,      31.701,      27.732,       1.301,      14.824,      30.283
 673000         ,      33.692,      27.048,       1.655,      13.935,      29.256
 674000         ,      32.784,      24.561,       1.507,      13.472,      29.796
 675000         ,      32.467,      28.217,       1.281,      16.108,      31.836
 676000         ,      33.169,      27.244,       0.852,      15.209,      29.925
 677000         ,      32.815,      26.303,       1.134,      13.867,      30.669
 678000         ,      32.350,      28.280,       0.977,      16.616,      31.108
 679000         ,      32.645,      26.726,       1.262,      15.107,      29.899
 680000         ,      32.467,      27.409,       1.149,      15.810,      30.559
 681000         ,      31.531,      26.608,       1.654,      14.770,      29.057
 682000         ,      31.789,      27.664,       0.997,      15.608,      30.419
 683000         ,      32.113,      25.934,       1.606,      13.511,      28.691
 684000         ,      32.567,      28.812,       1.295,      16.538,      31.137
 685000         ,      31.158,      24.202,       2.401,      13.461,      25.913
 686000         ,      33.412,      28.356,       1.216,      16.029,      32.389
 687000         ,      32.732,      26.813,       1.435,      15.327,      29.958
 688000         ,      32.801,      27.300,       1.619,      14.650,      30.528
 689000         ,      32.702,      27.349,       1.669,      15.908,      30.202
 690000         ,      33.058,      29.112,       1.153,      16.736,      31.925
 691000         ,      31.907,      26.465,       1.595,      14.864,      30.419
 692000         ,      32.809,      28.914,       0.772,      16.164,      32.008
 693000         ,      31.510,      25.760,       2.173,      14.534,      28.254
 694000         ,      32.636,      25.028,       1.301,      13.508,      28.595
 695000         ,      31.184,      27.098,       1.215,      15.395,      30.326
 696000         ,      32.655,      28.384,       1.055,      16.274,      31.585
 697000         ,      31.621,      24.662,       1.920,      12.226,      27.290
 698000         ,      33.086,      28.462,       0.846,      16.214,      32.458
 699000         ,      32.745,      27.364,       1.382,      14.780,      30.416
 700000         ,      32.361,      27.401,       1.446,      14.065,      29.643
 701000         ,      32.005,      28.399,       2.003,      16.265,      31.071
 702000         ,      32.514,      25.594,       1.849,      14.565,      28.801
 703000         ,      32.941,      26.002,       1.786,      12.175,      29.248
 704000         ,      33.026,      25.342,       1.885,      13.172,      29.258
 705000         ,      32.494,      26.175,       1.503,      13.324,      29.375
 706000         ,      32.340,      27.311,       1.633,      14.522,      30.825
 707000         ,      33.052,      28.133,       1.415,      17.143,      31.334
 708000         ,      31.991,      25.776,       1.552,      13.638,      29.411
 709000         ,      32.605,      25.703,       1.511,      12.501,      28.770
 710000         ,      32.633,      27.122,       1.726,      15.650,      30.327
 711000         ,      32.749,      27.239,       1.889,      15.811,      30.341
 712000         ,      32.233,      28.099,       1.969,      15.203,      29.887
 713000         ,      32.418,      26.259,       1.385,      14.097,      28.631
 714000         ,      32.038,      27.607,       0.974,      16.614,      30.991
 715000         ,      32.194,      27.947,       1.212,      15.171,      30.441
 716000         ,      31.732,      27.527,       1.357,      16.002,      29.697
 717000         ,      32.700,      25.638,       1.350,      13.441,      30.069
 718000         ,      33.142,      25.712,       1.656,      13.550,      28.266
 719000         ,      32.803,      25.760,       2.427,      13.468,      28.250
 720000         ,      31.396,      26.538,       1.675,      15.967,      29.662
 721000         ,      32.831,      26.864,       1.605,      14.142,      30.629
 722000         ,      32.004,      27.606,       1.167,      14.911,      31.083
 723000         ,      33.150,      26.630,       2.136,      14.766,      28.599
 724000         ,      29.979,      26.563,       1.624,      13.989,      28.589
 725000         ,      33.556,      25.131,       2.227,      13.316,      29.917
 726000         ,      32.616,      27.109,       1.209,      15.267,      29.397
 727000         ,      32.252,      28.272,       1.452,      16.189,      30.756
 728000         ,      33.933,      27.435,       2.089,      15.845,      31.317
 729000         ,      31.928,      24.848,       2.197,      13.819,      29.545
 730000         ,      33.515,      26.315,       1.537,      13.976,      29.364
 731000         ,      33.433,      27.016,       1.311,      15.446,      30.198
 732000         ,      33.559,      28.443,       1.680,      16.591,      31.370
 733000         ,      30.750,      26.223,       1.410,      15.575,      28.966
 734000         ,      30.518,      21.686,       2.864,       9.444,      26.130
 735000         ,      33.326,      27.509,       1.184,      15.161,      30.167
 736000         ,      33.012,      26.602,       1.303,      13.524,      29.301
 737000         ,      31.185,      24.265,       1.566,      13.916,      26.316
 738000         ,      32.751,      26.074,       1.196,      13.587,      29.844
 739000         ,      29.498,      26.546,       1.847,      15.750,      29.352
 740000         ,      33.209,      26.652,       1.204,      13.914,      30.643
 741000         ,      32.080,      26.750,       1.749,      15.648,      30.862
 742000         ,      32.807,      27.876,       1.482,      15.368,      31.152
 743000         ,      31.417,      27.187,       1.137,      15.483,      30.340
 744000         ,      32.958,      25.113,       1.465,      12.528,      29.648
 745000         ,      32.790,      26.672,       1.472,      15.070,      29.792
 746000         ,      31.801,      25.090,       2.272,      14.217,      27.849
 747000         ,      32.429,      26.509,       1.212,      14.307,      29.256
 748000         ,      32.777,      26.599,       1.115,      15.948,      29.395
 749000         ,      32.064,      27.007,       1.177,      14.954,      30.272
 750000         ,      32.398,      26.726,       1.048,      15.418,      30.258
 751000         ,      33.213,      26.071,       1.519,      14.591,      30.192
 752000         ,      32.168,      27.049,       1.403,      14.901,      30.411
 753000         ,      31.446,      26.173,       1.868,      15.011,      30.706
 754000         ,      33.611,      27.859,       1.177,      16.361,      31.114
 755000         ,      32.267,      25.192,       1.627,      13.297,      27.718
 756000         ,      31.434,      26.898,       1.019,      15.021,      29.135
 757000         ,      31.649,      26.183,       1.375,      13.838,      30.717
 758000         ,      31.761,      25.022,       2.139,      14.056,      29.898
 759000         ,      31.981,      26.814,       1.248,      14.863,      29.386
 760000         ,      32.448,      27.975,       1.507,      16.773,      30.940
 761000         ,      30.844,      27.885,       1.894,      16.438,      30.424
 762000         ,      33.017,      27.079,       1.640,      15.663,      30.700
 763000         ,      33.339,      28.000,       1.689,      15.547,      31.071
 764000         ,      31.883,      23.747,       1.663,      12.779,      27.055
 765000         ,      31.692,      27.576,       2.165,      16.334,      30.721
 766000         ,      29.798,      26.474,       1.295,      15.444,      28.605
 767000         ,      32.031,      27.662,       2.030,      17.085,      29.687
 768000         ,      32.570,      28.157,       1.251,      16.077,      30.895
 769000         ,      31.920,      25.716,       2.067,      15.521,      28.863
 770000         ,      33.194,      27.061,       1.643,      14.383,      30.560
 771000         ,      31.224,      25.473,       1.382,      14.955,      27.935
 772000         ,      30.603,      27.358,       1.402,      15.888,      30.401
 773000         ,      29.938,      26.886,       1.689,      16.999,      28.838
 774000         ,      31.861,      28.305,       2.227,      16.259,      30.650
 775000         ,      32.862,      28.277,       1.415,      16.394,      31.140
 776000         ,      31.756,      26.339,       1.828,      15.171,      29.206
 777000         ,      33.065,      27.362,       1.441,      15.319,      30.997
 778000         ,      32.573,      26.953,       1.216,      15.082,      29.929
 779000         ,      32.647,      27.519,       1.746,      15.408,      30.880
 780000         ,      32.048,      26.621,       2.629,      15.544,      29.064
 781000         ,      29.275,      27.169,       0.904,      15.449,      30.007
 782000         ,      33.016,      28.133,       1.108,      16.114,      30.597
 783000         ,      30.931,      25.079,       1.924,      14.088,      28.193
 784000         ,      32.158,      26.292,       1.260,      14.658,      30.204
 785000         ,      29.798,      26.838,       1.487,      16.375,      29.245
 786000         ,      30.442,      27.752,       0.989,      15.409,      30.778
 787000         ,      33.834,      28.131,       1.631,      16.912,      31.510
 788000         ,      32.109,      27.789,       1.445,      14.160,      30.793
 789000         ,      32.970,      23.682,       2.875,      11.624,      25.284
 790000         ,      32.660,      28.112,       1.464,      15.978,      31.199
 791000         ,      32.780,      28.176,       1.182,      15.318,      30.492
 792000         ,      30.242,      27.176,       1.114,      16.158,      29.961
 793000         ,      30.944,      27.771,       1.459,      16.134,      30.567
 794000         ,      31.620,      25.217,       1.650,      13.572,      28.826
 795000         ,      32.290,      27.486,       1.787,      16.403,      31.605
 796000         ,      32.138,      27.509,       1.260,      15.595,      30.070
 797000         ,      33.047,      24.044,       1.592,      11.974,      28.673
 798000         ,      31.101,      28.051,       1.660,      17.364,      30.517
 799000         ,      31.905,      27.224,       1.219,      15.677,      29.966
 800000         ,      30.607,      26.191,       1.481,      13.930,      30.745
 801000         ,      31.745,      26.185,       1.779,      14.499,      29.757
 802000         ,      30.793,      28.277,       1.610,      16.471,      30.021
 803000         ,      32.066,      27.084,       1.052,      14.501,      30.405
 804000         ,      31.379,      26.373,       1.644,      14.972,      28.743
 805000         ,      33.382,      26.656,       1.270,      15.595,      29.996
 806000         ,      31.235,      26.943,       1.472,      14.977,      29.488
 807000         ,      33.219,      26.277,       1.621,      12.704,      29.195
 808000         ,      33.240,      27.159,       2.206,      14.482,      30.717
 809000         ,      30.816,      26.694,       1.933,      15.525,      29.335
 810000         ,      31.797,      28.592,       1.133,      17.107,      31.065
 811000         ,      32.133,      27.899,       1.728,      16.285,      30.729
 812000         ,      33.972,      27.160,       1.867,      15.459,      30.353
 813000         ,      31.509,      27.943,       1.287,      16.845,      30.284
 814000         ,      32.342,      24.739,       2.550,      13.160,      29.379
 815000         ,      33.175,      28.557,       0.951,      15.551,      31.935
 816000         ,      32.238,      28.611,       1.368,      16.297,      30.814
 817000         ,      32.290,      28.178,       1.445,      16.607,      30.887
 818000         ,      33.124,      24.640,       2.132,      13.389,      27.721
 819000         ,      32.378,      27.059,       1.984,      15.224,      29.437
 820000         ,      32.426,      26.959,       1.315,      15.962,      31.327
 821000         ,      30.748,      25.256,       1.587,      15.122,      29.712
 822000         ,      32.584,      27.849,       1.608,      16.579,      30.985
 823000         ,      32.995,      26.444,       1.011,      15.500,      29.444
 824000         ,      32.137,      27.410,       1.802,      16.910,      29.552
 825000         ,      32.793,      25.161,       1.564,      12.873,      28.351
 826000         ,      33.024,      28.250,       1.251,      15.874,      31.488
 827000         ,      32.444,      26.906,       1.475,      16.307,      29.653
 828000         ,      31.538,      27.824,       0.975,      15.341,      30.863
 829000         ,      31.970,      25.711,       1.463,      15.166,      28.399
 830000         ,      32.579,      27.505,       1.395,      15.044,      30.249
 831000         ,      31.876,      27.688,       1.051,      15.864,      30.675
 832000         ,      32.785,      28.908,       1.530,      16.912,      32.109
 833000         ,      32.764,      28.273,       1.562,      16.077,      31.045
 834000         ,      32.658,      26.441,       1.281,      15.957,      30.280
 835000         ,      33.056,      25.992,       1.405,      14.273,      29.335
 836000         ,      33.138,      26.606,       1.831,      14.915,      28.960
 837000         ,      32.815,      28.236,       0.988,      15.324,      31.275
 838000         ,      32.790,      23.982,       3.140,      13.372,      25.947
 839000         ,      32.693,      28.344,       1.515,      16.667,      30.797
 840000         ,      32.621,      25.668,       1.932,      12.380,      29.061
 841000         ,      31.536,      26.814,       1.343,      16.186,      30.221
 842000         ,      32.285,      28.402,       1.450,      16.767,      31.329
 843000         ,      30.825,      27.126,       1.728,      15.362,      29.650
 844000         ,      30.287,      25.981,       1.697,      14.017,      30.213
 845000         ,      33.497,      27.578,       1.414,      15.761,      31.243
 846000         ,      32.023,      27.590,       1.665,      16.118,      30.580
 847000         ,      32.547,      27.747,       1.386,      16.519,      30.498
 848000         ,      32.932,      27.964,       1.413,      16.020,      31.748
 849000         ,      32.854,      26.671,       1.736,      15.677,      30.205
 850000         ,      31.627,      26.941,       1.186,      14.681,      30.258
 851000         ,      32.976,      25.778,       2.061,      13.756,      30.465
 852000         ,      33.500,      28.157,       1.160,      16.190,      32.556
 853000         ,      33.316,      26.234,       1.795,      13.743,      29.728
 854000         ,      33.910,      26.833,       2.166,      15.452,      31.477
 855000         ,      30.596,      26.914,       1.597,      15.726,      29.583
 856000         ,      33.561,      28.560,       1.607,      16.149,      31.033
 857000         ,      30.115,      24.847,       1.728,      13.562,      28.635
 858000         ,      32.813,      26.833,       1.188,      14.329,      30.536
 859000         ,      30.689,      27.376,       1.118,      15.327,      30.873
 860000         ,      32.058,      26.256,       1.113,      15.454,      29.280
 861000         ,      32.936,      27.196,       1.850,      16.656,      30.166
 862000         ,      31.443,      27.218,       1.926,      15.602,      30.049
 863000         ,      31.219,      27.089,       1.417,      15.986,      30.344
 864000         ,      31.981,      27.019,       1.479,      17.007,      30.553
 865000         ,      30.539,      27.479,       1.792,      15.870,      29.276
 866000         ,      32.008,      27.409,       1.589,      14.701,      29.618
 867000         ,      32.159,      27.524,       1.235,      15.824,      29.589
 868000         ,      33.536,      27.658,       1.792,      15.493,      30.403
 869000         ,      31.849,      26.781,       2.008,      16.022,      30.443
 870000         ,      30.916,      27.352,       1.206,      15.722,      30.984
 871000         ,      33.077,      28.136,       1.092,      15.118,      31.346
 872000         ,      32.209,      27.298,       1.438,      15.823,      30.099
 873000         ,      32.694,      27.718,       1.777,      17.421,      31.241
 874000         ,      31.068,      27.605,       1.565,      16.834,      30.478
 875000         ,      31.480,      27.953,       1.268,      16.424,      30.211
 876000         ,      31.936,      27.421,       1.553,      14.074,      29.584
 877000         ,      32.119,      27.672,       1.668,      16.049,      31.775
 878000         ,      31.021,      25.686,       1.537,      16.092,      28.321
 879000         ,      29.294,      26.286,       1.495,      14.824,      28.539
 880000         ,      30.996,      26.967,       1.535,      14.252,      28.978
 881000         ,      30.561,      27.919,       1.756,      16.313,      30.064
 882000         ,      34.023,      24.193,       2.540,      12.228,      27.248
 883000         ,      32.940,      26.170,       1.430,      13.531,      30.587
 884000         ,      32.988,      27.051,       2.391,      15.862,      30.330
 885000         ,      33.317,      27.395,       1.142,      14.405,      30.755
 886000         ,      30.161,      28.079,       0.904,      15.455,      30.633
 887000         ,      30.360,      24.314,       2.051,      12.006,      26.996
 888000         ,      32.647,      27.872,       0.995,      15.930,      31.952
 889000         ,      31.766,      25.480,       1.677,      12.076,      28.223
 890000         ,      32.919,      24.959,       2.250,      13.078,      27.793
 891000         ,      32.739,      26.476,       1.682,      14.059,      29.790
 892000         ,      32.283,      27.199,       1.233,      15.807,      30.167
 893000         ,      33.341,      26.284,       1.641,      13.235,      28.984
 894000         ,      31.657,      24.739,       2.170,      14.085,      27.830
 895000         ,      31.692,      26.456,       1.890,      12.999,      29.397
 896000         ,      32.720,      26.678,       1.544,      13.911,      30.617
 897000         ,      31.726,      27.919,       1.408,      16.414,      30.821
 898000         ,      31.894,      26.110,       1.673,      13.995,      29.777
 899000         ,      30.122,      23.061,       1.941,      13.759,      25.966
 900000         ,      32.249,      28.081,       1.663,      15.467,      31.052
 901000         ,      31.335,      28.129,       1.156,      16.833,      31.277
 902000         ,      32.589,      27.523,       2.202,      16.206,      29.874
 903000         ,      31.305,      27.087,       1.788,      15.833,      30.182
 904000         ,      30.701,      26.052,       1.820,      15.796,      30.434
 905000         ,      33.140,      28.181,       1.140,      15.514,      31.242
 906000         ,      31.811,      27.527,       1.684,      17.092,      30.953
 907000         ,      32.478,      25.758,       2.041,      12.645,      29.039
 908000         ,      31.936,      28.247,       1.441,      16.296,      30.794
 909000         ,      32.171,      28.033,       1.753,      16.238,      31.262
 910000         ,      32.659,      27.068,       1.245,      15.223,      30.184
 911000         ,      33.091,      25.680,       1.986,      14.085,      29.344
 912000         ,      31.558,      26.575,       1.178,      14.796,      30.624
 913000         ,      33.210,      26.647,       1.424,      14.138,      30.560
 914000         ,      30.973,      26.742,       1.510,      14.177,      29.820
 915000         ,      31.399,      25.639,       1.486,      14.468,      30.358
 916000         ,      32.166,      28.124,       1.921,      15.823,      29.966
 917000         ,      32.823,      28.218,       0.808,      15.117,      30.848
 918000         ,      32.140,      27.476,       1.443,      15.218,      30.926
 919000         ,      31.400,      26.281,       1.866,      13.941,      30.731
 920000         ,      33.477,      26.780,       1.545,      15.684,      29.519
 921000         ,      32.488,      25.628,       1.844,      14.661,      28.708
 922000         ,      32.343,      27.704,       1.258,      16.283,      30.400
 923000         ,      30.817,      26.601,       1.371,      14.576,      29.625
 924000         ,      33.616,      27.256,       1.417,      15.833,      31.295
 925000         ,      31.490,      23.718,       1.698,      12.081,      27.020
 926000         ,      32.699,      26.639,       1.785,      15.085,      30.522
 927000         ,      33.006,      27.937,       1.550,      16.706,      30.374
 928000         ,      32.070,      28.007,       1.350,      16.197,      30.975
 929000         ,      31.910,      26.529,       1.077,      15.237,      28.941
 930000         ,      32.270,      27.696,       2.278,      15.691,      30.786
 931000         ,      32.517,      26.755,       1.381,      15.774,      30.859
 932000         ,      32.777,      28.312,       1.791,      16.214,      31.454
 933000         ,      33.420,      26.401,       1.549,      15.197,      30.012
 934000         ,      32.310,      28.404,       1.561,      16.861,      31.282
 935000         ,      32.655,      28.077,       1.377,      15.919,      31.270
 936000         ,      31.608,      25.790,       1.370,      15.883,      28.415
 937000         ,      31.725,      25.858,       1.362,      13.529,      28.809
 938000         ,      31.877,      27.415,       1.257,      15.603,      29.947
 939000         ,      32.626,      27.165,       1.372,      15.296,      30.597
 940000         ,      32.009,      27.119,       1.514,      14.749,      30.187
 941000         ,      31.088,      25.541,       1.700,      15.039,      29.984
 942000         ,      33.252,      28.106,       1.803,      15.552,      31.011
 943000         ,      32.209,      26.677,       1.283,      15.391,      29.964
 944000         ,      32.134,      27.633,       1.852,      16.276,      30.782
 945000         ,      30.987,      26.502,       1.733,      15.387,      29.466
 946000         ,      30.797,      26.328,       1.594,      14.881,      29.316
 947000         ,      32.511,      27.065,       1.583,      15.827,      30.246
 948000         ,      32.920,      26.865,       1.468,      15.619,      30.996
 949000         ,      32.257,      26.837,       1.388,      14.517,      29.361
 950000         ,      31.514,      25.486,       1.916,      14.082,      28.671
 951000         ,      30.927,      26.758,       1.579,      14.941,      29.650
 952000         ,      31.634,      27.570,       2.088,      15.781,      30.400
 953000         ,      31.396,      26.079,       1.682,      12.730,      28.579
 954000         ,      31.710,      26.934,       1.810,      14.193,      29.666
 955000         ,      32.216,      26.092,       1.643,      14.561,      28.177
 956000         ,      33.026,      27.521,       2.008,      16.468,      31.240
 957000         ,      32.815,      26.607,       1.453,      13.854,      29.718
 958000         ,      32.025,      26.893,       1.444,      15.771,      29.575
 959000         ,      31.769,      25.755,       1.323,      13.895,      30.687
 960000         ,      31.541,      28.369,       1.311,      16.886,      30.513
 961000         ,      31.068,      23.818,       1.873,      11.427,      26.819
 962000         ,      34.239,      27.058,       2.256,      14.317,      30.661
 963000         ,      33.053,      25.707,       2.033,      13.419,      28.405
 964000         ,      32.871,      26.926,       0.868,      14.681,      30.429
 965000         ,      32.205,      28.350,       1.205,      15.822,      30.239
 966000         ,      29.459,      25.665,       1.503,      15.322,      28.444
 967000         ,      32.389,      25.609,       1.777,      12.794,      29.025
 968000         ,      32.155,      26.550,       1.283,      15.033,      29.880
 969000         ,      32.219,      27.529,       1.152,      16.330,      29.836
 970000         ,      31.557,      28.557,       1.110,      16.252,      31.081
 971000         ,      32.917,      27.877,       1.263,      16.447,      31.536
 972000         ,      32.365,      27.150,       1.483,      15.782,      30.266
 973000         ,      30.676,      24.346,       1.655,      14.099,      27.469
 974000         ,      32.520,      26.431,       1.361,      14.826,      29.252
 975000         ,      32.124,      27.584,       0.955,      16.044,      31.120
 976000         ,      32.737,      27.144,       1.418,      14.774,      30.627
 977000         ,      32.372,      27.483,       1.314,      14.852,      31.011
 978000         ,      30.677,      25.401,       2.259,      13.390,      27.515
 979000         ,      32.214,      26.220,       2.415,      14.265,      30.292
 980000         ,      30.604,      26.243,       1.774,      14.349,      28.689
 981000         ,      32.450,      27.858,       1.800,      16.495,      31.131
 982000         ,      31.563,      26.998,       1.463,      14.582,      29.012
 983000         ,      32.998,      27.376,       1.023,      15.348,      30.015
 984000         ,      31.059,      27.195,       1.816,      15.459,      29.837
 985000         ,      32.887,      28.484,       1.284,      16.766,      30.756
 986000         ,      32.768,      28.685,       1.296,      15.727,      31.657
 987000         ,      32.151,      25.309,       1.302,      13.943,      28.584
 988000         ,      30.986,      25.280,       1.738,      14.484,      28.904
 989000         ,      32.934,      28.840,       1.462,      16.990,      31.839
 990000         ,      32.143,      28.138,       0.908,      15.986,      31.267
 991000         ,      32.931,      26.759,       1.258,      13.156,      29.391
 992000         ,      32.832,      25.443,       1.544,      14.854,      29.014
 993000         ,      31.750,      26.835,       1.111,      14.225,      30.895
 994000         ,      32.049,      27.780,       1.226,      15.498,      29.973
 995000         ,      30.983,      26.396,       1.576,      14.788,      30.064
 996000         ,      33.007,      27.131,       1.875,      16.317,      28.994
 997000         ,      33.070,      28.125,       1.278,      15.377,      31.053
 998000         ,      33.143,      26.002,       1.985,      15.181,      29.446
 999000         ,      31.810,      26.317,       1.523,      15.334,      31.177
 1000000        ,      33.063,      26.549,       1.250,      14.676,      30.273
