--------------------------------------------------------------------------------
S H A P E   v2.1         Continuous Shape Measures calculation
(c) 2013  Electronic Structure Group, Universitat de Barcelona
                   Contact:  llunell@ub.edu                   
--------------------------------------------------------------------------------

coordination ZF1 

SP-4            1 D4h   Square                                             
T-4             2 Td    Tetrahedron                                        
SS-4            3 C2v   Seesaw                                             
vTBPY-4         4 C3v   Vacant trigonal bipyramid                          

Structure [ML4 ]         SP-4          T-4         SS-4      vTBPY-4
 0              ,      29.453,       0.277,       7.724,       3.380
 1000           ,      31.718,       0.433,       8.341,       1.788
 2000           ,      29.058,       0.757,       7.967,       3.701
 3000           ,      30.283,       0.191,       8.263,       3.306
 4000           ,      32.838,       0.556,       8.534,       1.777
 5000           ,      31.290,       0.187,       8.880,       2.945
 6000           ,      31.346,       0.284,       8.832,       2.541
 7000           ,      30.062,       0.330,       7.488,       2.539
 8000           ,      31.900,       0.441,       7.750,       2.770
 9000           ,      29.074,       0.518,       6.655,       2.507
 10000          ,      29.277,       1.277,       6.594,       1.343
 11000          ,      32.468,       0.549,       7.351,       1.928
 12000          ,      26.200,       0.799,       6.027,       3.221
 13000          ,      31.600,       0.583,       7.780,       2.753
 14000          ,      25.394,       1.013,       5.807,       3.091
 15000          ,      31.214,       0.248,       7.567,       2.800
 16000          ,      29.651,       0.803,       5.762,       2.168
 17000          ,      31.665,       0.235,       8.054,       2.687
 18000          ,      33.174,       0.869,       8.361,       1.146
 19000          ,      30.392,       0.245,       8.336,       3.056
 20000          ,      33.291,       0.367,       8.395,       2.173
 21000          ,      29.981,       0.615,       7.619,       1.902
 22000          ,      26.023,       1.082,       7.013,       3.194
 23000          ,      31.493,       0.314,       8.339,       3.275
 24000          ,      31.965,       0.490,       8.026,       2.629
 25000          ,      29.513,       0.649,       6.478,       2.262
 26000          ,      31.340,       0.503,       7.748,       2.169
 27000          ,      31.348,       0.387,       7.429,       2.268
 28000          ,      32.066,       0.746,       7.749,       1.702
 29000          ,      29.644,       0.453,       7.903,       2.306
 30000          ,      30.368,       0.170,       8.083,       3.342
 31000          ,      28.325,       0.656,       6.668,       3.231
 32000          ,      30.985,       0.230,       8.361,       3.101
 33000          ,      32.695,       0.137,       8.857,       2.997
 34000          ,      30.283,       0.274,       8.444,       2.936
 35000          ,      31.565,       0.429,       8.167,       2.083
 36000          ,      29.735,       0.518,       7.677,       2.105
 37000          ,      32.457,       0.186,       9.122,       2.897
 38000          ,      29.300,       0.563,       7.139,       2.201
 39000          ,      29.212,       0.516,       6.324,       2.967
 40000          ,      29.689,       0.292,       7.651,       3.271
 41000          ,      27.865,       0.660,       6.373,       3.154
 42000          ,      29.769,       0.809,       5.976,       2.770
 43000          ,      32.515,       0.223,       8.246,       2.357
 44000          ,      31.835,       0.466,       8.425,       2.045
 45000          ,      32.948,       0.721,       7.792,       1.540
 46000          ,      30.661,       0.741,       7.640,       2.053
 47000          ,      32.641,       0.404,       8.106,       1.921
 48000          ,      30.646,       0.769,       6.766,       1.540
 49000          ,      32.176,       0.082,       9.136,       3.414
 50000          ,      31.396,       0.187,       7.929,       3.139
 51000          ,      30.873,       0.258,       7.665,       2.749
 52000          ,      30.262,       0.434,       6.861,       2.711
 53000          ,      29.447,       0.533,       8.289,       3.563
 54000          ,      31.648,       0.229,       8.520,       3.110
 55000          ,      31.352,       0.281,       8.088,       3.190
 56000          ,      30.300,       0.371,       7.313,       2.547
 57000          ,      32.155,       0.423,       8.512,       2.702
 58000          ,      29.993,       0.315,       7.575,       3.200
 59000          ,      31.541,       0.398,       8.444,       2.718
 60000          ,      29.900,       0.246,       7.803,       2.923
 61000          ,      31.303,       0.351,       8.539,       3.123
 62000          ,      29.425,       0.778,       6.609,       2.452
 63000          ,      30.859,       0.621,       7.759,       2.903
 64000          ,      31.472,       0.168,       8.585,       3.055
 65000          ,      31.409,       0.918,       7.694,       1.922
 66000          ,      33.154,       0.481,       8.347,       1.690
 67000          ,      28.845,       0.311,       7.645,       3.143
 68000          ,      31.193,       0.346,       8.274,       2.652
 69000          ,      30.913,       0.389,       7.835,       2.107
 70000          ,      30.298,       0.490,       8.103,       2.417
 71000          ,      32.236,       0.249,       8.151,       2.961
 72000          ,      30.223,       0.449,       8.472,       2.621
 73000          ,      31.798,       0.185,       7.943,       2.975
 74000          ,      30.501,       0.798,       7.785,       2.227
 75000          ,      29.241,       0.384,       7.715,       3.319
 76000          ,      32.614,       0.727,       7.088,       2.245
 77000          ,      27.746,       1.044,       6.263,       1.781
 78000          ,      32.367,       0.249,       7.932,       2.973
 79000          ,      27.596,       1.067,       6.866,       2.248
 80000          ,      32.069,       0.245,       8.629,       2.421
 81000          ,      31.257,       0.181,       8.362,       2.984
 82000          ,      29.864,       0.393,       6.870,       2.860
 83000          ,      32.401,       0.421,       8.079,       2.234
 84000          ,      24.844,       1.512,       6.205,       3.341
 85000          ,      29.923,       0.252,       7.965,       2.785
 86000          ,      23.455,       1.579,       5.527,       4.011
 87000          ,      29.357,       0.522,       8.423,       2.861
 88000          ,      32.634,       0.253,       8.464,       3.030
 89000          ,      31.837,       0.815,       7.000,       2.683
 90000          ,      30.758,       0.174,       8.723,       3.201
 91000          ,      27.825,       0.896,       6.039,       2.154
 92000          ,      30.755,       0.142,       8.009,       3.270
 93000          ,      28.411,       0.725,       7.019,       2.385
 94000          ,      29.827,       0.830,       6.870,       1.671
 95000          ,      29.935,       0.377,       7.129,       2.965
 96000          ,      31.636,       0.259,       8.922,       2.900
 97000          ,      30.925,       0.513,       8.096,       1.884
 98000          ,      31.360,       0.355,       8.440,       2.223
 99000          ,      31.739,       0.374,       8.053,       2.355
 100000         ,      31.994,       0.785,       7.406,       2.047
 101000         ,      24.835,       1.562,       6.996,       2.846
 102000         ,      30.145,       0.351,       8.435,       3.223
 103000         ,      30.618,       0.565,       7.773,       2.428
 104000         ,      32.975,       0.421,       8.215,       1.692
 105000         ,      30.785,       0.808,       7.160,       1.980
 106000         ,      31.153,       0.466,       8.156,       2.719
 107000         ,      29.702,       0.647,       6.746,       2.404
 108000         ,      29.301,       0.287,       7.692,       3.535
 109000         ,      30.202,       0.606,       7.638,       2.534
 110000         ,      30.385,       0.600,       7.940,       1.987
 111000         ,      29.311,       0.387,       7.232,       2.772
 112000         ,      29.568,       0.395,       6.943,       2.964
 113000         ,      28.574,       0.800,       7.106,       2.342
 114000         ,      29.470,       0.538,       8.344,       2.828
 115000         ,      32.121,       0.344,       7.712,       2.577
 116000         ,      31.271,       0.453,       7.236,       2.053
 117000         ,      25.790,       1.118,       7.018,       3.178
 118000         ,      29.986,       0.330,       7.226,       2.799
 119000         ,      28.629,       0.753,       7.820,       2.418
 120000         ,      28.134,       1.103,       7.316,       3.025
 121000         ,      25.820,       1.591,       4.789,       2.429
 122000         ,      31.008,       0.695,       8.191,       1.875
 123000         ,      31.140,       0.357,       7.354,       2.846
 124000         ,      33.413,       0.563,       7.628,       1.655
 125000         ,      32.914,       0.755,       8.003,       1.724
 126000         ,      30.582,       0.490,       8.165,       3.002
 127000         ,      26.663,       1.162,       5.913,       2.725
 128000         ,      29.089,       0.318,       7.740,       3.266
 129000         ,      29.556,       0.821,       7.749,       2.417
 130000         ,      26.429,       0.777,       7.008,       3.387
 131000         ,      28.688,       0.869,       6.424,       2.685
 132000         ,      31.355,       0.393,       8.146,       3.034
 133000         ,      31.141,       0.383,       8.255,       2.984
 134000         ,      28.710,       0.677,       8.157,       2.479
 135000         ,      30.357,       0.871,       6.650,       2.465
 136000         ,      32.303,       0.451,       8.220,       2.600
 137000         ,      31.854,       0.228,       8.239,       2.356
 138000         ,      32.945,       0.114,       9.232,       2.851
 139000         ,      32.268,       0.357,       8.481,       2.860
 140000         ,      33.101,       0.703,       7.380,       2.473
 141000         ,      25.057,       1.186,       5.819,       3.137
 142000         ,      24.778,       1.214,       4.991,       3.248
 143000         ,      28.977,       0.849,       7.607,       2.775
 144000         ,      26.429,       1.001,       7.412,       3.016
 145000         ,      30.757,       0.354,       7.909,       2.572
 146000         ,      32.161,       0.722,       7.782,       1.524
 147000         ,      26.562,       1.892,       4.856,       3.332
 148000         ,      31.847,       0.737,       8.509,       2.018
 149000         ,      29.397,       0.776,       7.980,       2.763
 150000         ,      31.327,       0.760,       6.348,       1.984
 151000         ,      30.786,       0.286,       8.233,       3.266
 152000         ,      27.769,       1.157,       6.927,       2.248
 153000         ,      31.377,       0.211,       8.384,       2.613
 154000         ,      31.764,       0.684,       8.234,       1.709
 155000         ,      31.877,       0.322,       7.932,       2.123
 156000         ,      32.143,       0.558,       8.501,       2.029
 157000         ,      31.615,       0.204,       8.646,       3.056
 158000         ,      29.022,       0.476,       6.869,       3.290
 159000         ,      30.714,       0.410,       8.197,       3.124
 160000         ,      31.173,       0.236,       8.424,       2.822
 161000         ,      28.077,       1.061,       8.115,       3.173
 162000         ,      30.203,       0.304,       7.775,       2.623
 163000         ,      31.668,       0.664,       8.121,       2.597
 164000         ,      29.171,       0.321,       8.013,       3.093
 165000         ,      32.647,       0.182,       9.035,       3.028
 166000         ,      29.223,       1.250,       5.171,       1.967
 167000         ,      26.901,       0.974,       6.189,       3.076
 168000         ,      29.592,       1.171,       7.067,       3.141
 169000         ,      27.014,       1.047,       6.683,       2.828
 170000         ,      32.405,       0.262,       8.445,       2.868
 171000         ,      31.868,       0.258,       8.414,       2.575
 172000         ,      30.393,       0.466,       7.199,       2.371
 173000         ,      29.006,       1.248,       5.892,       1.905
 174000         ,      30.829,       0.350,       7.493,       2.812
 175000         ,      32.403,       0.316,       8.124,       2.746
 176000         ,      30.210,       0.293,       8.244,       3.449
 177000         ,      32.500,       0.411,       8.078,       2.022
 178000         ,      30.895,       0.486,       7.150,       1.911
 179000         ,      31.654,       0.749,       6.996,       2.958
 180000         ,      32.794,       0.140,       8.888,       2.626
 181000         ,      28.626,       0.791,       7.061,       3.594
 182000         ,      27.443,       0.594,       6.223,       3.236
 183000         ,      26.608,       0.678,       6.757,       3.582
 184000         ,      32.031,       0.427,       7.065,       2.416
 185000         ,      26.761,       0.685,       5.923,       3.373
 186000         ,      31.665,       0.408,       8.250,       2.509
 187000         ,      31.172,       0.256,       8.458,       3.089
 188000         ,      31.749,       0.819,       7.950,       1.724
 189000         ,      33.006,       0.645,       8.485,       2.430
 190000         ,      30.930,       0.375,       8.700,       2.586
 191000         ,      30.007,       0.715,       7.769,       1.669
 192000         ,      31.039,       0.398,       7.741,       2.266
 193000         ,      32.750,       0.565,       8.392,       1.807
 194000         ,      31.597,       0.556,       8.434,       1.671
 195000         ,      30.673,       0.683,       7.635,       1.885
 196000         ,      28.413,       0.406,       7.466,       2.972
 197000         ,      30.765,       0.359,       7.206,       2.996
 198000         ,      26.662,       1.176,       6.073,       2.474
 199000         ,      30.646,       0.300,       8.311,       2.987
 200000         ,      29.834,       0.400,       7.309,       3.108
 201000         ,      32.098,       0.628,       8.392,       2.023
 202000         ,      29.593,       0.784,       8.102,       2.698
 203000         ,      30.668,       0.359,       7.234,       2.974
 204000         ,      31.812,       0.521,       7.404,       2.356
 205000         ,      31.008,       0.376,       8.424,       2.486
 206000         ,      30.877,       0.751,       6.861,       2.004
 207000         ,      29.519,       0.764,       7.963,       2.509
 208000         ,      31.236,       0.512,       7.952,       2.335
 209000         ,      32.191,       0.222,       8.632,       2.283
 210000         ,      31.638,       0.315,       8.763,       2.724
 211000         ,      30.308,       0.449,       7.373,       3.235
 212000         ,      32.164,       0.379,       8.097,       2.455
 213000         ,      30.065,       0.803,       8.280,       1.883
 214000         ,      30.662,       0.629,       7.830,       2.890
 215000         ,      32.510,       0.696,       7.603,       1.574
 216000         ,      29.525,       1.133,       6.952,       2.836
 217000         ,      30.662,       0.700,       7.489,       1.650
 218000         ,      29.238,       0.615,       8.280,       3.380
 219000         ,      31.463,       0.217,       9.041,       2.939
 220000         ,      32.138,       0.438,       8.485,       2.206
 221000         ,      30.342,       0.551,       6.219,       2.532
 222000         ,      29.601,       0.961,       6.372,       2.226
 223000         ,      26.727,       1.178,       7.101,       3.752
 224000         ,      31.050,       0.291,       8.277,       2.390
 225000         ,      29.328,       0.724,       5.956,       2.193
 226000         ,      32.477,       0.139,       8.546,       2.933
 227000         ,      30.248,       0.693,       8.289,       2.609
 228000         ,      29.548,       0.514,       8.400,       2.479
 229000         ,      27.251,       1.484,       6.348,       1.690
 230000         ,      30.017,       1.009,       7.055,       1.803
 231000         ,      30.616,       0.422,       8.342,       2.483
 232000         ,      32.969,       0.276,       8.766,       2.737
 233000         ,      29.557,       0.491,       7.923,       2.993
 234000         ,      29.899,       0.741,       6.707,       2.405
 235000         ,      31.501,       0.292,       8.383,       2.819
 236000         ,      32.857,       0.560,       8.319,       1.643
 237000         ,      32.102,       0.420,       7.758,       2.348
 238000         ,      30.439,       0.519,       7.696,       3.379
 239000         ,      27.042,       1.071,       7.697,       2.352
 240000         ,      30.596,       0.380,       8.395,       2.956
 241000         ,      31.756,       0.163,       8.708,       3.334
 242000         ,      27.357,       0.777,       6.632,       2.836
 243000         ,      30.009,       0.837,       7.466,       1.801
 244000         ,      25.120,       1.162,       6.347,       3.027
 245000         ,      31.273,       0.094,       8.670,       3.079
 246000         ,      30.679,       0.637,       7.788,       1.657
 247000         ,      32.815,       0.178,       8.627,       2.537
 248000         ,      28.128,       0.465,       7.226,       3.605
 249000         ,      32.492,       0.625,       7.841,       1.575
 250000         ,      29.671,       1.015,       6.795,       2.110
 251000         ,      31.711,       0.240,       8.400,       3.155
 252000         ,      26.792,       0.893,       6.951,       2.871
 253000         ,      29.490,       0.347,       7.863,       3.285
 254000         ,      31.082,       0.688,       7.322,       2.205
 255000         ,      25.917,       1.208,       5.539,       2.611
 256000         ,      32.866,       0.758,       7.443,       1.885
 257000         ,      33.046,       0.291,       8.975,       2.163
 258000         ,      29.957,       0.483,       8.145,       3.011
 259000         ,      32.220,       0.499,       7.326,       2.450
 260000         ,      29.059,       0.683,       6.896,       2.443
 261000         ,      29.199,       0.613,       6.461,       2.223
 262000         ,      20.045,       5.423,       1.393,       4.757
 263000         ,      29.914,       0.951,       6.922,       2.526
 264000         ,      28.528,       0.482,       7.735,       3.213
 265000         ,      30.022,       0.325,       8.109,       3.143
 266000         ,      31.352,       0.248,       8.749,       3.403
 267000         ,      26.380,       1.240,       5.854,       2.724
 268000         ,      31.982,       0.237,       8.772,       2.667
 269000         ,      28.903,       0.424,       6.696,       2.572
 270000         ,      29.768,       0.279,       8.037,       2.828
 271000         ,      30.059,       1.065,       6.083,       1.407
 272000         ,      31.138,       0.242,       8.488,       3.299
 273000         ,      30.093,       0.650,       8.539,       2.230
 274000         ,      29.670,       1.058,       7.330,       2.006
 275000         ,      26.100,       4.322,       3.472,       1.862
 276000         ,      30.296,       0.432,       8.780,       2.440
 277000         ,      26.222,       0.792,       6.972,       3.671
 278000         ,      33.052,       1.749,       7.070,       0.606
 279000         ,      17.015,       9.841,       0.898,       6.658
 280000         ,      23.040,       6.750,       0.974,       5.140
 281000         ,      31.662,       2.377,       6.523,       0.349
 282000         ,      25.077,       4.248,       2.860,       1.928
 283000         ,      30.842,       2.992,       5.047,       0.797
 284000         ,      21.728,       6.338,       0.822,       4.808
 285000         ,      32.177,       3.113,       6.479,       0.448
 286000         ,      21.877,       6.748,       0.930,       5.125
 287000         ,      21.516,       8.801,       0.571,       6.277
 288000         ,      19.390,       9.983,       0.420,       8.300
 289000         ,      17.761,       8.083,       0.358,       7.037
 290000         ,      19.614,       9.337,       0.365,       7.881
 291000         ,      19.742,       6.569,       0.498,       6.038
 292000         ,      16.341,       7.521,       0.675,       7.025
 293000         ,      16.388,       8.421,       0.883,       7.167
 294000         ,      22.567,       5.818,       1.134,       4.825
 295000         ,      21.280,       6.706,       0.834,       4.793
 296000         ,      29.032,       4.176,       5.906,       0.680
 297000         ,      30.257,       3.112,       6.920,       0.436
 298000         ,      19.297,       6.683,       1.036,       4.886
 299000         ,      21.580,       6.190,       0.948,       4.403
 300000         ,      30.317,       0.399,       8.500,       3.103
 301000         ,      31.004,       0.684,       7.960,       2.955
 302000         ,      30.565,       0.593,       7.728,       2.588
 303000         ,      32.239,       0.242,       8.286,       2.175
 304000         ,      32.845,       0.425,       8.069,       2.381
 305000         ,      31.204,       0.416,       8.504,       2.521
 306000         ,      28.710,       1.148,       5.955,       2.181
 307000         ,      22.028,       5.482,       0.853,       4.950
 308000         ,      20.595,       7.695,       0.600,       5.351
 309000         ,      16.537,       9.873,       0.347,       8.083
 310000         ,      19.679,       8.757,       0.203,       7.334
 311000         ,      20.061,       8.743,       0.684,       5.385
 312000         ,      18.378,       8.371,       0.841,       6.131
 313000         ,      24.410,       5.979,       1.011,       4.871
 314000         ,      22.894,       4.876,       1.397,       4.316
 315000         ,      19.817,       7.177,       0.662,       5.586
 316000         ,      20.911,       5.899,       0.760,       4.696
 317000         ,      19.598,       7.612,       0.386,       5.783
 318000         ,      15.740,      10.042,       0.421,       8.567
 319000         ,      22.084,       6.179,       0.685,       5.340
 320000         ,      19.584,       6.289,       0.707,       5.753
 321000         ,      32.536,       2.519,       7.290,       0.397
 322000         ,      18.071,       7.374,       0.575,       5.955
 323000         ,      17.847,       9.590,       0.858,       7.752
 324000         ,      16.420,       9.039,       0.322,       7.895
 325000         ,      17.885,       7.700,       0.396,       6.945
 326000         ,      29.318,       0.710,       7.740,       2.375
 327000         ,      19.544,       7.333,       0.319,       5.938
 328000         ,      19.677,       6.300,       0.608,       5.949
 329000         ,      21.338,       5.307,       1.247,       4.459
 330000         ,      18.696,       8.036,       0.355,       6.701
 331000         ,      20.057,       7.685,       0.553,       5.637
 332000         ,      20.658,       8.102,       0.671,       5.782
 333000         ,      23.241,       5.937,       1.005,       4.813
 334000         ,      16.056,       7.967,       0.698,       7.214
 335000         ,      17.564,       8.795,       0.323,       7.174
 336000         ,      23.966,       5.219,       1.575,       3.156
 337000         ,      19.247,       7.588,       0.368,       6.451
 338000         ,      17.947,       8.697,       0.520,       6.418
 339000         ,      16.406,       9.568,       0.600,       7.568
 340000         ,      21.896,       7.848,       0.684,       5.538
 341000         ,      19.045,       7.952,       0.291,       6.833
 342000         ,      24.133,       4.655,       1.521,       4.066
 343000         ,      23.081,       6.150,       1.115,       4.126
 344000         ,      20.277,       7.623,       0.505,       5.991
 345000         ,      18.735,       7.968,       0.454,       6.015
 346000         ,      19.429,       7.280,       0.955,       5.494
 347000         ,      20.415,       6.307,       0.646,       5.836
 348000         ,      17.225,       7.282,       1.007,       6.085
 349000         ,      19.588,       7.137,       0.691,       5.230
 350000         ,      20.286,       7.232,       0.447,       5.892
 351000         ,      18.954,       7.327,       0.456,       6.273
 352000         ,      16.143,       9.110,       0.621,       6.958
 353000         ,      16.393,       8.168,       0.606,       6.764
 354000         ,      25.951,       3.555,       3.831,       1.211
 355000         ,      18.350,       8.679,       0.212,       7.355
 356000         ,      17.595,       7.970,       0.484,       7.433
 357000         ,      23.176,       6.770,       0.780,       5.704
 358000         ,      19.151,       7.228,       0.553,       6.265
 359000         ,      21.830,       7.406,       0.560,       5.634
 360000         ,      20.494,       6.398,       0.652,       5.513
 361000         ,      21.179,       6.247,       1.011,       4.853
 362000         ,      16.726,       9.639,       0.518,       7.706
 363000         ,      16.391,       9.088,       0.396,       8.123
 364000         ,      23.891,       6.436,       0.898,       5.383
 365000         ,      19.866,       6.924,       0.531,       5.616
 366000         ,      18.748,       7.231,       0.517,       6.512
 367000         ,      21.548,       6.519,       1.042,       5.303
 368000         ,      18.714,       6.926,       0.662,       5.926
 369000         ,      18.311,       7.606,       0.346,       6.652
 370000         ,      18.663,       8.449,       0.523,       6.165
 371000         ,      20.610,       8.913,       0.299,       7.157
 372000         ,      19.288,       8.640,       0.999,       6.750
 373000         ,      17.315,       8.418,       0.353,       7.453
 374000         ,      17.891,       7.808,       0.667,       6.690
 375000         ,      16.439,       8.070,       0.461,       7.564
 376000         ,      19.934,       7.401,       0.458,       5.663
 377000         ,      22.820,       7.216,       0.845,       6.050
 378000         ,      19.832,       6.176,       0.726,       5.486
 379000         ,      20.405,       7.344,       0.665,       5.365
 380000         ,      17.390,       8.009,       0.540,       7.037
 381000         ,      18.013,       7.742,       0.498,       6.606
 382000         ,      18.465,       7.982,       0.479,       7.153
 383000         ,      18.026,       7.680,       0.602,       6.899
 384000         ,      20.193,       7.050,       0.636,       5.425
 385000         ,      17.341,       9.446,       0.296,       7.751
 386000         ,      17.752,       7.733,       0.793,       6.490
 387000         ,      18.176,       6.534,       0.787,       6.059
 388000         ,      18.349,       7.748,       0.321,       6.912
 389000         ,      19.186,       8.681,       0.571,       7.508
 390000         ,      20.788,       7.282,       0.417,       6.120
 391000         ,      22.483,       7.414,       1.326,       5.235
 392000         ,      15.560,       8.899,       0.593,       7.941
 393000         ,      20.878,       6.210,       0.854,       5.204
 394000         ,      30.188,       2.839,       6.545,       0.603
 395000         ,      22.081,       7.436,       0.636,       5.593
 396000         ,      21.473,       5.631,       0.698,       5.233
 397000         ,      20.937,       7.285,       0.752,       6.299
 398000         ,      31.538,       4.262,       6.607,       0.565
 399000         ,      17.695,       9.708,       0.294,       7.626
 400000         ,      17.975,       7.378,       0.665,       6.220
 401000         ,      17.916,       7.038,       0.920,       6.231
 402000         ,      20.394,       6.303,       0.702,       5.790
 403000         ,      22.869,       3.870,       2.766,       2.684
 404000         ,      32.241,       1.308,       7.298,       0.858
 405000         ,      32.420,       0.625,       8.187,       1.760
 406000         ,      28.991,       1.987,       5.859,       0.817
 407000         ,      19.155,       9.081,       0.318,       6.837
 408000         ,      23.166,       7.262,       0.793,       5.353
 409000         ,      23.884,       5.984,       0.884,       4.659
 410000         ,      19.711,       5.968,       1.023,       4.911
 411000         ,      18.470,       9.021,       1.113,       6.489
 412000         ,      30.026,       0.767,       6.717,       1.638
 413000         ,      28.280,       0.574,       7.700,       2.698
 414000         ,      32.001,       0.272,       8.651,       2.419
 415000         ,      30.160,       0.755,       8.242,       2.187
 416000         ,      31.320,       0.283,       8.595,       2.629
 417000         ,      31.192,       0.783,       7.199,       2.138
 418000         ,      27.785,       1.165,       5.440,       2.603
 419000         ,      29.184,       0.850,       6.691,       1.755
 420000         ,      30.169,       1.041,       7.144,       2.239
 421000         ,      30.079,       1.022,       6.557,       1.608
 422000         ,      31.070,       0.393,       8.443,       2.107
 423000         ,      27.222,       0.856,       6.494,       2.201
 424000         ,      29.692,       0.895,       7.865,       1.990
 425000         ,      30.760,       0.885,       7.461,       1.776
 426000         ,      28.799,       0.941,       6.280,       2.759
 427000         ,      29.885,       0.606,       8.443,       2.036
 428000         ,      29.775,       0.278,       7.092,       3.046
 429000         ,      29.131,       0.965,       6.058,       2.732
 430000         ,      29.926,       0.187,       8.005,       3.391
 431000         ,      27.709,       0.463,       7.333,       3.510
 432000         ,      30.206,       0.712,       7.449,       2.679
 433000         ,      19.165,       7.888,       0.238,       6.777
 434000         ,      17.205,       7.365,       0.601,       6.425
 435000         ,      20.966,       6.121,       1.009,       4.420
 436000         ,      17.967,       9.052,       0.437,       7.773
 437000         ,      18.170,       8.424,       0.232,       6.637
 438000         ,      24.020,       5.967,       1.090,       4.119
 439000         ,      19.363,       6.746,       0.448,       6.262
 440000         ,      17.095,       7.123,       0.648,       7.094
 441000         ,      29.129,       3.762,       5.592,       0.722
 442000         ,      16.304,       8.327,       0.639,       7.113
 443000         ,      21.621,       6.411,       0.720,       5.280
 444000         ,      20.413,       6.632,       0.881,       4.898
 445000         ,      18.982,       9.019,       0.124,       7.620
 446000         ,      21.367,       7.832,       0.742,       5.369
 447000         ,      20.040,       7.768,       0.213,       6.694
 448000         ,      20.347,       8.197,       0.391,       6.937
 449000         ,      18.021,       7.916,       0.342,       6.901
 450000         ,      22.437,       6.954,       0.639,       5.535
 451000         ,      19.086,       8.039,       0.549,       7.149
 452000         ,      16.838,       8.285,       0.567,       7.067
 453000         ,      17.723,       9.372,       0.395,       7.282
 454000         ,      19.428,       7.486,       0.493,       6.286
 455000         ,      16.928,       8.753,       0.393,       7.711
 456000         ,      20.044,       8.206,       0.413,       7.004
 457000         ,      23.898,       4.724,       1.787,       2.916
 458000         ,      20.114,       7.152,       0.687,       5.448
 459000         ,      18.916,       8.692,       0.230,       7.488
 460000         ,      14.388,       9.026,       0.843,       8.245
 461000         ,      18.350,       6.799,       0.492,       6.332
 462000         ,      19.441,       7.979,       0.257,       6.885
 463000         ,      20.842,       6.854,       0.684,       5.026
 464000         ,      20.522,       6.585,       0.488,       5.706
 465000         ,      18.784,       8.666,       0.227,       7.236
 466000         ,      20.763,       6.561,       0.768,       5.392
 467000         ,      20.397,       8.298,       0.847,       5.633
 468000         ,      18.185,       8.837,       0.441,       7.263
 469000         ,      17.732,       7.488,       0.513,       6.812
 470000         ,      19.956,       8.386,       0.380,       6.106
 471000         ,      19.952,       7.800,       0.538,       5.638
 472000         ,      18.796,       7.026,       0.629,       5.979
 473000         ,      19.516,       8.521,       0.339,       7.285
 474000         ,      19.724,       6.624,       1.029,       5.161
 475000         ,      16.036,       8.913,       0.739,       7.878
 476000         ,      18.484,       9.432,       0.544,       7.055
 477000         ,      33.254,       2.309,       7.557,       0.294
 478000         ,      28.387,       3.680,       5.980,       0.677
 479000         ,      18.941,       8.562,       0.732,       6.208
 480000         ,      21.726,       6.602,       1.156,       5.095
 481000         ,      21.154,       6.332,       0.689,       5.341
 482000         ,      18.429,       6.913,       0.737,       6.418
 483000         ,      19.938,       8.424,       0.391,       6.111
 484000         ,      19.289,       8.769,       0.424,       7.044
 485000         ,      18.548,       8.940,       0.424,       7.348
 486000         ,      17.877,       9.185,       0.600,       7.892
 487000         ,      21.287,       7.531,       0.636,       5.587
 488000         ,      18.034,       7.440,       0.542,       6.190
 489000         ,      21.965,       7.826,       0.726,       6.019
 490000         ,      21.057,       7.163,       0.417,       6.207
 491000         ,      19.530,       7.071,       0.636,       5.525
 492000         ,      15.963,       9.081,       0.889,       7.004
 493000         ,      17.051,       8.520,       0.530,       6.687
 494000         ,      16.894,       9.135,       0.533,       7.882
 495000         ,      13.050,      12.623,       0.914,      11.448
 496000         ,      16.941,       9.018,       0.828,       6.778
 497000         ,      21.020,       6.871,       0.542,       5.835
 498000         ,      18.412,       8.777,       0.255,       6.750
 499000         ,      23.038,       7.310,       0.859,       5.502
 500000         ,      19.536,       6.068,       0.679,       5.399
 501000         ,      19.582,       7.485,       0.301,       6.303
 502000         ,      17.007,       7.226,       0.632,       7.124
 503000         ,      19.128,       7.291,       0.568,       6.305
 504000         ,      18.763,       7.125,       0.840,       5.168
 505000         ,      27.160,       4.180,       4.286,       1.149
 506000         ,      21.748,       6.277,       0.962,       5.433
 507000         ,      19.914,       7.608,       0.836,       5.650
 508000         ,      20.717,       6.717,       0.720,       6.033
 509000         ,      30.636,       3.268,       5.769,       0.512
 510000         ,      21.228,       6.820,       0.719,       5.431
 511000         ,      28.154,       3.458,       4.395,       1.063
 512000         ,      28.147,       3.273,       4.960,       0.743
 513000         ,      27.266,       3.904,       4.958,       1.155
 514000         ,      32.256,       3.447,       7.224,       0.205
 515000         ,      19.486,       7.405,       0.400,       6.571
 516000         ,      20.846,       6.635,       0.835,       4.593
 517000         ,      20.042,       6.963,       0.572,       5.871
 518000         ,      19.776,       6.649,       0.592,       5.639
 519000         ,      28.045,       3.800,       6.750,       1.499
 520000         ,      20.101,       7.021,       0.479,       6.033
 521000         ,      31.293,       2.927,       6.496,       0.355
 522000         ,      19.796,       6.865,       0.887,       4.997
 523000         ,      31.386,       3.256,       7.903,       0.310
 524000         ,      23.045,       5.934,       1.271,       4.724
 525000         ,      20.610,       7.362,       0.651,       5.544
 526000         ,      18.585,       7.423,       0.475,       6.334
 527000         ,      20.825,       6.585,       0.601,       5.578
 528000         ,      17.539,       7.725,       1.120,       5.513
 529000         ,      25.887,       4.131,       2.695,       1.935
 530000         ,      20.298,       7.721,       0.554,       5.947
 531000         ,      17.784,       8.255,       0.644,       6.291
 532000         ,      19.146,       6.503,       0.571,       5.839
 533000         ,      18.562,       7.970,       0.463,       6.795
 534000         ,      24.047,       6.089,       1.033,       4.541
 535000         ,      18.035,       8.320,       0.389,       7.238
 536000         ,      23.823,       6.318,       1.575,       4.017
 537000         ,      20.429,       7.283,       0.462,       6.162
 538000         ,      20.619,       7.144,       0.508,       5.668
 539000         ,      19.266,       7.677,       0.482,       6.495
 540000         ,      20.113,       9.936,       0.277,       7.992
 541000         ,      18.385,       7.838,       0.565,       7.205
 542000         ,      19.535,       6.879,       0.683,       6.069
 543000         ,      18.402,       7.229,       0.767,       6.441
 544000         ,      18.238,       7.475,       0.463,       6.485
 545000         ,      18.680,       7.270,       0.533,       6.258
 546000         ,      17.549,       8.868,       0.272,       7.862
 547000         ,      16.740,       8.068,       0.479,       6.764
 548000         ,      17.965,       8.269,       0.694,       7.177
 549000         ,      19.033,       6.614,       0.677,       5.513
 550000         ,      18.183,       8.414,       0.806,       5.906
 551000         ,      30.658,       3.105,       7.372,       0.401
 552000         ,      17.853,       7.906,       0.561,       6.882
 553000         ,      16.161,       9.163,       0.489,       7.540
 554000         ,      18.772,       7.811,       0.825,       6.056
 555000         ,      19.311,       7.370,       0.723,       5.610
 556000         ,      17.719,       8.590,       0.524,       6.999
 557000         ,      21.172,       7.748,       0.356,       6.335
 558000         ,      20.723,       8.099,       0.286,       6.499
 559000         ,      18.212,       7.564,       0.487,       6.102
 560000         ,      17.704,       8.616,       0.428,       6.833
 561000         ,      21.409,       7.763,       1.005,       5.083
 562000         ,      18.824,       7.349,       0.551,       6.836
 563000         ,      16.177,       9.037,       0.334,       8.125
 564000         ,      20.535,       7.439,       0.643,       5.010
 565000         ,      22.142,       7.419,       0.543,       6.179
 566000         ,      19.654,       8.277,       0.821,       6.612
 567000         ,      21.415,       6.344,       1.173,       4.264
 568000         ,      20.910,       6.645,       0.815,       4.717
 569000         ,      19.539,       6.873,       0.526,       5.896
 570000         ,      17.281,       8.801,       0.505,       7.329
 571000         ,      19.508,       7.499,       0.529,       6.166
 572000         ,      16.121,       8.103,       0.510,       7.692
 573000         ,      16.878,       8.204,       0.458,       6.795
 574000         ,      15.504,       9.297,       0.500,       8.684
 575000         ,      17.702,       7.207,       0.707,       6.211
 576000         ,      18.637,       9.624,       0.390,       7.703
 577000         ,      17.233,       9.967,       0.601,       8.120
 578000         ,      16.909,       7.614,       0.643,       6.646
 579000         ,      21.488,       7.328,       1.047,       4.901
 580000         ,      19.178,       7.836,       0.624,       5.592
 581000         ,      32.350,       3.285,       6.453,       0.253
 582000         ,      33.012,       2.757,       6.676,       0.223
 583000         ,      20.909,       7.971,       0.599,       6.341
 584000         ,      19.102,       8.101,       0.229,       7.019
 585000         ,      31.609,       0.594,       7.364,       2.342
 586000         ,      19.529,       7.043,       0.722,       6.401
 587000         ,      14.148,      10.716,       1.125,       9.762
 588000         ,      16.468,      10.024,       0.286,       8.296
 589000         ,      23.326,       5.412,       0.942,       4.479
 590000         ,      16.781,       8.623,       0.580,       7.895
 591000         ,      17.869,       8.402,       0.465,       7.397
 592000         ,      21.396,       7.240,       0.511,       6.016
 593000         ,      17.938,       9.231,       0.314,       7.870
 594000         ,      28.789,       3.009,       3.553,       1.487
 595000         ,      17.322,       9.399,       0.602,       7.707
 596000         ,      17.188,       8.245,       0.484,       7.031
 597000         ,      19.846,       8.001,       0.366,       6.944
 598000         ,      20.623,       6.984,       0.717,       4.735
 599000         ,      21.716,       7.727,       0.361,       6.308
 600000         ,      20.986,       7.651,       1.068,       6.085
 601000         ,      28.430,       3.217,       4.834,       0.820
 602000         ,      30.576,       3.800,       6.190,       0.498
 603000         ,      19.782,       9.059,       0.343,       7.428
 604000         ,      16.245,       7.764,       0.796,       6.495
 605000         ,      18.317,       6.960,       0.650,       5.510
 606000         ,      21.250,       7.476,       0.753,       6.071
 607000         ,      19.321,       6.619,       0.867,       4.738
 608000         ,      18.487,       8.293,       0.486,       6.655
 609000         ,      15.273,       9.149,       0.754,       7.585
 610000         ,      18.158,       9.605,       0.632,       8.049
 611000         ,      18.620,       7.811,       0.437,       6.362
 612000         ,      16.501,       9.296,       0.436,       8.284
 613000         ,      15.835,       8.485,       0.724,       7.492
 614000         ,      17.709,       8.949,       0.168,       7.917
 615000         ,      17.009,       8.736,       0.628,       6.391
 616000         ,      19.318,       6.868,       0.613,       6.101
 617000         ,      20.644,       5.646,       1.992,       3.268
 618000         ,      20.353,       7.375,       0.701,       4.958
 619000         ,      18.259,       6.367,       0.803,       5.515
 620000         ,      20.938,       7.452,       0.736,       6.469
 621000         ,      19.627,       7.814,       0.372,       6.489
 622000         ,      17.529,       9.534,       0.325,       8.018
 623000         ,      18.281,       8.438,       0.521,       6.907
 624000         ,      20.922,       7.412,       1.188,       4.597
 625000         ,      20.043,       6.668,       0.716,       6.131
 626000         ,      18.948,       7.906,       0.415,       6.453
 627000         ,      14.837,       9.213,       0.695,       7.839
 628000         ,      16.502,       9.452,       0.561,       8.441
 629000         ,      18.575,       7.034,       0.690,       6.292
 630000         ,      18.369,       6.770,       0.635,       6.016
 631000         ,      21.535,       7.815,       0.857,       5.011
 632000         ,      21.293,       7.629,       0.560,       5.511
 633000         ,      18.583,       9.385,       0.302,       7.918
 634000         ,      22.494,       7.190,       0.696,       5.233
 635000         ,      20.590,       8.062,       0.593,       6.901
 636000         ,      15.652,       8.772,       0.539,       7.448
 637000         ,      32.099,       0.864,       7.016,       1.640
 638000         ,      29.382,       0.744,       7.816,       1.834
 639000         ,      19.310,       3.471,       2.623,       4.823
 640000         ,      30.465,       0.418,       8.134,       2.729
 641000         ,      30.929,       0.207,       8.175,       2.585
 642000         ,      32.242,       0.125,       9.337,       3.165
 643000         ,      28.945,       2.677,       4.321,       1.287
 644000         ,      31.186,       0.098,       8.889,       3.378
 645000         ,      31.036,       0.137,       8.426,       3.263
 646000         ,      31.923,       0.172,       8.863,       2.872
 647000         ,      31.400,       0.338,       8.236,       2.686
 648000         ,      19.812,       7.374,       0.357,       6.396
 649000         ,      18.137,       6.932,       0.711,       6.404
 650000         ,      31.251,       3.251,       5.930,       0.638
 651000         ,      19.161,       9.481,       0.544,       6.523
 652000         ,      20.022,       7.321,       0.973,       5.594
 653000         ,      19.128,       7.051,       0.650,       5.686
 654000         ,      19.718,       6.000,       0.999,       5.618
 655000         ,      22.172,       5.859,       0.934,       5.185
 656000         ,      21.787,       7.136,       0.822,       4.843
 657000         ,      20.841,       6.602,       0.522,       5.480
 658000         ,      24.750,       4.670,       3.245,       1.931
 659000         ,      15.838,       8.377,       0.488,       7.629
 660000         ,      20.087,       7.811,       0.464,       6.227
 661000         ,      19.598,       7.020,       0.511,       5.634
 662000         ,      17.442,       7.650,       0.574,       6.912
 663000         ,      20.325,       7.347,       0.445,       5.478
 664000         ,      23.273,       5.226,       1.339,       3.707
 665000         ,      21.363,       6.361,       0.798,       5.352
 666000         ,      19.525,       6.592,       0.583,       5.893
 667000         ,      21.564,       7.552,       0.694,       6.044
 668000         ,      32.112,       2.963,       6.498,       0.497
 669000         ,      30.741,       2.651,       5.379,       0.551
 670000         ,      17.852,       8.509,       0.282,       7.050
 671000         ,      29.266,       3.093,       5.621,       0.463
 672000         ,      24.385,       6.628,       0.962,       4.902
 673000         ,      29.759,       3.362,       6.202,       1.208
 674000         ,      28.797,       3.794,       5.686,       0.693
 675000         ,      17.368,       9.184,       0.689,       7.417
 676000         ,      18.306,       8.600,       0.358,       6.575
 677000         ,      15.982,       9.027,       0.522,       7.997
 678000         ,      17.157,       7.880,       0.560,       7.452
 679000         ,      19.802,       7.542,       0.785,       5.172
 680000         ,      22.312,       5.973,       0.720,       5.265
 681000         ,      17.888,       8.278,       0.530,       6.839
 682000         ,      18.826,       6.895,       0.448,       6.195
 683000         ,      18.591,       7.755,       0.278,       6.402
 684000         ,      20.971,       9.017,       0.594,       6.323
 685000         ,      17.431,       6.968,       0.912,       6.298
 686000         ,      19.608,       6.492,       0.746,       5.580
 687000         ,      16.594,       9.073,       0.378,       8.190
 688000         ,      19.661,       7.827,       0.374,       6.003
 689000         ,      21.350,       7.719,       0.435,       5.930
 690000         ,      18.186,       8.300,       0.240,       6.690
 691000         ,      17.264,       6.702,       0.837,       6.592
 692000         ,      21.375,       7.599,       0.544,       6.416
 693000         ,      17.073,       9.414,       0.453,       8.342
 694000         ,      16.295,       9.763,       0.632,       7.592
 695000         ,      21.345,       7.458,       0.733,       5.119
 696000         ,      20.515,       6.777,       0.652,       5.527
 697000         ,      19.278,       7.873,       0.374,       6.800
 698000         ,      16.938,       9.362,       0.621,       7.453
 699000         ,      21.877,       6.030,       0.850,       5.350
 700000         ,      19.938,       8.117,       0.341,       6.910
 701000         ,      18.046,       9.362,       0.331,       7.687
 702000         ,      16.234,       8.794,       0.436,       7.544
 703000         ,      19.701,       7.874,       0.240,       6.327
 704000         ,      16.945,       9.241,       0.773,       6.785
 705000         ,      21.437,       6.733,       0.540,       5.473
 706000         ,      16.275,       9.589,       0.440,       7.482
 707000         ,      21.495,       7.304,       0.595,       5.647
 708000         ,      20.143,       7.645,       0.594,       6.643
 709000         ,      19.632,       7.711,       0.528,       6.857
 710000         ,      21.533,       6.209,       0.831,       5.215
 711000         ,      22.006,       6.036,       0.921,       4.787
 712000         ,      19.876,       7.512,       0.565,       5.949
 713000         ,      33.102,       3.120,       6.970,       0.183
 714000         ,      18.628,       5.587,       1.378,       4.889
 715000         ,      19.944,       7.069,       0.922,       4.841
 716000         ,      27.987,       0.780,       7.454,       3.402
 717000         ,      28.278,       0.773,       6.376,       2.913
 718000         ,      26.703,       2.487,       3.851,       1.748
 719000         ,      33.226,       3.573,       7.021,       0.345
 720000         ,      19.847,       7.789,       0.599,       5.928
 721000         ,      19.624,       7.329,       0.342,       6.465
 722000         ,      18.813,       7.227,       0.589,       5.987
 723000         ,      22.380,       7.143,       0.732,       5.039
 724000         ,      26.427,       3.826,       3.787,       1.150
 725000         ,      21.585,       6.937,       0.565,       5.297
 726000         ,      18.374,       7.261,       0.404,       6.807
 727000         ,      22.853,       4.396,       1.788,       3.773
 728000         ,      21.014,       6.616,       0.644,       5.424
 729000         ,      23.061,       6.496,       1.175,       4.806
 730000         ,      22.637,       7.368,       0.795,       5.248
 731000         ,      20.539,       8.585,       0.309,       6.809
 732000         ,      17.738,       9.644,       0.916,       6.598
 733000         ,      21.083,       8.498,       0.285,       6.571
 734000         ,      18.156,       8.646,       0.570,       6.557
 735000         ,      20.189,       6.859,       0.651,       6.004
 736000         ,      20.483,       8.000,       0.624,       6.239
 737000         ,      20.430,       7.642,       0.411,       5.996
 738000         ,      20.046,       7.109,       0.501,       5.856
 739000         ,      21.476,       5.099,       1.228,       4.687
 740000         ,      23.341,       5.933,       0.910,       4.716
 741000         ,      20.436,       5.946,       1.218,       5.288
 742000         ,      29.845,       2.325,       6.036,       0.722
 743000         ,      22.515,       7.362,       0.898,       6.018
 744000         ,      17.578,      10.136,       0.461,       8.468
 745000         ,      22.166,       7.628,       0.589,       5.366
 746000         ,      22.335,       6.815,       0.839,       5.293
 747000         ,      20.246,       6.186,       0.892,       5.770
 748000         ,      17.768,       7.030,       0.572,       6.714
 749000         ,      27.414,       3.506,       4.679,       0.808
 750000         ,      22.677,       5.188,       1.085,       4.811
 751000         ,      19.150,       7.673,       0.585,       6.301
 752000         ,      21.482,       5.749,       1.332,       4.562
 753000         ,      20.958,       5.824,       1.178,       5.543
 754000         ,      18.333,       8.925,       0.281,       7.467
 755000         ,      20.594,       6.066,       0.869,       5.081
 756000         ,      18.992,       6.725,       0.574,       6.312
 757000         ,      32.744,       2.617,       6.775,       0.391
 758000         ,      29.947,       2.786,       6.495,       0.713
 759000         ,      20.246,       8.502,       0.207,       6.735
 760000         ,      20.256,       7.439,       0.859,       5.039
 761000         ,      31.242,       0.265,       7.832,       2.656
 762000         ,      18.226,       8.607,       0.736,       6.107
 763000         ,      22.149,       6.844,       0.632,       4.855
 764000         ,      21.134,       6.577,       0.552,       5.409
 765000         ,      21.161,       5.035,       1.289,       3.973
 766000         ,      16.879,       8.957,       0.455,       7.036
 767000         ,      18.979,       7.334,       0.873,       5.377
 768000         ,      20.362,       7.407,       0.778,       5.502
 769000         ,      21.202,       7.958,       0.566,       6.429
 770000         ,      19.843,       6.950,       0.368,       6.120
 771000         ,      21.480,       6.548,       0.754,       5.221
 772000         ,      21.360,       5.593,       0.948,       5.258
 773000         ,      18.142,       9.442,       0.328,       7.742
 774000         ,      21.911,       7.242,       0.455,       5.674
 775000         ,      20.837,       7.092,       0.496,       5.958
 776000         ,      21.060,       8.337,       0.722,       6.897
 777000         ,      15.597,       8.343,       0.641,       7.257
 778000         ,      22.262,       8.638,       0.974,       5.064
 779000         ,      18.616,       6.948,       0.562,       5.850
 780000         ,      18.908,       8.807,       0.484,       6.964
 781000         ,      23.956,       5.606,       1.045,       4.846
 782000         ,      22.112,       7.341,       0.805,       6.051
 783000         ,      16.767,       8.585,       0.346,       7.688
 784000         ,      17.914,       8.815,       0.498,       7.627
 785000         ,      19.789,       6.631,       0.510,       6.053
 786000         ,      20.699,       6.705,       0.815,       5.212
 787000         ,      19.566,       6.710,       0.602,       6.026
 788000         ,      19.003,       7.664,       0.204,       6.573
 789000         ,      16.780,       9.849,       0.528,       7.691
 790000         ,      22.766,       5.308,       1.113,       3.893
 791000         ,      17.407,       7.215,       0.709,       6.527
 792000         ,      15.857,       9.539,       0.811,       8.336
 793000         ,      16.017,       8.746,       0.464,       8.065
 794000         ,      20.142,       8.300,       0.467,       5.981
 795000         ,      21.762,       6.668,       1.462,       4.601
 796000         ,      16.372,       9.223,       0.512,       7.625
 797000         ,      19.509,       7.327,       0.851,       5.467
 798000         ,      18.548,       8.916,       0.208,       7.465
 799000         ,      23.435,       6.298,       1.052,       4.499
 800000         ,      18.103,       7.103,       0.603,       6.166
 801000         ,      18.289,       7.732,       0.907,       5.805
 802000         ,      22.760,       7.973,       0.827,       5.066
 803000         ,      18.940,       7.557,       0.389,       6.187
 804000         ,      22.192,       6.493,       0.646,       5.083
 805000         ,      18.809,       8.243,       0.651,       6.728
 806000         ,      29.915,       0.479,       7.862,       2.295
 807000         ,      31.432,       0.473,       7.662,       2.475
 808000         ,      29.081,       1.714,       5.769,       0.968
 809000         ,      21.444,       3.999,       2.733,       3.123
 810000         ,      16.245,       9.102,       0.585,       7.542
 811000         ,      19.074,       9.865,       0.716,       7.431
 812000         ,      19.475,       9.278,       0.508,       7.119
 813000         ,      18.755,       8.476,       0.339,       7.502
 814000         ,      30.621,       2.827,       6.236,       0.313
 815000         ,      18.520,       8.101,       0.349,       6.819
 816000         ,      19.278,       8.340,       0.701,       6.043
 817000         ,      31.341,       0.475,       7.824,       1.758
 818000         ,      21.100,       5.201,       1.010,       4.706
 819000         ,      18.335,       8.512,       0.659,       6.053
 820000         ,      27.556,       0.912,       7.409,       3.971
 821000         ,      22.538,       5.202,       1.324,       4.227
 822000         ,      20.383,       6.557,       0.621,       5.938
 823000         ,      18.338,       9.413,       0.849,       6.428
 824000         ,      20.121,       7.494,       0.636,       5.590
 825000         ,      21.990,       8.757,       1.021,       6.839
 826000         ,      20.348,       8.132,       0.607,       6.368
 827000         ,      19.192,       7.517,       0.648,       5.963
 828000         ,      18.433,       7.838,       0.615,       6.460
 829000         ,      18.281,       8.163,       0.622,       6.489
 830000         ,      14.244,      10.375,       0.756,       8.634
 831000         ,      17.534,       8.108,       0.626,       6.922
 832000         ,      20.484,       8.664,       0.407,       6.924
 833000         ,      17.551,       8.061,       0.549,       6.762
 834000         ,      17.725,       7.517,       0.620,       6.654
 835000         ,      19.326,       6.852,       1.024,       5.301
 836000         ,      20.549,       6.368,       1.087,       5.620
 837000         ,      29.871,       0.486,       8.066,       2.630
 838000         ,      30.558,       0.304,       8.762,       2.938
 839000         ,      31.231,       2.288,       7.233,       0.386
 840000         ,      21.023,       8.181,       0.678,       5.689
 841000         ,      28.129,       0.720,       7.922,       3.580
 842000         ,      26.443,       0.853,       5.547,       3.063
 843000         ,      31.161,       0.545,       6.641,       2.433
 844000         ,      19.905,       6.595,       0.876,       5.665
 845000         ,      20.481,       7.027,       0.868,       6.259
 846000         ,      20.843,       6.681,       0.568,       5.866
 847000         ,      19.753,       6.860,       0.598,       6.149
 848000         ,      17.884,       7.388,       0.744,       6.554
 849000         ,      26.938,       3.865,       4.047,       1.051
 850000         ,      18.480,       5.507,       2.065,       4.573
 851000         ,      31.354,       3.220,       6.192,       0.251
 852000         ,      21.948,       7.803,       0.567,       5.643
 853000         ,      19.522,       6.712,       1.487,       4.188
 854000         ,      21.982,       6.606,       0.614,       5.133
 855000         ,      29.413,       0.634,       7.210,       2.517
 856000         ,      29.003,       2.183,       5.893,       1.153
 857000         ,      29.060,       2.345,       5.077,       1.283
 858000         ,      31.415,       0.338,       8.200,       3.135
 859000         ,      32.738,       0.325,       7.773,       2.774
 860000         ,      30.503,       0.622,       7.691,       2.517
 861000         ,      25.243,       5.474,       1.886,       3.719
 862000         ,      19.207,       7.654,       0.448,       6.142
 863000         ,      18.980,       7.193,       0.430,       6.311
 864000         ,      17.639,       7.769,       0.372,       6.501
 865000         ,      21.610,       5.773,       0.897,       4.414
 866000         ,      18.455,       8.244,       0.253,       6.608
 867000         ,      20.445,       7.177,       0.418,       5.723
 868000         ,      18.091,       8.667,       0.400,       6.245
 869000         ,      21.821,       6.322,       0.755,       5.137
 870000         ,      13.762,       9.143,       0.869,       8.816
 871000         ,      19.891,       8.078,       0.333,       6.697
 872000         ,      19.693,       8.353,       0.363,       6.584
 873000         ,      20.676,       7.251,       0.697,       5.359
 874000         ,      19.494,       7.830,       0.617,       6.316
 875000         ,      22.295,       6.451,       0.877,       5.079
 876000         ,      33.318,       2.562,       7.244,       0.335
 877000         ,      31.446,       2.421,       5.483,       0.848
 878000         ,      31.289,       2.750,       5.411,       0.672
 879000         ,      32.590,       0.596,       8.409,       1.759
 880000         ,      29.093,       2.604,       5.373,       0.661
 881000         ,      30.596,       3.276,       6.246,       0.947
 882000         ,      28.668,       3.213,       4.559,       1.004
 883000         ,      28.287,       3.144,       4.548,       0.877
 884000         ,      22.781,       5.020,       1.610,       3.459
 885000         ,      20.134,       6.490,       0.679,       5.191
 886000         ,      19.808,       7.688,       0.321,       6.387
 887000         ,      32.149,       3.312,       7.145,       0.180
 888000         ,      19.788,       7.531,       0.446,       6.097
 889000         ,      32.567,       2.671,       5.566,       0.775
 890000         ,      31.306,       2.174,       6.566,       1.033
 891000         ,      31.202,       2.881,       6.200,       0.879
 892000         ,      31.819,       2.682,       6.655,       0.320
 893000         ,      33.840,       2.688,       7.317,       0.456
 894000         ,      32.765,       2.954,       6.264,       0.533
 895000         ,      30.817,       2.039,       6.457,       0.477
 896000         ,      30.263,       2.763,       6.338,       0.460
 897000         ,      30.215,       2.258,       5.990,       0.567
 898000         ,      30.648,       2.189,       6.720,       0.590
 899000         ,      32.569,       2.912,       6.747,       0.266
 900000         ,      30.385,       3.374,       6.410,       0.670
 901000         ,      26.582,       2.782,       3.908,       1.385
 902000         ,      33.028,       2.109,       7.958,       0.285
 903000         ,      31.313,       2.765,       6.524,       0.868
 904000         ,      32.560,       2.905,       6.987,       0.657
 905000         ,      32.367,       2.174,       6.748,       0.492
 906000         ,      33.252,       2.150,       7.768,       0.463
 907000         ,      32.438,       3.184,       7.599,       0.310
 908000         ,      15.742,       9.153,       0.692,       7.600
 909000         ,      32.611,       1.960,       6.106,       0.866
 910000         ,      23.389,       5.815,       0.985,       4.952
 911000         ,      19.629,       7.565,       0.512,       6.071
 912000         ,      20.892,       7.189,       0.513,       5.808
 913000         ,      20.702,       7.203,       0.491,       6.121
 914000         ,      18.170,       8.026,       0.459,       7.243
 915000         ,      20.805,       7.938,       0.804,       6.145
 916000         ,      16.629,       8.305,       0.445,       7.602
 917000         ,      18.967,       8.523,       0.676,       6.836
 918000         ,      19.180,       8.527,       0.430,       6.385
 919000         ,      20.657,       6.970,       0.567,       6.088
 920000         ,      20.432,       7.682,       0.264,       6.223
 921000         ,      20.462,       7.402,       0.599,       5.371
 922000         ,      15.448,       8.646,       0.778,       7.336
 923000         ,      17.337,       7.405,       0.876,       6.387
 924000         ,      21.043,       6.995,       0.607,       5.630
 925000         ,      17.653,       8.210,       0.209,       7.183
 926000         ,      18.476,       9.076,       0.315,       7.086
 927000         ,      18.869,       8.118,       0.541,       6.050
 928000         ,      17.242,       7.366,       0.567,       6.992
 929000         ,      22.526,       6.712,       0.646,       5.367
 930000         ,      17.423,       7.800,       0.790,       6.538
 931000         ,      20.985,       6.773,       0.819,       5.584
 932000         ,      14.595,      10.419,       0.451,       9.611
 933000         ,      22.004,       5.759,       0.812,       4.971
 934000         ,      20.103,       5.974,       0.817,       5.084
 935000         ,      15.620,       9.420,       0.481,       8.250
 936000         ,      19.394,       8.198,       0.448,       6.545
 937000         ,      18.476,       8.581,       0.269,       6.698
 938000         ,      20.740,       7.110,       0.527,       5.446
 939000         ,      22.347,       7.157,       0.718,       4.709
 940000         ,      16.983,       8.600,       0.410,       7.164
 941000         ,      18.166,       8.231,       0.402,       7.009
 942000         ,      18.095,       7.776,       0.316,       7.035
 943000         ,      18.708,       7.722,       0.412,       6.415
 944000         ,      17.380,       7.568,       0.931,       7.104
 945000         ,      18.383,       8.493,       0.333,       7.053
 946000         ,      18.530,       9.382,       0.552,       7.336
 947000         ,      19.509,       7.136,       0.407,       6.273
 948000         ,      19.788,       9.268,       0.331,       7.561
 949000         ,      19.477,       8.533,       0.405,       6.942
 950000         ,      21.834,       6.863,       0.543,       5.141
 951000         ,      17.388,       7.603,       0.552,       6.597
 952000         ,      18.294,       8.912,       0.247,       7.786
 953000         ,      21.214,       7.021,       0.506,       5.742
 954000         ,      21.481,       8.127,       0.418,       5.935
 955000         ,      16.743,       7.992,       0.695,       7.135
 956000         ,      20.158,       6.286,       0.592,       5.761
 957000         ,      17.566,       7.876,       0.741,       6.663
 958000         ,      21.001,       6.824,       0.557,       5.422
 959000         ,      21.986,       5.876,       1.173,       3.891
 960000         ,      18.479,       7.864,       0.392,       6.651
 961000         ,      20.454,       7.486,       0.505,       5.830
 962000         ,      19.104,       8.668,       0.592,       7.489
 963000         ,      22.666,       6.136,       1.237,       4.530
 964000         ,      19.085,       7.220,       0.392,       6.102
 965000         ,      15.844,       9.775,       0.263,       8.615
 966000         ,      18.997,       7.477,       0.431,       6.420
 967000         ,      18.401,       7.067,       0.682,       6.132
 968000         ,      16.311,       7.919,       0.955,       6.845
 969000         ,      18.864,       7.560,       0.322,       6.435
 970000         ,      20.969,       7.847,       0.484,       6.252
 971000         ,      20.496,       7.605,       0.576,       5.994
 972000         ,      15.955,       8.013,       0.588,       7.724
 973000         ,      19.039,       7.490,       0.532,       6.653
 974000         ,      21.143,       6.154,       0.771,       5.670
 975000         ,      17.889,       8.196,       0.477,       7.414
 976000         ,      15.472,       8.679,       0.477,       8.116
 977000         ,      18.638,       9.066,       0.258,       7.438
 978000         ,      19.722,       5.845,       0.885,       5.409
 979000         ,      16.527,       9.454,       0.752,       8.683
 980000         ,      19.446,       8.424,       0.424,       6.841
 981000         ,      19.798,       7.100,       0.831,       6.157
 982000         ,      18.900,       8.510,       0.483,       6.919
 983000         ,      18.825,       8.395,       0.268,       7.433
 984000         ,      17.923,       8.989,       0.637,       7.993
 985000         ,      16.472,       8.300,       0.590,       7.577
 986000         ,      20.547,       7.593,       0.796,       6.779
 987000         ,      14.836,       9.224,       0.600,       8.606
 988000         ,      18.853,       8.260,       0.402,       6.910
 989000         ,      16.494,       7.444,       0.707,       6.736
 990000         ,      19.345,       7.352,       0.749,       6.777
 991000         ,      20.756,       7.154,       0.650,       5.343
 992000         ,      19.184,       7.176,       0.355,       6.604
 993000         ,      20.854,       7.718,       0.763,       5.402
 994000         ,      18.081,       8.324,       0.644,       6.711
 995000         ,      17.815,       7.895,       0.461,       6.703
 996000         ,      20.509,       6.885,       0.735,       5.499
 997000         ,      15.344,       8.384,       0.785,       7.105
 998000         ,      19.123,       8.226,       0.329,       6.701
 999000         ,      18.186,       9.759,       0.714,       7.444
 1000000        ,      19.257,       7.034,       1.229,       5.517
