--------------------------------------------------------------------------------
S H A P E   v2.1         Continuous Shape Measures calculation
(c) 2013  Electronic Structure Group, Universitat de Barcelona
                   Contact:  llunell@ub.edu                   
--------------------------------------------------------------------------------

coordination ZF2 

HP-6            1 D6h   Hexagon                                            
PPY-6           2 C5v   Pentagonal pyramid                                 
OC-6            3 Oh    Octahedron                                         
TPR-6           4 D3h   Trigonal prism                                     
JPPY-6          5 C5v   Johnson pentagonal pyramid J2                      

Structure [ML6 ]         HP-6        PPY-6         OC-6        TPR-6       JPPY-6
 0              ,      31.976,      26.940,       2.353,      14.499,      29.932
 500            ,      31.264,      25.874,       1.788,      15.054,      28.764
 1000           ,      31.965,      27.379,       2.074,      17.046,      32.182
 1500           ,      34.051,      25.936,       2.107,      14.524,      30.358
 2000           ,      32.977,      26.574,       1.836,      15.183,      30.184
 2500           ,      32.682,      27.121,       1.703,      16.153,      31.566
 3000           ,      33.539,      25.934,       1.546,      14.601,      30.133
 3500           ,      28.398,      26.098,       2.717,      15.394,      28.327
 4000           ,      33.107,      26.760,       2.160,      15.853,      30.350
 4500           ,      32.681,      27.361,       1.899,      15.635,      31.405
 5000           ,      33.116,      27.735,       1.491,      14.945,      31.324
 5500           ,      33.041,      26.962,       2.063,      14.423,      30.410
 6000           ,      33.228,      28.593,       1.916,      15.798,      31.955
 6500           ,      31.296,      22.268,       2.489,      11.095,      26.951
 7000           ,      32.993,      28.828,       1.915,      16.453,      31.615
 7500           ,      32.050,      25.519,       1.300,      13.723,      30.206
 8000           ,      32.890,      29.218,       1.506,      16.780,      32.210
 8500           ,      32.597,      26.454,       2.371,      14.922,      28.947
 9000           ,      31.917,      27.455,       1.889,      15.106,      30.627
 9500           ,      31.729,      28.339,       2.119,      16.683,      31.195
 10000          ,      33.020,      27.599,       1.938,      15.040,      31.066
 10500          ,      33.555,      28.300,       2.126,      16.705,      32.271
 11000          ,      33.085,      27.616,       1.564,      16.335,      32.847
 11500          ,      33.234,      27.389,       2.369,      15.792,      31.611
 12000          ,      33.317,      27.754,       1.703,      15.544,      31.337
 12500          ,      32.826,      26.840,       2.317,      14.883,      31.184
 13000          ,      31.377,      23.555,       3.312,      11.178,      26.227
 13500          ,      33.957,      25.313,       1.842,      14.554,      29.855
 14000          ,      33.019,      24.377,       2.407,      11.358,      27.842
 14500          ,      33.598,      26.007,       1.905,      14.467,      29.923
 15000          ,      30.740,      27.007,       1.711,      15.234,      29.318
 15500          ,      33.121,      25.734,       2.279,      14.254,      29.219
 16000          ,      32.822,      27.447,       1.839,      15.508,      30.877
 16500          ,      33.021,      26.260,       1.860,      14.656,      29.090
 17000          ,      32.569,      27.555,       2.254,      16.335,      30.214
 17500          ,      33.220,      27.455,       1.457,      14.956,      31.888
 18000          ,      33.760,      27.927,       2.009,      16.489,      32.089
 18500          ,      32.351,      25.032,       2.758,      13.867,      28.612
 19000          ,      32.983,      27.302,       2.017,      14.781,      31.107
 19500          ,      31.576,      27.504,       2.115,      15.288,      29.715
 20000          ,      31.586,      28.252,       1.721,      16.330,      30.725
 20500          ,      34.003,      27.428,       1.952,      15.861,      31.899
 21000          ,      33.027,      26.889,       2.000,      15.684,      31.677
 21500          ,      33.248,      23.357,       2.113,      13.456,      27.867
 22000          ,      33.465,      27.789,       2.677,      17.309,      31.605
 22500          ,      33.590,      27.819,       2.082,      17.256,      32.619
 23000          ,      32.512,      25.682,       1.767,      15.123,      30.110
 23500          ,      33.166,      26.352,       1.621,      14.096,      30.100
 24000          ,      32.546,      27.011,       1.885,      14.808,      30.435
 24500          ,      33.155,      25.811,       2.104,      13.244,      30.535
 25000          ,      31.838,      27.856,       2.088,      16.544,      31.163
 25500          ,      32.007,      27.576,       2.060,      16.172,      30.113
 26000          ,      33.202,      24.696,       2.253,      14.313,      28.367
 26500          ,      30.972,      27.418,       2.451,      16.612,      29.950
 27000          ,      32.740,      27.759,       1.874,      15.903,      31.031
 27500          ,      33.320,      24.996,       2.511,      14.914,      30.235
 28000          ,      33.406,      26.819,       1.869,      15.089,      31.151
 28500          ,      31.092,      27.322,       1.880,      15.276,      30.152
 29000          ,      33.477,      25.521,       1.925,      14.410,      29.389
 29500          ,      32.618,      28.305,       2.096,      16.121,      30.647
 30000          ,      31.798,      26.541,       2.132,      14.719,      28.918
 30500          ,      33.052,      27.686,       1.909,      16.043,      31.993
 31000          ,      32.441,      27.071,       1.731,      15.214,      30.259
 31500          ,      33.271,      25.614,       1.803,      13.645,      29.800
 32000          ,      32.721,      26.252,       1.964,      13.495,      30.215
 32500          ,      31.083,      27.764,       1.377,      16.484,      30.389
 33000          ,      32.168,      26.104,       1.448,      15.283,      30.903
 33500          ,      32.968,      26.700,       1.649,      14.111,      30.885
 34000          ,      31.982,      28.110,       2.471,      15.797,      30.401
 34500          ,      33.113,      26.815,       2.178,      14.579,      31.091
 35000          ,      30.428,      23.911,       2.447,      12.388,      25.861
 35500          ,      33.136,      27.008,       2.310,      14.565,      30.628
 36000          ,      33.690,      27.257,       2.251,      15.067,      31.876
 36500          ,      33.985,      28.947,       1.930,      16.747,      32.850
 37000          ,      32.549,      26.907,       1.799,      14.484,      30.476
 37500          ,      32.067,      28.404,       1.825,      16.613,      31.121
 38000          ,      30.208,      26.957,       2.453,      15.129,      30.228
 38500          ,      32.939,      25.368,       2.498,      14.819,      30.219
 39000          ,      32.755,      24.071,       2.911,      12.015,      27.630
 39500          ,      32.787,      27.241,       1.715,      14.831,      30.575
 40000          ,      32.417,      27.279,       2.032,      16.963,      32.382
 40500          ,      33.277,      27.509,       1.950,      16.150,      31.930
 41000          ,      32.300,      28.478,       1.740,      15.992,      31.682
 41500          ,      31.353,      25.448,       2.173,      13.477,      27.796
 42000          ,      31.644,      27.481,       2.434,      16.184,      30.890
 42500          ,      33.400,      22.895,       2.617,      12.452,      27.649
 43000          ,      34.305,      26.287,       2.161,      13.755,      30.655
 43500          ,      32.915,      28.180,       1.562,      16.157,      32.083
 44000          ,      31.622,      26.255,       1.835,      15.451,      29.200
 44500          ,      33.554,      28.584,       1.509,      16.439,      32.408
 45000          ,      33.681,      27.261,       1.754,      14.846,      31.511
 45500          ,      31.775,      25.893,       2.328,      14.109,      29.512
 46000          ,      30.711,      26.295,       1.821,      14.699,      28.502
 46500          ,      32.342,      25.357,       1.574,      14.783,      29.878
 47000          ,      33.272,      28.812,       1.624,      17.133,      32.229
 47500          ,      33.864,      28.012,       1.976,      15.905,      32.135
 48000          ,      33.555,      27.655,       2.108,      16.474,      30.772
 48500          ,      32.434,      25.943,       1.594,      15.319,      30.069
 49000          ,      32.499,      27.428,       1.565,      16.393,      32.200
 49500          ,      32.228,      27.281,       1.643,      15.137,      31.368
 50000          ,      32.415,      25.786,       2.506,      15.122,      28.353
 50500          ,      32.025,      28.410,       1.865,      16.517,      31.482
 51000          ,      32.668,      27.843,       1.341,      15.688,      31.027
 51500          ,      33.549,      26.613,       1.360,      14.804,      31.178
 52000          ,      32.924,      27.204,       1.807,      14.949,      31.366
 52500          ,      32.403,      26.994,       1.756,      14.159,      29.932
 53000          ,      33.795,      28.125,       1.546,      16.006,      31.743
 53500          ,      33.156,      27.210,       1.470,      15.989,      31.899
 54000          ,      32.848,      27.771,       1.652,      16.684,      32.859
 54500          ,      31.776,      25.652,       2.102,      12.808,      28.690
 55000          ,      33.807,      25.942,       1.502,      14.616,      30.921
 55500          ,      34.337,      28.202,       2.139,      16.231,      32.552
 56000          ,      31.100,      26.367,       2.091,      15.111,      29.149
 56500          ,      32.842,      27.269,       1.440,      16.776,      32.366
 57000          ,      31.823,      26.361,       1.579,      14.818,      29.974
 57500          ,      31.969,      26.771,       2.181,      14.893,      29.562
 58000          ,      31.631,      26.830,       1.657,      14.696,      29.068
 58500          ,      32.558,      26.850,       2.009,      15.447,      30.715
 59000          ,      33.274,      24.146,       2.479,      12.797,      28.570
 59500          ,      31.997,      25.495,       2.226,      13.693,      28.567
 60000          ,      32.426,      29.014,       1.349,      16.264,      32.365
 60500          ,      31.892,      26.692,       1.829,      16.491,      31.518
 61000          ,      31.040,      24.760,       1.813,      13.599,      29.055
 61500          ,      31.791,      26.634,       1.819,      15.229,      30.547
 62000          ,      32.652,      26.874,       1.905,      15.102,      30.485
 62500          ,      33.210,      26.509,       2.262,      14.970,      31.029
 63000          ,      32.807,      27.313,       1.763,      15.047,      30.620
 63500          ,      32.100,      26.776,       1.886,      15.336,      30.120
 64000          ,      31.338,      28.741,       1.758,      17.152,      31.401
 64500          ,      32.504,      28.231,       1.257,      14.986,      31.543
 65000          ,      33.327,      26.565,       1.440,      14.655,      31.211
 65500          ,      32.287,      26.582,       1.324,      15.822,      30.747
 66000          ,      31.649,      27.812,       1.507,      14.415,      30.015
 66500          ,      31.187,      25.847,       2.011,      13.953,      28.845
 67000          ,      32.495,      25.869,       2.343,      13.844,      28.441
 67500          ,      34.030,      27.327,       2.046,      16.589,      31.673
 68000          ,      31.817,      27.498,       1.933,      14.998,      31.003
 68500          ,      32.977,      26.239,       1.488,      14.438,      31.243
 69000          ,      33.082,      27.770,       1.789,      15.324,      31.804
 69500          ,      32.543,      26.069,       2.184,      13.803,      29.627
 70000          ,      32.197,      27.332,       1.616,      16.751,      31.945
 70500          ,      30.764,      27.127,       1.865,      15.260,      30.850
 71000          ,      31.607,      27.178,       1.977,      16.007,      29.386
 71500          ,      33.022,      26.683,       2.060,      15.391,      31.059
 72000          ,      31.570,      25.801,       1.684,      13.323,      28.086
 72500          ,      32.553,      26.383,       2.009,      13.893,      30.782
 73000          ,      31.556,      26.535,       2.348,      13.832,      29.419
 73500          ,      32.855,      25.454,       2.456,      14.827,      29.243
 74000          ,      32.939,      26.453,       1.905,      14.440,      30.053
 74500          ,      32.557,      25.672,       1.856,      13.128,      28.526
 75000          ,      32.293,      22.258,       3.266,      12.092,      26.424
 75500          ,      32.769,      26.333,       1.387,      14.184,      31.029
 76000          ,      31.238,      27.620,       1.276,      15.378,      30.212
 76500          ,      32.843,      26.576,       1.990,      15.075,      30.593
 77000          ,      33.020,      27.133,       1.668,      14.967,      30.837
 77500          ,      31.818,      27.164,       1.523,      15.174,      31.113
 78000          ,      32.024,      25.561,       1.516,      13.855,      28.940
 78500          ,      31.603,      27.165,       1.389,      15.018,      30.985
 79000          ,      32.189,      27.902,       1.673,      16.125,      32.331
 79500          ,      31.414,      28.638,       1.350,      15.769,      30.620
 80000          ,      31.872,      26.687,       2.273,      12.785,      29.315
 80500          ,      30.249,      25.932,       1.981,      15.236,      30.411
 81000          ,      33.050,      27.534,       2.067,      14.305,      30.977
 81500          ,      33.230,      28.004,       1.802,      15.448,      31.111
 82000          ,      32.414,      25.723,       1.873,      14.245,      29.987
 82500          ,      33.560,      28.291,       2.161,      15.688,      31.952
 83000          ,      32.530,      26.625,       1.955,      14.732,      30.456
 83500          ,      32.340,      26.733,       1.982,      14.076,      29.722
 84000          ,      33.315,      26.882,       1.818,      15.611,      32.019
 84500          ,      31.301,      27.893,       1.489,      14.570,      30.242
 85000          ,      33.572,      24.465,       1.990,      13.546,      29.222
 85500          ,      32.995,      26.224,       2.040,      14.426,      30.315
 86000          ,      32.460,      27.105,       1.591,      16.065,      32.157
 86500          ,      33.464,      26.315,       2.368,      16.060,      31.306
 87000          ,      32.454,      25.630,       2.775,      14.340,      29.746
 87500          ,      29.583,      23.434,       2.057,      13.427,      27.809
 88000          ,      31.635,      28.100,       1.408,      15.633,      31.408
 88500          ,      31.767,      27.408,       1.907,      14.844,      29.969
 89000          ,      33.979,      27.868,       2.138,      16.210,      31.964
 89500          ,      32.496,      26.435,       1.641,      15.010,      29.630
 90000          ,      32.036,      26.542,       1.600,      13.955,      30.567
 90500          ,      33.999,      26.205,       2.189,      14.802,      30.667
 91000          ,      32.802,      27.590,       1.462,      15.726,      32.446
 91500          ,      31.857,      27.922,       1.942,      14.843,      30.527
 92000          ,      32.777,      25.577,       1.663,      14.485,      30.739
 92500          ,      31.184,      28.240,       1.828,      16.658,      30.335
 93000          ,      30.877,      25.166,       1.699,      13.525,      29.687
 93500          ,      31.944,      26.863,       2.242,      15.963,      31.596
 94000          ,      31.166,      26.907,       2.253,      14.064,      29.698
 94500          ,      32.456,      26.553,       2.244,      16.592,      31.142
 95000          ,      33.481,      25.539,       2.056,      14.116,      30.104
 95500          ,      31.510,      28.706,       1.607,      16.385,      31.580
 96000          ,      32.767,      27.441,       1.743,      16.295,      32.217
 96500          ,      32.917,      25.628,       1.805,      13.461,      30.587
 97000          ,      32.609,      25.949,       1.613,      14.896,      30.302
 97500          ,      31.076,      26.685,       1.422,      14.975,      29.653
 98000          ,      32.092,      25.885,       1.220,      14.458,      30.467
 98500          ,      32.147,      23.714,       2.454,      12.308,      27.067
 99000          ,      32.704,      25.724,       1.760,      15.168,      30.675
 99500          ,      33.826,      24.549,       2.117,      13.691,      28.834
 100000         ,      33.055,      25.293,       2.055,      14.161,      29.474
 100500         ,      33.205,      27.068,       2.202,      14.695,      30.800
 101000         ,      30.734,      27.520,       1.672,      14.665,      30.331
 101500         ,      30.731,      27.281,       2.150,      14.253,      30.539
 102000         ,      32.621,      27.937,       1.678,      15.140,      31.560
 102500         ,      32.504,      26.943,       1.268,      15.428,      31.030
 103000         ,      33.888,      26.705,       2.113,      13.904,      31.286
 103500         ,      33.335,      27.884,       1.697,      15.646,      31.919
 104000         ,      32.669,      28.397,       1.310,      16.211,      31.110
 104500         ,      32.599,      25.446,       2.385,      13.535,      29.895
 105000         ,      33.170,      27.511,       2.305,      14.840,      31.069
 105500         ,      31.344,      28.432,       1.737,      16.793,      32.330
 106000         ,      30.829,      26.973,       2.085,      15.250,      29.821
 106500         ,      33.679,      24.451,       2.524,      13.165,      29.166
 107000         ,      34.251,      23.872,       2.419,      11.884,      28.535
 107500         ,      33.198,      26.810,       1.954,      14.498,      30.669
 108000         ,      32.894,      28.088,       2.225,      17.288,      31.878
 108500         ,      31.860,      27.279,       1.209,      14.720,      30.690
 109000         ,      29.861,      27.012,       2.107,      14.649,      28.691
 109500         ,      32.924,      28.190,       1.777,      16.647,      33.004
 110000         ,      32.381,      27.807,       1.714,      15.141,      31.002
 110500         ,      33.166,      26.663,       1.799,      15.048,      31.277
 111000         ,      34.162,      26.069,       1.972,      14.524,      30.922
 111500         ,      33.390,      27.176,       2.321,      16.956,      32.997
 112000         ,      32.328,      26.305,       1.660,      14.646,      29.991
 112500         ,      33.193,      28.207,       1.841,      16.765,      32.252
 113000         ,      32.562,      28.920,       1.656,      16.789,      31.760
 113500         ,      32.669,      25.690,       2.201,      14.840,      30.220
 114000         ,      32.570,      26.306,       2.133,      15.249,      31.135
 114500         ,      33.446,      28.604,       1.618,      17.056,      32.197
 115000         ,      31.828,      28.334,       1.901,      16.571,      30.898
 115500         ,      31.028,      26.856,       1.566,      15.175,      30.508
 116000         ,      33.124,      26.137,       2.668,      15.228,      30.697
 116500         ,      33.042,      25.731,       2.292,      13.778,      29.790
 117000         ,      31.779,      26.619,       1.970,      13.691,      29.537
 117500         ,      32.293,      25.001,       2.997,      13.089,      27.795
 118000         ,      30.952,      27.492,       1.979,      16.389,      30.266
 118500         ,      33.145,      25.955,       2.178,      15.084,      30.762
 119000         ,      33.002,      28.371,       1.647,      16.609,      32.657
 119500         ,      31.405,      27.481,       1.227,      15.575,      31.516
 120000         ,      29.677,      26.904,       1.737,      17.117,      31.727
 120500         ,      31.430,      25.930,       1.694,      15.099,      30.416
 121000         ,      30.982,      26.580,       2.229,      13.518,      29.090
 121500         ,      32.184,      27.560,       1.251,      15.730,      32.011
 122000         ,      33.521,      25.819,       1.771,      14.278,      30.120
 122500         ,      32.731,      27.235,       2.209,      15.746,      30.923
 123000         ,      32.505,      28.053,       1.562,      16.403,      31.999
 123500         ,      33.877,      27.194,       2.407,      14.784,      30.723
 124000         ,      33.323,      28.615,       1.751,      16.464,      31.327
 124500         ,      32.921,      25.592,       2.628,      14.899,      28.638
 125000         ,      31.381,      28.019,       2.797,      16.691,      30.124
 125500         ,      32.754,      26.235,       2.038,      12.996,      29.657
 126000         ,      32.235,      27.891,       2.246,      16.584,      32.193
 126500         ,      33.014,      25.471,       2.130,      14.788,      29.837
 127000         ,      32.225,      25.202,       2.010,      15.057,      29.570
 127500         ,      32.698,      28.291,       2.177,      16.019,      31.996
 128000         ,      31.060,      26.632,       2.701,      14.482,      28.499
 128500         ,      32.723,      26.667,       1.581,      15.678,      31.168
 129000         ,      34.152,      25.038,       2.394,      13.545,      29.582
 129500         ,      32.850,      25.452,       2.265,      14.171,      28.159
 130000         ,      32.571,      27.561,       1.948,      16.117,      30.216
 130500         ,      32.174,      25.340,       2.490,      12.456,      28.731
 131000         ,      32.933,      28.098,       1.895,      16.330,      31.493
 131500         ,      33.000,      26.666,       2.204,      14.645,      30.771
 132000         ,      33.019,      28.721,       2.065,      17.075,      31.636
 132500         ,      32.515,      27.037,       1.715,      15.629,      30.812
 133000         ,      33.201,      27.616,       2.012,      16.467,      32.747
 133500         ,      32.593,      28.163,       1.559,      15.793,      30.631
 134000         ,      31.798,      27.209,       2.028,      15.988,      31.412
 134500         ,      33.984,      26.220,       1.875,      14.754,      29.951
 135000         ,      32.562,      25.670,       2.386,      15.093,      29.467
 135500         ,      31.724,      27.856,       2.050,      15.478,      30.254
 136000         ,      32.740,      25.121,       2.655,      12.500,      28.557
 136500         ,      31.632,      26.461,       1.930,      14.475,      30.656
 137000         ,      32.879,      27.465,       2.818,      15.300,      29.767
 137500         ,      33.082,      26.487,       1.982,      15.079,      31.255
 138000         ,      32.211,      28.671,       2.183,      16.629,      30.974
 138500         ,      31.206,      26.703,       2.093,      15.391,      30.158
 139000         ,      31.344,      26.989,       1.713,      14.851,      31.100
 139500         ,      32.890,      27.843,       2.534,      15.923,      31.124
 140000         ,      32.647,      26.545,       1.918,      15.234,      30.716
 140500         ,      32.994,      27.159,       1.960,      14.572,      30.013
 141000         ,      33.351,      25.568,       1.927,      13.461,      30.149
 141500         ,      31.449,      25.549,       2.096,      13.486,      30.071
 142000         ,      32.628,      27.739,       2.859,      16.154,      30.493
 142500         ,      33.457,      26.475,       1.907,      14.887,      31.045
 143000         ,      32.693,      25.418,       2.317,      13.621,      28.260
 143500         ,      33.773,      26.375,       3.084,      14.572,      30.081
 144000         ,      33.292,      27.498,       2.035,      15.062,      30.983
 144500         ,      33.393,      27.264,       1.323,      16.004,      31.786
 145000         ,      32.765,      24.390,       2.364,      13.987,      28.890
 145500         ,      33.639,      26.426,       2.338,      14.263,      30.705
 146000         ,      30.410,      24.816,       2.665,      13.191,      26.779
 146500         ,      33.155,      24.524,       2.161,      12.446,      28.449
 147000         ,      32.898,      27.586,       1.639,      15.422,      31.305
 147500         ,      32.705,      25.989,       2.199,      14.734,      29.105
 148000         ,      31.609,      27.215,       1.670,      15.936,      31.791
 148500         ,      33.529,      27.571,       1.845,      15.908,      31.882
 149000         ,      32.022,      26.233,       1.527,      14.944,      30.760
 149500         ,      31.084,      24.605,       2.676,      11.266,      27.414
 150000         ,      32.467,      26.317,       1.985,      13.377,      29.437
 150500         ,      32.874,      25.465,       1.955,      13.156,      29.409
 151000         ,      33.643,      25.515,       2.376,      12.421,      29.145
 151500         ,      32.382,      27.696,       1.582,      15.857,      31.243
 152000         ,      33.273,      28.332,       1.766,      15.809,      32.316
 152500         ,      32.275,      26.188,       2.143,      15.620,      29.080
 153000         ,      31.666,      27.331,       1.707,      16.027,      30.945
 153500         ,      32.744,      23.722,       1.904,      13.804,      28.298
 154000         ,      32.919,      27.615,       2.482,      16.010,      32.358
 154500         ,      31.280,      27.863,       1.574,      16.102,      31.537
 155000         ,      31.515,      26.913,       2.563,      15.090,      30.887
 155500         ,      32.579,      27.255,       2.392,      15.084,      28.908
 156000         ,      32.017,      26.325,       1.308,      13.686,      30.418
 156500         ,      32.213,      28.298,       1.787,      15.204,      30.631
 157000         ,      30.737,      27.815,       1.845,      16.394,      31.681
 157500         ,      32.928,      26.199,       1.997,      14.442,      30.374
 158000         ,      33.405,      27.857,       1.825,      16.460,      32.257
 158500         ,      33.367,      28.055,       2.295,      16.267,      31.771
 159000         ,      32.817,      25.580,       1.976,      15.167,      30.220
 159500         ,      31.778,      27.863,       2.080,      15.444,      30.549
 160000         ,      32.339,      28.753,       1.721,      16.197,      31.368
 160500         ,      33.271,      27.930,       1.529,      15.691,      31.996
 161000         ,      32.807,      26.783,       1.364,      14.135,      31.469
 161500         ,      31.700,      24.527,       2.406,      14.295,      29.236
 162000         ,      33.488,      28.734,       1.781,      16.692,      32.523
 162500         ,      30.934,      26.264,       1.699,      13.492,      29.563
 163000         ,      34.087,      23.591,       3.733,      13.109,      26.487
 163500         ,      31.584,      25.818,       1.587,      14.566,      30.136
 164000         ,      32.830,      27.225,       1.578,      15.330,      32.078
 164500         ,      32.095,      23.910,       2.220,      13.928,      29.006
 165000         ,      32.048,      25.589,       2.195,      13.438,      30.088
 165500         ,      32.073,      25.405,       2.680,      13.991,      30.318
 166000         ,      31.860,      26.292,       2.264,      14.436,      30.258
 166500         ,      32.967,      26.222,       1.917,      13.977,      30.031
 167000         ,      32.582,      25.850,       1.750,      14.376,      30.119
 167500         ,      30.925,      24.274,       2.038,      12.256,      28.652
 168000         ,      31.683,      26.512,       2.165,      14.779,      30.058
 168500         ,      32.355,      26.536,       2.087,      14.397,      30.267
 169000         ,      33.483,      24.488,       2.704,      12.597,      29.556
 169500         ,      31.056,      25.987,       2.938,      15.282,      29.481
 170000         ,      32.540,      26.387,       1.690,      15.268,      30.865
 170500         ,      31.228,      26.005,       2.824,      14.158,      29.483
 171000         ,      33.377,      27.535,       1.678,      15.620,      31.711
 171500         ,      33.451,      26.715,       1.829,      15.090,      29.887
 172000         ,      32.349,      28.339,       2.356,      16.314,      31.500
 172500         ,      32.885,      27.415,       1.526,      14.579,      31.201
 173000         ,      32.942,      28.417,       1.838,      16.653,      32.396
 173500         ,      33.432,      25.765,       2.361,      14.682,      30.570
 174000         ,      33.066,      26.494,       1.666,      13.851,      30.437
 174500         ,      32.555,      25.748,       1.998,      15.043,      30.404
 175000         ,      33.777,      27.273,       2.469,      15.067,      31.076
 175500         ,      32.916,      26.007,       1.598,      15.355,      30.782
 176000         ,      32.074,      28.173,       1.658,      16.300,      31.733
 176500         ,      32.898,      26.949,       2.241,      14.952,      29.426
 177000         ,      33.459,      27.042,       1.833,      14.122,      31.023
 177500         ,      32.502,      23.122,       1.908,      12.799,      26.870
 178000         ,      29.994,      25.604,       2.105,      16.222,      30.571
 178500         ,      32.689,      23.654,       2.865,      13.447,      28.400
 179000         ,      29.932,      26.754,       2.200,      15.451,      28.206
 179500         ,      32.840,      27.946,       1.625,      16.435,      32.796
 180000         ,      33.834,      26.382,       1.309,      15.239,      30.936
 180500         ,      33.455,      27.327,       2.221,      15.471,      30.335
 181000         ,      31.238,      28.715,       2.367,      15.652,      31.064
 181500         ,      31.352,      27.586,       2.130,      14.111,      30.673
 182000         ,      33.599,      27.076,       1.811,      16.144,      31.621
 182500         ,      31.071,      28.340,       1.867,      15.706,      30.762
 183000         ,      32.374,      25.509,       2.231,      13.729,      29.849
 183500         ,      34.656,      26.031,       2.385,      14.785,      30.427
 184000         ,      32.304,      28.964,       1.356,      16.691,      32.186
 184500         ,      33.306,      26.885,       1.250,      15.646,      31.172
 185000         ,      33.168,      27.368,       1.664,      15.948,      31.887
 185500         ,      34.235,      25.901,       2.194,      14.629,      30.983
 186000         ,      31.560,      25.327,       2.646,      12.966,      27.965
 186500         ,      32.912,      26.475,       1.932,      14.914,      31.150
 187000         ,      31.205,      25.005,       1.349,      14.772,      29.627
 187500         ,      31.092,      26.532,       2.345,      13.752,      29.257
 188000         ,      32.903,      23.801,       2.148,      12.280,      27.745
 188500         ,      32.271,      28.261,       1.621,      15.250,      31.229
 189000         ,      33.478,      28.230,       2.084,      17.232,      33.226
 189500         ,      33.186,      27.419,       2.265,      16.209,      31.782
 190000         ,      33.356,      27.557,       1.875,      15.173,      31.938
 190500         ,      29.349,      23.693,       2.558,      12.646,      25.353
 191000         ,      33.117,      26.581,       1.355,      13.968,      31.104
 191500         ,      32.013,      27.332,       1.442,      15.304,      31.548
 192000         ,      32.082,      23.907,       2.486,      14.285,      28.231
 192500         ,      34.102,      26.500,       2.126,      15.232,      30.259
 193000         ,      31.437,      26.727,       1.996,      15.762,      28.736
 193500         ,      32.761,      27.181,       1.437,      14.802,      31.139
 194000         ,      33.917,      28.111,       1.726,      16.156,      32.292
 194500         ,      33.225,      27.802,       1.911,      15.800,      32.125
 195000         ,      32.468,      24.730,       1.926,      12.398,      28.547
 195500         ,      33.044,      26.460,       1.623,      16.135,      30.974
 196000         ,      30.776,      27.349,       2.007,      16.212,      30.487
 196500         ,      30.751,      24.999,       2.633,      13.760,      29.383
 197000         ,      31.754,      27.718,       1.491,      15.503,      31.401
 197500         ,      31.336,      27.537,       2.310,      15.123,      30.289
 198000         ,      32.959,      28.169,       2.037,      15.849,      32.342
 198500         ,      33.168,      28.879,       1.608,      16.995,      32.632
 199000         ,      32.932,      28.011,       2.315,      16.584,      32.614
 199500         ,      33.487,      26.610,       1.711,      14.122,      29.944
 200000         ,      30.908,      26.460,       1.822,      14.896,      29.108
 200500         ,      31.884,      28.187,       1.949,      16.192,      31.547
 201000         ,      33.569,      28.769,       2.138,      16.869,      32.854
 201500         ,      31.973,      25.647,       1.820,      13.736,      28.845
 202000         ,      32.415,      24.549,       2.153,      12.369,      28.953
 202500         ,      32.889,      26.154,       2.062,      14.032,      30.840
 203000         ,      31.764,      27.304,       1.853,      15.688,      30.019
 203500         ,      33.033,      26.195,       2.209,      13.536,      30.308
 204000         ,      33.529,      26.132,       1.839,      13.917,      31.090
 204500         ,      32.949,      27.643,       1.886,      16.594,      31.613
 205000         ,      31.914,      26.974,       1.541,      14.938,      31.178
 205500         ,      33.282,      26.647,       2.033,      16.111,      31.316
 206000         ,      32.758,      27.773,       1.849,      15.433,      32.016
 206500         ,      32.816,      26.707,       2.005,      14.238,      30.551
 207000         ,      32.246,      28.160,       1.719,      16.331,      31.369
 207500         ,      32.377,      25.117,       2.325,      15.075,      29.697
 208000         ,      32.304,      27.007,       2.597,      15.953,      31.275
 208500         ,      32.304,      27.124,       1.685,      14.848,      29.880
 209000         ,      32.232,      27.835,       1.950,      15.223,      30.239
 209500         ,      33.067,      26.081,       1.664,      14.784,      29.887
 210000         ,      32.136,      28.370,       2.104,      16.181,      31.765
 210500         ,      32.275,      26.373,       1.592,      14.757,      31.128
 211000         ,      32.019,      25.950,       2.761,      13.572,      29.327
 211500         ,      33.149,      26.365,       2.003,      15.337,      29.939
 212000         ,      32.298,      26.651,       2.363,      15.377,      31.086
 212500         ,      29.209,      25.730,       2.914,      15.371,      27.733
 213000         ,      32.294,      27.667,       2.185,      15.140,      30.484
 213500         ,      32.896,      24.278,       2.826,      12.736,      28.654
 214000         ,      33.206,      26.054,       1.543,      13.244,      29.924
 214500         ,      31.035,      25.861,       1.795,      13.973,      29.526
 215000         ,      32.665,      26.001,       1.946,      15.146,      29.542
 215500         ,      33.418,      26.277,       1.798,      14.295,      30.827
 216000         ,      32.784,      27.539,       2.002,      16.058,      31.837
 216500         ,      33.897,      25.027,       1.813,      14.070,      29.899
 217000         ,      34.030,      27.373,       1.819,      16.074,      31.141
 217500         ,      31.917,      28.753,       1.497,      16.163,      32.119
 218000         ,      31.219,      27.744,       2.093,      14.299,      29.659
 218500         ,      32.109,      25.186,       2.469,      12.742,      27.968
 219000         ,      30.566,      25.456,       2.616,      14.750,      27.021
 219500         ,      32.633,      27.525,       1.906,      15.467,      31.199
 220000         ,      31.006,      26.979,       1.573,      14.685,      29.174
 220500         ,      32.444,      27.285,       1.288,      15.050,      30.785
 221000         ,      31.802,      25.678,       1.715,      13.113,      28.069
 221500         ,      32.111,      25.723,       1.896,      13.924,      29.915
 222000         ,      32.070,      27.080,       1.790,      14.520,      31.329
 222500         ,      31.707,      24.895,       2.282,      13.721,      29.437
 223000         ,      32.932,      26.077,       1.632,      14.649,      29.808
 223500         ,      32.230,      27.804,       2.270,      15.896,      31.349
 224000         ,      34.624,      27.094,       2.478,      14.351,      31.169
 224500         ,      31.797,      27.225,       2.042,      15.722,      30.077
 225000         ,      30.894,      28.047,       1.631,      16.133,      31.336
 225500         ,      33.036,      26.405,       2.011,      15.815,      30.164
 226000         ,      32.824,      25.286,       2.012,      13.830,      29.983
 226500         ,      33.454,      26.411,       1.367,      14.618,      31.377
 227000         ,      32.374,      29.119,       2.147,      17.446,      30.993
 227500         ,      31.929,      27.902,       2.350,      15.378,      30.924
 228000         ,      33.047,      27.768,       1.902,      16.065,      31.837
 228500         ,      33.304,      27.071,       2.067,      14.035,      30.861
 229000         ,      32.699,      26.524,       2.283,      14.686,      29.958
 229500         ,      33.039,      25.494,       1.847,      14.625,      29.700
 230000         ,      33.423,      24.515,       2.328,      13.325,      29.263
 230500         ,      33.436,      26.048,       2.424,      14.067,      30.441
 231000         ,      31.131,      28.246,       1.713,      15.044,      30.045
 231500         ,      31.513,      25.845,       1.306,      15.091,      30.474
 232000         ,      30.462,      25.851,       2.169,      13.399,      27.671
 232500         ,      31.115,      25.342,       1.986,      12.319,      28.931
 233000         ,      32.701,      24.474,       2.698,      14.046,      28.983
 233500         ,      32.518,      24.987,       1.950,      13.786,      29.411
 234000         ,      32.784,      27.788,       1.587,      15.556,      31.661
 234500         ,      32.847,      22.730,       2.393,      12.212,      26.256
 235000         ,      33.115,      26.350,       1.657,      14.526,      31.164
 235500         ,      33.012,      27.697,       1.776,      16.138,      30.934
 236000         ,      32.469,      26.425,       1.364,      14.892,      31.183
 236500         ,      32.145,      25.879,       1.983,      13.447,      29.478
 237000         ,      32.251,      27.642,       1.704,      15.085,      30.685
 237500         ,      32.693,      24.889,       1.833,      13.219,      29.385
 238000         ,      33.026,      28.402,       3.008,      16.887,      32.041
 238500         ,      31.645,      25.748,       2.007,      14.742,      29.225
 239000         ,      31.988,      24.418,       2.520,      11.652,      27.245
 239500         ,      33.709,      25.189,       1.961,      12.974,      29.917
 240000         ,      32.176,      28.342,       1.342,      16.216,      31.511
 240500         ,      33.321,      29.102,       1.750,      16.800,      32.653
 241000         ,      32.445,      25.849,       2.467,      14.664,      28.484
 241500         ,      31.443,      28.387,       1.828,      16.671,      31.358
 242000         ,      32.268,      27.168,       1.934,      15.081,      29.927
 242500         ,      32.380,      27.705,       1.802,      15.574,      31.558
 243000         ,      31.365,      26.297,       1.737,      14.488,      30.172
 243500         ,      32.990,      25.087,       2.703,      13.647,      28.903
 244000         ,      32.992,      25.310,       2.398,      13.652,      29.894
 244500         ,      33.457,      27.935,       1.792,      16.333,      32.109
 245000         ,      34.006,      25.466,       1.889,      13.850,      30.769
 245500         ,      32.548,      25.546,       2.447,      13.716,      29.909
 246000         ,      33.662,      26.063,       1.871,      15.042,      30.967
 246500         ,      32.935,      26.098,       1.787,      14.112,      29.422
 247000         ,      32.416,      27.918,       1.448,      16.048,      31.660
 247500         ,      33.525,      26.888,       1.907,      14.526,      30.668
 248000         ,      33.086,      26.263,       1.805,      14.008,      30.794
 248500         ,      31.859,      22.792,       3.047,      10.431,      25.891
 249000         ,      32.164,      25.255,       2.212,      13.063,      29.801
 249500         ,      33.817,      27.430,       2.049,      15.968,      30.321
 250000         ,      32.635,      27.990,       2.341,      16.226,      31.103
 250500         ,      31.392,      24.755,       2.337,      14.711,      29.756
 251000         ,      31.727,      27.678,       1.753,      16.371,      30.076
 251500         ,      32.292,      25.565,       2.189,      13.871,      28.963
 252000         ,      32.804,      26.346,       1.767,      14.078,      30.130
 252500         ,      33.078,      27.029,       2.202,      15.819,      32.009
 253000         ,      33.051,      26.962,       1.682,      14.720,      30.473
 253500         ,      32.207,      27.261,       1.965,      16.480,      31.898
 254000         ,      32.691,      27.170,       1.403,      15.264,      31.321
 254500         ,      32.103,      27.082,       2.232,      14.716,      29.750
 255000         ,      30.927,      25.263,       2.020,      12.961,      28.087
 255500         ,      33.253,      25.845,       1.837,      13.777,      30.426
 256000         ,      31.607,      26.569,       1.899,      14.209,      29.441
 256500         ,      29.669,      23.843,       2.135,      13.858,      27.703
 257000         ,      32.963,      26.103,       2.066,      14.708,      30.329
 257500         ,      33.352,      25.466,       1.601,      15.101,      30.062
 258000         ,      33.167,      25.464,       2.296,      13.461,      30.106
 258500         ,      32.384,      24.099,       1.824,      13.802,      28.368
 259000         ,      30.757,      24.730,       2.063,      13.023,      26.778
 259500         ,      32.523,      26.285,       3.040,      13.939,      28.740
 260000         ,      34.296,      23.835,       3.427,      12.164,      28.548
 260500         ,      32.798,      25.946,       1.774,      13.942,      30.736
 261000         ,      31.892,      27.021,       1.896,      15.683,      31.533
 261500         ,      34.024,      26.600,       2.205,      15.733,      30.934
 262000         ,      32.445,      25.162,       2.219,      13.126,      29.506
 262500         ,      32.969,      28.234,       1.964,      16.487,      30.567
 263000         ,      33.103,      24.974,       2.604,      12.986,      28.579
 263500         ,      32.289,      28.431,       1.933,      16.150,      32.037
 264000         ,      33.078,      25.942,       1.670,      14.732,      30.744
 264500         ,      31.436,      27.118,       2.246,      15.812,      30.473
 265000         ,      32.524,      28.655,       1.646,      17.040,      32.256
 265500         ,      32.612,      28.150,       1.796,      15.588,      32.094
 266000         ,      31.762,      26.934,       1.788,      15.807,      31.301
 266500         ,      30.023,      27.644,       2.004,      15.918,      30.059
 267000         ,      31.988,      28.462,       1.952,      16.259,      31.811
 267500         ,      32.570,      23.091,       2.726,      12.087,      28.098
 268000         ,      32.743,      27.357,       1.713,      15.180,      31.523
 268500         ,      32.116,      26.884,       1.522,      15.575,      31.547
 269000         ,      31.353,      24.535,       3.285,      12.868,      26.627
 269500         ,      32.017,      24.863,       2.287,      11.811,      28.589
 270000         ,      30.800,      26.750,       1.369,      15.108,      31.063
 270500         ,      29.985,      26.759,       2.115,      14.653,      29.723
 271000         ,      33.331,      27.610,       1.476,      16.447,      31.562
 271500         ,      31.809,      26.269,       1.407,      15.210,      30.848
 272000         ,      32.015,      26.711,       2.306,      16.405,      31.521
 272500         ,      33.036,      26.744,       2.440,      14.901,      30.526
 273000         ,      31.310,      26.543,       2.290,      14.756,      29.272
 273500         ,      31.975,      25.977,       3.093,      14.660,      28.556
 274000         ,      31.260,      27.431,       2.514,      15.776,      29.364
 274500         ,      30.779,      27.352,       1.798,      15.718,      31.968
 275000         ,      31.810,      26.666,       2.037,      16.368,      31.312
 275500         ,      30.403,      27.047,       1.268,      15.248,      31.196
 276000         ,      32.655,      26.385,       1.619,      13.590,      29.650
 276500         ,      32.383,      26.486,       1.999,      14.629,      30.453
 277000         ,      32.643,      28.537,       1.285,      16.851,      32.621
 277500         ,      33.155,      28.011,       1.978,      15.699,      30.655
 278000         ,      33.175,      27.509,       1.481,      15.479,      31.831
 278500         ,      33.734,      26.419,       1.894,      13.691,      30.215
 279000         ,      32.099,      26.223,       1.776,      13.232,      28.649
 279500         ,      31.544,      27.468,       1.686,      15.489,      29.708
 280000         ,      32.484,      23.503,       2.693,      14.281,      28.195
 280500         ,      33.249,      23.920,       3.925,      14.195,      27.034
 281000         ,      33.060,      25.743,       2.203,      13.935,      28.823
 281500         ,      32.403,      27.844,       1.504,      15.726,      31.931
 282000         ,      32.379,      28.424,       1.961,      16.559,      31.192
 282500         ,      31.307,      27.264,       1.796,      15.875,      31.366
 283000         ,      32.438,      24.806,       2.436,      14.873,      28.000
 283500         ,      33.358,      27.019,       2.405,      14.806,      30.352
 284000         ,      33.830,      24.949,       2.058,      14.154,      29.802
 284500         ,      32.983,      26.056,       1.951,      15.725,      30.699
 285000         ,      31.606,      27.204,       1.538,      14.486,      30.776
 285500         ,      33.491,      25.838,       1.514,      13.882,      30.294
 286000         ,      32.936,      24.437,       1.848,      12.890,      29.693
 286500         ,      32.230,      27.628,       1.819,      15.270,      30.504
 287000         ,      31.008,      24.784,       2.769,      14.015,      29.364
 287500         ,      33.062,      23.759,       2.137,      12.382,      27.701
 288000         ,      33.867,      26.660,       2.460,      15.013,      31.195
 288500         ,      31.851,      25.731,       2.148,      14.659,      29.871
 289000         ,      30.517,      24.197,       2.481,      11.598,      27.049
 289500         ,      32.178,      26.013,       2.044,      14.897,      30.480
 290000         ,      33.213,      24.257,       1.944,      12.938,      29.364
 290500         ,      32.793,      23.856,       2.425,      11.705,      28.418
 291000         ,      31.991,      26.950,       1.601,      14.870,      30.624
 291500         ,      32.066,      26.284,       2.169,      15.837,      31.424
 292000         ,      32.476,      26.443,       1.864,      13.513,      30.438
 292500         ,      32.233,      27.212,       2.051,      15.048,      30.063
 293000         ,      32.364,      27.495,       2.033,      15.581,      31.246
 293500         ,      33.002,      27.950,       2.115,      16.752,      30.858
 294000         ,      32.270,      28.474,       2.137,      16.031,      31.062
 294500         ,      31.972,      27.887,       1.576,      15.947,      31.767
 295000         ,      33.858,      25.914,       1.874,      15.053,      30.667
 295500         ,      33.223,      25.177,       2.525,      12.407,      29.595
 296000         ,      32.879,      27.395,       2.652,      15.165,      31.235
 296500         ,      33.987,      27.335,       1.976,      15.717,      31.819
 297000         ,      32.225,      26.810,       2.608,      15.347,      29.319
 297500         ,      31.471,      23.662,       2.305,      12.295,      28.263
 298000         ,      32.079,      26.596,       2.320,      13.978,      28.522
 298500         ,      30.821,      23.573,       1.914,      12.555,      28.309
 299000         ,      34.305,      26.043,       1.928,      15.627,      30.734
 299500         ,      31.278,      26.909,       1.793,      14.716,      30.378
 300000         ,      31.164,      26.538,       2.232,      15.421,      30.983
 300500         ,      33.669,      26.475,       2.120,      14.006,      30.485
 301000         ,      33.312,      26.439,       2.021,      16.099,      31.052
 301500         ,      33.121,      28.747,       1.688,      16.726,      32.518
 302000         ,      30.066,      25.567,       1.927,      15.190,      29.573
 302500         ,      32.421,      27.959,       1.815,      15.282,      31.602
 303000         ,      32.024,      26.807,       2.031,      14.821,      28.802
 303500         ,      33.209,      25.744,       1.549,      15.154,      30.191
 304000         ,      32.608,      26.981,       2.496,      14.544,      31.139
 304500         ,      32.625,      25.996,       2.296,      13.897,      30.337
 305000         ,      33.613,      24.921,       2.441,      13.577,      29.888
 305500         ,      32.915,      26.523,       1.476,      15.803,      30.931
 306000         ,      32.315,      25.977,       1.905,      13.110,      28.859
 306500         ,      33.262,      25.742,       2.863,      13.982,      29.402
 307000         ,      33.345,      22.338,       2.540,      11.792,      27.274
 307500         ,      32.715,      27.880,       1.540,      15.762,      31.338
 308000         ,      33.543,      27.020,       2.123,      15.679,      31.487
 308500         ,      33.132,      26.401,       1.875,      15.738,      30.894
 309000         ,      32.913,      24.816,       2.005,      14.320,      29.722
 309500         ,      32.044,      26.803,       2.386,      13.999,      28.859
 310000         ,      28.850,      25.357,       1.900,      15.301,      29.415
 310500         ,      32.754,      22.918,       2.943,      10.748,      27.517
 311000         ,      32.739,      26.630,       2.023,      15.223,      31.592
 311500         ,      32.497,      26.499,       1.699,      14.936,      30.150
 312000         ,      33.221,      28.448,       2.076,      16.695,      30.992
 312500         ,      32.020,      26.416,       2.898,      14.182,      29.187
 313000         ,      32.678,      23.752,       3.257,      11.121,      27.374
 313500         ,      33.231,      28.859,       1.512,      16.859,      32.370
 314000         ,      33.783,      24.285,       1.744,      13.517,      28.820
 314500         ,      33.130,      28.033,       2.189,      16.178,      30.344
 315000         ,      33.168,      26.869,       1.207,      15.835,      31.800
 315500         ,      33.144,      26.793,       1.354,      16.234,      31.610
 316000         ,      32.582,      26.171,       2.742,      13.643,      28.977
 316500         ,      32.349,      26.567,       2.579,      14.822,      29.613
 317000         ,      31.206,      29.115,       1.837,      16.935,      31.250
 317500         ,      32.847,      27.363,       2.145,      16.609,      31.576
 318000         ,      33.239,      25.861,       1.581,      14.765,      30.552
 318500         ,      33.768,      26.117,       2.082,      16.263,      31.668
 319000         ,      30.049,      26.559,       2.116,      15.591,      30.830
 319500         ,      32.860,      28.473,       1.745,      16.772,      32.613
 320000         ,      32.352,      27.383,       2.047,      16.045,      31.850
 320500         ,      33.349,      25.210,       1.852,      13.280,      28.741
 321000         ,      30.950,      25.891,       2.005,      14.615,      30.067
 321500         ,      32.947,      25.593,       1.946,      14.330,      30.310
 322000         ,      31.095,      25.108,       2.255,      14.729,      29.732
 322500         ,      30.776,      27.196,       1.789,      16.479,      29.816
 323000         ,      33.648,      25.924,       2.630,      14.540,      29.892
 323500         ,      32.299,      25.996,       2.835,      15.479,      30.311
 324000         ,      32.571,      27.509,       1.666,      15.768,      31.340
 324500         ,      33.362,      23.816,       2.713,      12.913,      28.936
 325000         ,      33.741,      25.698,       2.377,      14.505,      30.748
 325500         ,      32.473,      27.896,       1.890,      14.760,      31.091
 326000         ,      32.486,      25.992,       2.432,      15.484,      30.874
 326500         ,      31.925,      27.285,       2.465,      14.899,      29.936
 327000         ,      32.480,      25.313,       2.518,      14.158,      29.041
 327500         ,      31.016,      28.139,       2.114,      16.439,      30.726
 328000         ,      33.140,      27.413,       1.700,      15.356,      31.498
 328500         ,      32.137,      26.300,       2.628,      14.237,      29.437
 329000         ,      32.995,      27.714,       1.598,      16.788,      31.965
 329500         ,      32.417,      26.691,       1.952,      16.075,      31.206
 330000         ,      31.985,      26.846,       2.243,      14.655,      30.354
 330500         ,      34.246,      28.041,       2.356,      16.204,      32.296
 331000         ,      32.726,      25.684,       1.954,      14.307,      29.926
 331500         ,      33.352,      26.975,       1.953,      15.244,      31.483
 332000         ,      33.474,      27.356,       1.311,      15.623,      31.579
 332500         ,      32.852,      27.248,       1.211,      14.447,      31.540
 333000         ,      33.287,      28.275,       1.216,      16.639,      32.768
 333500         ,      33.462,      28.694,       0.990,      16.889,      32.605
 334000         ,      32.782,      26.281,       1.922,      14.924,      30.509
 334500         ,      31.874,      24.837,       2.145,      13.829,      28.866
 335000         ,      31.610,      26.176,       2.536,      12.062,      29.076
 335500         ,      32.803,      28.260,       2.232,      16.976,      32.462
 336000         ,      31.288,      25.861,       2.169,      14.791,      30.076
 336500         ,      32.928,      27.945,       1.462,      15.479,      31.867
 337000         ,      33.597,      28.437,       1.681,      16.156,      32.306
 337500         ,      32.646,      27.668,       1.117,      16.499,      32.521
 338000         ,      33.114,      27.579,       1.699,      16.028,      31.876
 338500         ,      31.008,      27.515,       1.298,      16.032,      31.533
 339000         ,      33.721,      26.999,       1.601,      15.850,      31.074
 339500         ,      32.262,      25.594,       2.064,      14.247,      29.559
 340000         ,      32.773,      27.627,       2.081,      14.924,      30.926
 340500         ,      31.482,      26.090,       2.486,      14.727,      30.488
 341000         ,      33.431,      26.258,       1.821,      14.827,      30.556
 341500         ,      33.667,      27.618,       1.855,      15.686,      31.608
 342000         ,      30.364,      27.887,       1.528,      15.633,      30.646
 342500         ,      32.592,      24.674,       2.085,      13.587,      29.356
 343000         ,      31.501,      27.479,       1.665,      15.688,      30.706
 343500         ,      31.409,      25.527,       2.801,      12.348,      27.841
 344000         ,      32.803,      26.313,       1.718,      15.091,      29.945
 344500         ,      32.538,      24.640,       1.923,      13.423,      27.970
 345000         ,      32.839,      28.200,       1.802,      15.973,      31.564
 345500         ,      32.933,      28.081,       1.823,      15.772,      31.808
 346000         ,      32.391,      28.149,       1.038,      15.371,      31.809
 346500         ,      32.650,      25.898,       1.414,      14.634,      30.360
 347000         ,      33.166,      27.076,       1.084,      14.459,      30.886
 347500         ,      31.131,      27.929,       1.335,      15.940,      31.122
 348000         ,      34.097,      27.666,       2.346,      16.523,      31.773
 348500         ,      31.376,      25.561,       1.877,      14.788,      30.589
 349000         ,      32.365,      26.759,       1.546,      14.996,      31.285
 349500         ,      32.251,      25.910,       1.843,      13.660,      30.561
 350000         ,      32.978,      27.573,       1.441,      16.850,      32.401
 350500         ,      32.619,      27.495,       1.274,      15.024,      31.539
 351000         ,      32.624,      27.796,       1.627,      16.162,      30.889
 351500         ,      32.313,      28.747,       1.191,      16.797,      31.283
 352000         ,      33.663,      28.543,       1.779,      17.312,      32.405
 352500         ,      30.208,      25.173,       1.813,      13.544,      29.102
 353000         ,      30.274,      27.410,       1.580,      15.544,      30.813
 353500         ,      31.565,      27.811,       1.712,      15.907,      30.479
 354000         ,      31.730,      28.611,       1.190,      15.246,      31.403
 354500         ,      30.152,      27.462,       1.485,      15.418,      31.542
 355000         ,      32.011,      24.721,       2.337,      13.949,      29.342
 355500         ,      32.779,      27.665,       1.475,      14.876,      31.255
 356000         ,      32.559,      25.715,       2.178,      13.981,      30.202
 356500         ,      30.696,      25.566,       1.606,      13.823,      27.788
 357000         ,      31.764,      26.127,       1.208,      15.341,      30.602
 357500         ,      33.177,      26.531,       2.095,      14.076,      30.609
 358000         ,      32.724,      28.544,       1.805,      16.606,      32.432
 358500         ,      33.530,      26.967,       1.463,      15.486,      31.601
 359000         ,      33.061,      28.255,       1.731,      15.745,      31.275
 359500         ,      32.041,      27.490,       1.049,      15.728,      31.979
 360000         ,      30.784,      27.400,       1.618,      15.963,      30.480
 360500         ,      31.946,      27.291,       1.589,      16.066,      29.707
 361000         ,      31.990,      28.123,       1.471,      15.931,      31.923
 361500         ,      31.148,      27.275,       2.338,      15.471,      30.125
 362000         ,      32.313,      28.550,       1.412,      16.696,      32.671
 362500         ,      31.774,      28.340,       1.802,      16.723,      31.341
 363000         ,      32.454,      27.125,       1.734,      14.952,      30.468
 363500         ,      32.135,      26.642,       1.967,      14.994,      29.739
 364000         ,      33.783,      26.012,       1.823,      15.280,      29.851
 364500         ,      32.921,      27.035,       1.478,      16.385,      31.208
 365000         ,      32.673,      26.978,       1.868,      15.909,      29.981
 365500         ,      32.364,      24.081,       1.390,      13.608,      28.219
 366000         ,      32.515,      25.954,       1.905,      14.660,      30.274
 366500         ,      32.654,      25.168,       1.929,      13.404,      30.069
 367000         ,      32.555,      26.228,       1.693,      15.268,      31.287
 367500         ,      32.979,      26.577,       1.169,      13.864,      30.805
 368000         ,      32.670,      27.996,       1.994,      16.464,      31.936
 368500         ,      31.799,      26.530,       1.337,      15.302,      30.810
 369000         ,      32.376,      26.056,       2.104,      13.979,      29.073
 369500         ,      32.976,      28.113,       1.627,      17.022,      32.547
 370000         ,      32.542,      26.810,       1.276,      15.054,      31.427
 370500         ,      30.213,      24.910,       1.836,      14.310,      28.956
 371000         ,      30.097,      25.818,       1.823,      13.721,      29.114
 371500         ,      33.499,      26.691,       2.080,      14.919,      31.265
 372000         ,      33.074,      28.544,       1.139,      16.005,      32.825
 372500         ,      34.105,      26.146,       2.430,      14.161,      30.910
 373000         ,      33.119,      26.154,       2.549,      15.019,      29.579
 373500         ,      30.284,      28.227,       1.498,      16.065,      30.595
 374000         ,      31.189,      26.084,       1.611,      14.771,      29.992
 374500         ,      33.667,      26.956,       1.687,      15.824,      31.825
 375000         ,      33.330,      25.997,       1.606,      13.954,      30.258
 375500         ,      32.048,      25.623,       1.916,      14.085,      28.914
 376000         ,      32.510,      27.032,       1.290,      14.713,      31.668
 376500         ,      31.028,      25.928,       1.552,      13.501,      30.218
 377000         ,      34.356,      24.895,       3.358,      12.935,      29.280
 377500         ,      32.252,      26.018,       1.640,      14.887,      30.300
 378000         ,      31.777,      28.283,       1.621,      16.150,      31.247
 378500         ,      33.000,      27.634,       1.692,      16.087,      32.632
 379000         ,      31.507,      24.949,       1.806,      15.241,      29.314
 379500         ,      33.034,      27.227,       1.705,      15.618,      30.411
 380000         ,      33.018,      27.497,       1.648,      15.864,      31.435
 380500         ,      31.053,      27.542,       2.024,      14.543,      29.438
 381000         ,      31.856,      28.349,       1.665,      15.877,      30.938
 381500         ,      33.231,      28.483,       1.668,      16.428,      32.290
 382000         ,      33.918,      27.270,       1.484,      15.443,      32.082
 382500         ,      33.425,      26.469,       1.352,      15.023,      30.622
 383000         ,      32.546,      25.632,       1.856,      12.982,      29.564
 383500         ,      32.485,      28.312,       1.417,      16.024,      30.718
 384000         ,      32.351,      27.738,       2.020,      15.011,      30.555
 384500         ,      32.865,      26.375,       2.317,      14.347,      31.186
 385000         ,      32.120,      27.663,       1.988,      15.610,      31.168
 385500         ,      32.545,      23.211,       2.628,      12.527,      27.667
 386000         ,      33.716,      27.332,       1.691,      15.946,      31.650
 386500         ,      31.469,      25.120,       2.073,      13.843,      29.468
 387000         ,      32.763,      28.664,       1.687,      16.777,      32.945
 387500         ,      32.797,      27.302,       1.221,      14.802,      31.770
 388000         ,      32.954,      25.059,       2.402,      13.197,      27.800
 388500         ,      33.849,      25.796,       2.123,      14.997,      30.564
 389000         ,      33.393,      26.389,       2.223,      13.937,      30.559
 389500         ,      33.085,      26.235,       2.042,      14.612,      31.107
 390000         ,      31.901,      26.478,       1.984,      14.753,      28.521
 390500         ,      33.440,      28.735,       1.992,      16.418,      32.397
 391000         ,      31.349,      28.997,       2.125,      17.272,      30.978
 391500         ,      32.558,      26.737,       1.343,      14.484,      31.146
 392000         ,      31.349,      27.057,       2.373,      13.416,      29.785
 392500         ,      32.815,      25.218,       1.964,      14.835,      30.120
 393000         ,      33.208,      29.037,       1.739,      16.733,      32.597
 393500         ,      32.939,      26.022,       2.370,      14.074,      30.535
 394000         ,      33.641,      26.482,       1.765,      14.815,      30.986
 394500         ,      32.793,      27.376,       2.251,      16.120,      30.904
 395000         ,      33.444,      27.969,       2.333,      15.155,      31.967
 395500         ,      32.323,      26.677,       1.973,      16.606,      31.377
 396000         ,      34.231,      26.517,       2.112,      14.007,      30.705
 396500         ,      31.709,      25.510,       2.669,      14.287,      30.128
 397000         ,      30.879,      26.928,       1.871,      14.640,      29.950
 397500         ,      30.462,      25.632,       2.113,      13.520,      27.918
 398000         ,      31.298,      24.786,       2.314,      12.486,      28.536
 398500         ,      31.292,      25.888,       2.587,      15.246,      30.714
 399000         ,      31.654,      27.257,       2.866,      15.806,      29.706
 399500         ,      32.218,      26.809,       1.969,      14.086,      30.192
 400000         ,      31.379,      23.964,       2.772,      10.859,      26.336
 400500         ,      31.923,      27.487,       2.079,      15.450,      30.977
 401000         ,      33.248,      26.666,       1.607,      14.629,      29.646
 401500         ,      34.121,      27.805,       2.112,      16.530,      33.048
 402000         ,      32.377,      28.767,       2.334,      16.888,      32.201
 402500         ,      33.422,      26.408,       2.379,      15.395,      30.089
 403000         ,      32.665,      26.523,       2.283,      16.211,      31.192
 403500         ,      33.137,      27.144,       1.986,      15.354,      31.666
 404000         ,      31.365,      28.295,       2.270,      16.474,      30.605
 404500         ,      32.002,      27.986,       1.781,      16.178,      31.335
 405000         ,      32.373,      27.361,       2.214,      15.218,      30.515
 405500         ,      32.413,      28.416,       1.211,      16.181,      31.883
 406000         ,      33.773,      26.766,       2.211,      15.192,      30.551
 406500         ,      33.076,      26.854,       1.989,      15.157,      30.484
 407000         ,      33.318,      27.143,       2.075,      16.199,      31.029
 407500         ,      32.340,      27.635,       2.130,      16.209,      31.515
 408000         ,      34.223,      26.457,       2.298,      14.040,      31.229
 408500         ,      31.893,      27.351,       2.614,      15.718,      30.298
 409000         ,      33.304,      25.158,       2.423,      13.378,      28.957
 409500         ,      33.230,      27.094,       1.962,      15.699,      31.728
 410000         ,      33.361,      25.018,       3.330,      14.145,      29.821
 410500         ,      33.119,      27.572,       1.688,      16.079,      30.930
 411000         ,      32.658,      27.619,       1.770,      16.119,      31.618
 411500         ,      33.281,      28.982,       1.603,      16.502,      32.394
 412000         ,      32.885,      27.725,       1.519,      15.894,      31.460
 412500         ,      33.400,      27.864,       1.866,      15.641,      31.963
 413000         ,      33.131,      27.687,       2.488,      16.889,      31.838
 413500         ,      31.762,      26.386,       2.707,      14.376,      28.547
 414000         ,      33.492,      27.141,       1.697,      15.497,      30.982
 414500         ,      33.393,      26.784,       1.733,      14.510,      31.211
 415000         ,      31.652,      28.354,       2.119,      15.935,      31.665
 415500         ,      32.676,      28.287,       1.799,      16.253,      31.899
 416000         ,      33.008,      26.068,       2.200,      15.807,      31.035
 416500         ,      33.234,      26.581,       1.193,      15.089,      30.809
 417000         ,      31.541,      27.413,       1.829,      16.333,      32.114
 417500         ,      31.833,      28.476,       2.622,      16.160,      30.561
 418000         ,      32.090,      27.921,       2.391,      15.506,      31.457
 418500         ,      31.589,      28.609,       1.590,      16.099,      30.701
 419000         ,      32.856,      24.415,       2.026,      12.306,      29.214
 419500         ,      32.795,      26.253,       2.424,      13.852,      29.716
 420000         ,      30.577,      28.025,       1.546,      15.478,      30.734
 420500         ,      33.371,      27.044,       2.362,      15.314,      30.255
 421000         ,      34.452,      25.323,       2.279,      12.942,      29.726
 421500         ,      32.960,      27.556,       2.064,      16.343,      32.071
 422000         ,      32.860,      28.206,       1.667,      16.745,      32.925
 422500         ,      32.906,      22.427,       2.467,      13.311,      27.330
 423000         ,      31.793,      26.736,       2.632,      15.037,      28.611
 423500         ,      31.281,      25.598,       2.130,      15.293,      29.824
 424000         ,      31.638,      27.640,       1.648,      16.832,      32.696
 424500         ,      33.572,      25.495,       1.812,      14.019,      29.309
 425000         ,      33.088,      25.752,       2.033,      15.184,      29.825
 425500         ,      33.223,      28.205,       1.252,      16.668,      32.361
 426000         ,      32.670,      28.339,       1.628,      16.520,      32.427
 426500         ,      33.558,      27.141,       1.842,      14.879,      31.689
 427000         ,      32.467,      27.762,       1.267,      14.547,      31.357
 427500         ,      32.129,      24.071,       2.332,      12.898,      28.362
 428000         ,      31.964,      28.673,       1.760,      15.810,      30.823
 428500         ,      32.228,      26.787,       1.433,      14.844,      30.056
 429000         ,      32.827,      26.434,       1.869,      15.189,      29.303
 429500         ,      31.772,      28.249,       1.663,      16.083,      31.445
 430000         ,      31.593,      26.265,       2.890,      14.391,      29.609
 430500         ,      32.607,      27.858,       1.839,      15.967,      30.911
 431000         ,      30.404,      25.330,       2.052,      15.461,      29.867
 431500         ,      33.071,      26.625,       1.762,      15.866,      31.061
 432000         ,      32.830,      27.663,       2.175,      16.329,      31.483
 432500         ,      33.901,      26.233,       1.857,      14.913,      30.205
 433000         ,      33.385,      27.795,       2.623,      16.121,      31.265
 433500         ,      31.952,      25.460,       1.741,      13.560,      28.572
 434000         ,      32.095,      26.152,       1.973,      14.616,      30.835
 434500         ,      32.624,      27.989,       1.378,      16.524,      32.495
 435000         ,      32.927,      28.701,       1.723,      16.750,      32.207
 435500         ,      31.731,      26.947,       2.088,      15.769,      31.705
 436000         ,      32.254,      26.135,       2.736,      12.579,      28.710
 436500         ,      33.903,      27.013,       2.142,      14.647,      30.468
 437000         ,      33.616,      26.505,       2.316,      14.778,      30.438
 437500         ,      30.416,      24.019,       3.108,      10.523,      26.018
 438000         ,      32.349,      28.013,       2.223,      16.095,      30.362
 438500         ,      31.958,      26.435,       2.081,      15.635,      30.667
 439000         ,      32.801,      27.671,       2.498,      15.332,      30.191
 439500         ,      31.719,      24.325,       2.483,      14.630,      28.973
 440000         ,      31.539,      24.255,       1.742,      12.374,      28.305
 440500         ,      30.216,      26.339,       2.349,      13.823,      28.701
 441000         ,      32.017,      25.830,       2.103,      13.003,      28.559
 441500         ,      33.414,      26.132,       1.517,      14.710,      30.813
 442000         ,      30.612,      28.295,       2.139,      15.547,      29.767
 442500         ,      32.693,      25.362,       2.092,      13.787,      29.846
 443000         ,      31.587,      26.758,       1.655,      15.787,      31.340
 443500         ,      33.342,      27.592,       1.616,      16.557,      32.576
 444000         ,      32.197,      27.016,       1.179,      13.761,      31.176
 444500         ,      32.898,      26.241,       2.077,      15.534,      31.110
 445000         ,      32.709,      27.294,       1.579,      13.700,      31.413
 445500         ,      32.265,      26.798,       1.516,      13.484,      29.918
 446000         ,      31.942,      25.709,       1.703,      13.944,      30.357
 446500         ,      32.715,      26.662,       2.216,      14.650,      30.433
 447000         ,      33.536,      26.332,       2.632,      15.134,      31.252
 447500         ,      31.519,      25.444,       1.978,      14.133,      28.930
 448000         ,      32.790,      25.568,       2.157,      14.326,      30.412
 448500         ,      33.517,      27.323,       1.617,      14.440,      31.940
 449000         ,      33.600,      27.377,       1.741,      16.211,      31.772
 449500         ,      32.704,      25.178,       2.775,      12.557,      27.958
 450000         ,      33.284,      27.908,       2.269,      16.507,      30.767
 450500         ,      32.726,      25.301,       2.302,      16.403,      29.818
 451000         ,      30.606,      27.767,       1.500,      15.162,      29.988
 451500         ,      33.799,      26.959,       1.779,      15.016,      31.337
 452000         ,      32.237,      25.395,       1.924,      13.473,      29.399
 452500         ,      32.239,      26.614,       1.830,      14.286,      29.901
 453000         ,      32.420,      22.831,       2.280,      12.377,      27.285
 453500         ,      33.212,      28.046,       1.575,      15.814,      32.149
 454000         ,      32.180,      27.511,       1.694,      15.982,      31.734
 454500         ,      34.402,      26.010,       2.943,      14.302,      30.694
 455000         ,      32.981,      27.028,       1.771,      14.994,      31.182
 455500         ,      32.025,      25.855,       1.872,      15.905,      29.824
 456000         ,      33.443,      27.506,       1.648,      15.806,      31.912
 456500         ,      32.080,      25.500,       1.876,      14.888,      29.564
 457000         ,      29.192,      24.885,       1.919,      12.761,      27.791
 457500         ,      32.838,      26.921,       1.300,      15.812,      31.376
 458000         ,      32.210,      26.830,       1.912,      16.628,      31.817
 458500         ,      30.946,      27.755,       2.039,      14.940,      29.733
 459000         ,      33.123,      25.724,       1.842,      13.977,      29.919
 459500         ,      32.961,      25.994,       1.830,      14.667,      30.304
 460000         ,      32.219,      25.424,       1.870,      14.918,      29.887
 460500         ,      31.606,      25.298,       2.752,      13.004,      28.562
 461000         ,      34.565,      24.930,       2.477,      13.098,      29.947
 461500         ,      32.762,      28.112,       2.306,      15.820,      31.256
 462000         ,      31.946,      23.362,       2.470,      13.645,      27.984
 462500         ,      33.372,      25.118,       1.886,      13.435,      29.636
 463000         ,      33.115,      28.125,       1.597,      16.848,      32.013
 463500         ,      34.345,      25.611,       2.501,      13.092,      29.726
 464000         ,      32.354,      26.481,       1.518,      14.237,      30.726
 464500         ,      32.656,      25.610,       1.859,      14.496,      29.975
 465000         ,      32.900,      24.982,       2.459,      14.136,      29.442
 465500         ,      33.327,      23.267,       2.450,      12.088,      27.431
 466000         ,      31.906,      27.454,       2.180,      14.139,      30.140
 466500         ,      33.541,      27.384,       1.852,      15.874,      31.830
 467000         ,      32.117,      25.348,       2.320,      13.221,      29.495
 467500         ,      32.587,      25.967,       1.345,      12.912,      29.741
 468000         ,      32.794,      26.272,       1.650,      14.021,      30.055
 468500         ,      33.413,      24.111,       2.500,      12.243,      27.894
 469000         ,      33.263,      25.546,       2.393,      13.873,      29.384
 469500         ,      31.951,      25.337,       1.882,      13.567,      29.287
 470000         ,      32.014,      26.540,       2.024,      14.137,      29.553
 470500         ,      30.928,      27.141,       1.762,      15.465,      30.138
 471000         ,      31.854,      27.274,       2.454,      15.710,      30.488
 471500         ,      34.105,      27.204,       1.962,      14.777,      31.237
 472000         ,      32.053,      22.335,       3.005,      12.315,      26.830
 472500         ,      33.666,      26.617,       2.200,      15.233,      31.444
 473000         ,      32.580,      25.665,       2.011,      13.666,      30.587
 473500         ,      31.993,      26.747,       2.047,      14.111,      29.043
 474000         ,      30.927,      26.169,       2.043,      13.964,      29.608
 474500         ,      31.906,      24.405,       1.805,      13.336,      28.992
 475000         ,      30.797,      27.795,       2.349,      14.419,      29.734
 475500         ,      32.846,      25.107,       1.997,      14.093,      29.062
 476000         ,      31.917,      26.645,       1.763,      14.093,      29.846
 476500         ,      32.836,      25.403,       2.177,      13.346,      28.585
 477000         ,      30.621,      24.544,       2.309,      14.592,      28.691
 477500         ,      31.816,      27.586,       1.353,      15.552,      32.273
 478000         ,      32.321,      25.019,       2.280,      13.277,      28.117
 478500         ,      32.751,      26.667,       1.548,      14.790,      31.189
 479000         ,      33.683,      26.397,       1.782,      13.963,      31.230
 479500         ,      32.828,      25.019,       2.292,      13.562,      29.954
 480000         ,      32.419,      25.004,       2.028,      13.966,      29.749
 480500         ,      33.005,      27.195,       2.482,      14.466,      29.973
 481000         ,      31.337,      26.909,       2.384,      14.207,      28.844
 481500         ,      31.454,      23.288,       3.805,      12.688,      26.026
 482000         ,      33.073,      23.573,       2.593,      12.106,      28.170
 482500         ,      31.232,      26.811,       2.094,      14.277,      30.140
 483000         ,      31.880,      23.746,       2.832,      13.748,      28.283
 483500         ,      32.341,      26.704,       1.639,      15.058,      31.071
 484000         ,      33.125,      25.678,       1.897,      14.166,      30.455
 484500         ,      32.250,      27.117,       1.877,      15.223,      30.617
 485000         ,      32.489,      25.894,       1.474,      14.772,      30.452
 485500         ,      33.001,      27.738,       1.630,      16.419,      32.204
 486000         ,      31.755,      24.097,       1.864,      12.868,      28.695
 486500         ,      33.608,      27.538,       1.626,      15.804,      31.649
 487000         ,      32.813,      27.612,       1.750,      15.267,      30.979
 487500         ,      32.183,      24.633,       2.481,      12.867,      27.464
 488000         ,      33.522,      28.721,       1.798,      16.528,      32.313
 488500         ,      33.245,      25.612,       1.879,      13.083,      30.116
 489000         ,      30.674,      25.651,       2.148,      15.313,      29.567
 489500         ,      31.019,      25.763,       2.112,      14.565,      29.781
 490000         ,      32.761,      26.061,       1.560,      15.867,      30.757
 490500         ,      30.572,      24.292,       1.765,      13.593,      28.339
 491000         ,      33.283,      23.510,       2.586,      12.631,      27.440
 491500         ,      34.032,      26.652,       2.113,      15.550,      31.350
 492000         ,      32.503,      26.856,       1.761,      15.294,      30.177
 492500         ,      31.916,      26.421,       3.283,      14.407,      29.161
 493000         ,      31.723,      28.134,       1.840,      17.152,      30.620
 493500         ,      33.122,      28.355,       1.761,      16.523,      32.683
 494000         ,      33.159,      26.195,       3.025,      15.380,      30.448
 494500         ,      33.149,      28.432,       1.815,      16.488,      32.524
 495000         ,      32.193,      28.436,       1.537,      15.362,      31.138
 495500         ,      33.380,      26.897,       1.742,      14.765,      31.080
 496000         ,      32.123,      28.327,       2.240,      16.494,      32.537
 496500         ,      32.866,      27.896,       1.623,      16.759,      32.770
 497000         ,      33.659,      26.412,       2.221,      15.734,      30.232
 497500         ,      32.225,      27.037,       2.003,      15.528,      29.927
 498000         ,      33.646,      25.562,       1.780,      15.066,      30.043
 498500         ,      31.033,      27.640,       1.885,      16.737,      31.799
 499000         ,      33.504,      25.038,       1.816,      14.562,      30.170
 499500         ,      31.887,      26.713,       1.956,      16.129,      31.527
 500000         ,      31.776,      26.477,       2.156,      14.999,      29.138
