--------------------------------------------------------------------------------
S H A P E   v2.1         Continuous Shape Measures calculation
(c) 2013  Electronic Structure Group, Universitat de Barcelona
                   Contact:  llunell@ub.edu                   
--------------------------------------------------------------------------------

coordination ZF1 

HP-6            1 D6h   Hexagon                                            
PPY-6           2 C5v   Pentagonal pyramid                                 
OC-6            3 Oh    Octahedron                                         
TPR-6           4 D3h   Trigonal prism                                     
JPPY-6          5 C5v   Johnson pentagonal pyramid J2                      

Structure [ML6 ]         HP-6        PPY-6         OC-6        TPR-6       JPPY-6
 0              ,      32.539,      26.913,       2.187,      14.917,      29.580
 500            ,      30.857,      25.639,       1.584,      14.423,      28.543
 1000           ,      31.607,      27.863,       0.940,      15.769,      31.334
 1500           ,      31.155,      26.954,       1.581,      16.427,      29.271
 2000           ,      32.350,      26.698,       0.863,      14.161,      30.187
 2500           ,      33.336,      26.629,       1.928,      13.623,      29.496
 3000           ,      33.152,      28.004,       1.598,      16.433,      31.634
 3500           ,      32.553,      27.373,       1.201,      14.697,      30.481
 4000           ,      32.970,      26.409,       1.654,      14.990,      29.588
 4500           ,      31.912,      27.362,       2.186,      14.272,      29.792
 5000           ,      31.936,      25.291,       2.952,      14.939,      29.284
 5500           ,      33.420,      27.171,       0.990,      15.326,      30.964
 6000           ,      32.317,      26.495,       1.744,      15.245,      30.967
 6500           ,      32.492,      28.519,       1.760,      17.548,      30.829
 7000           ,      33.069,      25.778,       1.393,      12.433,      29.441
 7500           ,      32.313,      26.878,       1.478,      13.993,      28.947
 8000           ,      31.250,      24.796,       1.819,      12.575,      28.639
 8500           ,      29.207,      22.127,       2.005,      11.517,      24.310
 9000           ,      31.347,      25.142,       1.857,      13.333,      27.234
 9500           ,      32.040,      27.342,       1.373,      15.489,      30.123
 10000          ,      32.685,      27.108,       1.623,      14.344,      29.544
 10500          ,      32.075,      26.518,       1.588,      14.887,      29.949
 11000          ,      32.752,      25.318,       2.268,      12.739,      28.519
 11500          ,      31.218,      26.778,       1.380,      14.477,      31.009
 12000          ,      32.091,      27.388,       0.899,      15.877,      30.844
 12500          ,      33.019,      28.031,       1.600,      15.918,      30.575
 13000          ,      33.528,      27.031,       1.294,      15.227,      30.497
 13500          ,      31.593,      25.565,       1.617,      14.687,      29.721
 14000          ,      32.949,      28.353,       1.577,      16.082,      30.387
 14500          ,      30.360,      25.182,       1.494,      13.010,      27.606
 15000          ,      32.178,      27.929,       1.139,      15.537,      30.517
 15500          ,      32.252,      27.583,       1.446,      14.856,      30.238
 16000          ,      32.170,      27.963,       1.143,      15.970,      31.556
 16500          ,      31.890,      27.564,       1.544,      16.033,      31.149
 17000          ,      32.021,      26.799,       2.108,      13.327,      29.105
 17500          ,      32.396,      26.242,       1.434,      15.111,      28.847
 18000          ,      32.354,      26.026,       1.295,      14.986,      30.486
 18500          ,      32.689,      24.621,       1.620,      13.559,      27.885
 19000          ,      32.557,      25.906,       1.585,      14.021,      29.042
 19500          ,      33.384,      23.976,       2.217,      13.094,      26.844
 20000          ,      33.545,      25.636,       2.127,      14.325,      29.456
 20500          ,      31.064,      27.492,       1.159,      15.726,      30.086
 21000          ,      32.363,      28.441,       1.051,      16.400,      31.566
 21500          ,      32.698,      26.597,       1.543,      13.636,      29.089
 22000          ,      32.173,      27.195,       1.040,      14.151,      30.419
 22500          ,      32.501,      26.243,       1.714,      14.038,      29.346
 23000          ,      32.641,      28.757,       1.251,      17.038,      31.630
 23500          ,      32.970,      25.923,       1.374,      13.797,      30.228
 24000          ,      30.532,      25.822,       1.416,      14.445,      27.956
 24500          ,      32.209,      24.898,       1.847,      13.398,      26.956
 25000          ,      30.023,      25.083,       1.073,      13.526,      27.961
 25500          ,      32.338,      26.495,       1.215,      15.781,      29.762
 26000          ,      32.377,      26.152,       1.710,      14.432,      29.131
 26500          ,      31.314,      27.380,       1.657,      16.226,      30.496
 27000          ,      32.931,      27.137,       1.157,      16.421,      30.226
 27500          ,      32.168,      26.724,       2.432,      15.107,      29.452
 28000          ,      31.803,      27.864,       0.958,      15.723,      31.859
 28500          ,      32.463,      26.134,       1.534,      13.875,      28.413
 29000          ,      30.335,      24.082,       2.307,      11.731,      26.138
 29500          ,      33.316,      26.204,       1.137,      15.704,      29.982
 30000          ,      31.359,      24.587,       1.655,      13.681,      28.869
 30500          ,      32.626,      25.306,       1.248,      15.116,      30.084
 31000          ,      32.344,      26.538,       1.215,      15.387,      29.524
 31500          ,      33.042,      25.858,       0.912,      14.218,      29.004
 32000          ,      32.527,      24.827,       1.951,      14.407,      28.024
 32500          ,      32.923,      24.090,       1.649,      13.035,      28.550
 33000          ,      32.685,      28.290,       1.178,      15.981,      31.490
 33500          ,      32.123,      27.341,       1.268,      15.789,      29.707
 34000          ,      32.523,      26.908,       1.791,      15.004,      30.684
 34500          ,      31.021,      26.089,       1.530,      15.594,      29.098
 35000          ,      33.226,      26.804,       1.068,      15.476,      29.482
 35500          ,      31.755,      26.674,       1.301,      15.127,      29.520
 36000          ,      31.602,      26.487,       1.622,      15.605,      29.305
 36500          ,      32.088,      26.988,       1.365,      15.112,      30.655
 37000          ,      33.133,      27.589,       1.545,      16.307,      30.695
 37500          ,      31.686,      26.309,       1.464,      14.733,      29.468
 38000          ,      31.850,      27.141,       1.451,      15.740,      30.142
 38500          ,      31.786,      28.893,       1.026,      16.257,      31.268
 39000          ,      31.783,      28.020,       1.044,      15.506,      30.365
 39500          ,      32.210,      26.703,       1.564,      15.249,      28.979
 40000          ,      31.816,      27.440,       1.120,      14.836,      31.001
 40500          ,      32.277,      26.128,       1.559,      14.242,      29.607
 41000          ,      33.126,      27.963,       1.002,      15.136,      30.980
 41500          ,      33.074,      25.827,       1.610,      14.314,      30.236
 42000          ,      31.933,      26.859,       1.425,      16.021,      30.131
 42500          ,      32.333,      27.244,       1.699,      15.934,      30.839
 43000          ,      30.894,      26.934,       1.395,      14.224,      29.444
 43500          ,      30.920,      28.555,       1.422,      16.613,      30.741
 44000          ,      32.552,      28.259,       1.427,      16.442,      30.662
 44500          ,      31.810,      27.837,       1.000,      15.948,      31.394
 45000          ,      31.745,      26.629,       1.162,      15.384,      29.195
 45500          ,      32.756,      26.733,       1.379,      14.211,      29.241
 46000          ,      32.331,      27.179,       1.556,      15.756,      30.350
 46500          ,      31.842,      26.514,       1.952,      13.582,      28.635
 47000          ,      31.611,      25.114,       1.978,      15.598,      28.567
 47500          ,      33.376,      27.437,       1.719,      15.745,      29.896
 48000          ,      32.744,      28.312,       1.202,      16.014,      30.807
 48500          ,      33.224,      24.765,       1.378,      13.436,      29.769
 49000          ,      32.879,      26.966,       2.005,      16.518,      30.237
 49500          ,      30.988,      28.070,       1.213,      16.434,      30.790
 50000          ,      31.310,      27.543,       1.361,      14.933,      30.385
 50500          ,      32.180,      27.674,       1.606,      16.557,      29.986
 51000          ,      32.917,      28.084,       1.460,      15.942,      30.695
 51500          ,      32.976,      26.148,       2.146,      15.913,      29.239
 52000          ,      33.634,      27.431,       1.763,      14.019,      30.467
 52500          ,      31.989,      28.133,       1.335,      15.427,      31.092
 53000          ,      32.337,      27.347,       1.185,      15.297,      31.723
 53500          ,      34.035,      26.636,       2.216,      14.317,      29.404
 54000          ,      31.095,      26.789,       1.071,      16.011,      30.355
 54500          ,      32.966,      27.775,       1.143,      16.955,      31.224
 55000          ,      31.354,      26.382,       1.730,      15.085,      29.128
 55500          ,      32.626,      27.215,       1.079,      15.166,      30.094
 56000          ,      33.125,      27.275,       1.634,      14.612,      29.458
 56500          ,      33.151,      27.590,       1.228,      15.640,      31.079
 57000          ,      31.757,      27.442,       1.872,      16.225,      29.413
 57500          ,      33.226,      28.197,       1.963,      16.743,      30.685
 58000          ,      33.280,      27.142,       1.288,      15.130,      30.425
 58500          ,      31.645,      27.076,       1.501,      14.072,      30.056
 59000          ,      32.645,      28.735,       0.764,      16.131,      31.611
 59500          ,      31.775,      25.920,       1.940,      15.157,      30.062
 60000          ,      30.457,      26.990,       1.142,      16.098,      30.501
 60500          ,      32.950,      27.995,       1.186,      16.598,      31.276
 61000          ,      33.409,      28.732,       1.023,      17.325,      31.858
 61500          ,      32.302,      28.396,       0.877,      15.950,      31.608
 62000          ,      32.031,      25.809,       1.153,      14.059,      28.938
 62500          ,      31.642,      27.179,       1.324,      14.795,      30.272
 63000          ,      31.980,      27.499,       1.390,      15.463,      29.910
 63500          ,      33.018,      26.316,       1.371,      14.699,      30.071
 64000          ,      31.354,      25.913,       1.603,      14.209,      28.918
 64500          ,      31.918,      26.177,       1.756,      14.973,      28.613
 65000          ,      32.059,      27.879,       1.178,      15.879,      30.575
 65500          ,      32.698,      27.406,       1.455,      15.817,      29.881
 66000          ,      31.689,      26.623,       1.175,      14.248,      29.907
 66500          ,      31.973,      28.890,       1.634,      16.594,      31.034
 67000          ,      31.921,      25.959,       1.267,      15.394,      30.850
 67500          ,      32.773,      26.629,       1.742,      15.268,      30.134
 68000          ,      30.532,      26.843,       1.603,      14.087,      29.517
 68500          ,      31.627,      24.975,       1.639,      14.566,      27.986
 69000          ,      31.015,      26.038,       1.669,      13.779,      29.107
 69500          ,      32.954,      27.554,       1.421,      15.884,      31.308
 70000          ,      33.077,      25.812,       1.609,      13.542,      30.292
 70500          ,      31.353,      25.424,       2.087,      13.723,      28.770
 71000          ,      32.819,      25.588,       1.574,      13.399,      28.994
 71500          ,      31.895,      27.659,       1.246,      16.407,      31.084
 72000          ,      31.777,      26.220,       2.141,      14.114,      28.745
 72500          ,      33.298,      27.162,       1.986,      14.740,      29.522
 73000          ,      33.371,      27.956,       1.869,      16.468,      31.377
 73500          ,      31.289,      27.176,       1.247,      15.766,      30.051
 74000          ,      32.988,      27.450,       1.697,      15.081,      30.816
 74500          ,      33.166,      27.876,       1.235,      15.965,      30.926
 75000          ,      31.814,      26.061,       1.846,      15.193,      28.505
 75500          ,      31.630,      27.488,       1.558,      15.337,      30.667
 76000          ,      33.548,      28.363,       1.249,      16.474,      31.490
 76500          ,      31.557,      27.196,       1.429,      13.356,      30.154
 77000          ,      31.393,      25.541,       1.677,      12.902,      28.362
 77500          ,      33.553,      23.677,       2.280,      11.871,      26.281
 78000          ,      33.137,      25.859,       2.024,      12.298,      28.976
 78500          ,      33.009,      24.969,       1.896,      11.252,      29.182
 79000          ,      31.735,      27.040,       1.854,      13.536,      29.407
 79500          ,      33.403,      25.308,       1.384,      13.519,      29.842
 80000          ,      31.414,      26.652,       0.973,      14.250,      29.300
 80500          ,      31.675,      27.047,       1.811,      14.831,      28.860
 81000          ,      30.899,      25.078,       1.686,      12.991,      29.309
 81500          ,      33.022,      25.217,       2.047,      14.384,      27.787
 82000          ,      31.310,      25.226,       1.824,      14.142,      27.208
 82500          ,      33.357,      26.838,       1.668,      14.595,      30.841
 83000          ,      31.664,      28.673,       1.143,      16.138,      31.034
 83500          ,      30.979,      27.536,       0.802,      15.852,      30.689
 84000          ,      31.392,      26.137,       1.408,      14.777,      29.225
 84500          ,      32.793,      24.385,       1.516,      12.068,      28.660
 85000          ,      31.474,      24.629,       2.009,      11.742,      28.603
 85500          ,      32.228,      27.448,       1.511,      14.603,      30.976
 86000          ,      32.345,      25.725,       1.113,      13.093,      29.995
 86500          ,      31.900,      26.879,       1.408,      14.706,      29.635
 87000          ,      30.650,      27.921,       1.808,      15.537,      30.451
 87500          ,      32.195,      26.807,       1.429,      15.079,      30.034
 88000          ,      32.781,      25.939,       2.229,      15.206,      27.915
 88500          ,      30.918,      27.039,       1.785,      15.508,      30.237
 89000          ,      33.086,      28.623,       1.418,      16.436,      31.804
 89500          ,      32.351,      28.099,       1.161,      15.846,      30.867
 90000          ,      32.873,      28.147,       0.973,      15.553,      31.223
 90500          ,      29.902,      27.621,       1.387,      16.859,      29.772
 91000          ,      32.879,      27.479,       0.776,      14.923,      30.519
 91500          ,      32.802,      25.546,       1.702,      13.533,      28.785
 92000          ,      30.904,      27.293,       0.716,      15.640,      30.901
 92500          ,      32.142,      27.001,       1.677,      14.653,      29.474
 93000          ,      32.572,      26.070,       2.051,      14.634,      30.054
 93500          ,      32.477,      25.481,       1.100,      13.558,      29.993
 94000          ,      32.335,      28.783,       0.953,      15.507,      30.718
 94500          ,      33.039,      26.861,       1.013,      15.462,      30.420
 95000          ,      32.069,      25.837,       1.563,      13.217,      28.842
 95500          ,      32.315,      26.389,       1.636,      14.948,      29.276
 96000          ,      30.417,      27.454,       1.145,      15.477,      30.403
 96500          ,      31.861,      25.050,       1.560,      13.251,      27.339
 97000          ,      33.139,      27.800,       1.417,      15.313,      31.552
 97500          ,      30.529,      25.275,       1.428,      14.723,      27.877
 98000          ,      33.086,      27.207,       1.928,      15.099,      30.526
 98500          ,      30.945,      26.783,       1.265,      15.198,      29.857
 99000          ,      31.103,      26.902,       1.339,      14.052,      29.684
 99500          ,      33.156,      25.285,       1.870,      12.365,      28.651
 100000         ,      32.420,      26.769,       1.703,      15.008,      29.621
 100500         ,      33.120,      28.731,       1.121,      16.387,      30.904
 101000         ,      32.147,      27.005,       1.469,      15.205,      29.093
 101500         ,      33.089,      23.573,       2.062,      11.016,      26.821
 102000         ,      32.294,      27.854,       1.121,      16.142,      30.802
 102500         ,      30.516,      26.891,       1.469,      15.421,      28.595
 103000         ,      32.577,      27.077,       1.429,      14.870,      31.054
 103500         ,      33.097,      28.649,       1.116,      16.257,      31.812
 104000         ,      30.350,      28.090,       1.370,      15.704,      30.416
 104500         ,      32.091,      27.533,       1.675,      14.644,      29.477
 105000         ,      32.704,      27.283,       1.161,      15.699,      30.816
 105500         ,      32.796,      26.552,       1.585,      14.102,      31.212
 106000         ,      32.822,      27.198,       1.251,      15.687,      30.204
 106500         ,      32.920,      27.356,       0.928,      16.026,      29.770
 107000         ,      33.200,      26.796,       1.604,      15.145,      29.874
 107500         ,      31.567,      27.656,       1.606,      16.764,      30.719
 108000         ,      32.242,      26.663,       1.549,      15.178,      30.166
 108500         ,      31.945,      24.706,       1.426,      13.615,      27.717
 109000         ,      32.957,      26.298,       2.179,      13.817,      29.752
 109500         ,      31.571,      25.921,       1.554,      13.349,      28.712
 110000         ,      31.694,      27.954,       1.158,      15.253,      30.859
 110500         ,      32.628,      28.332,       1.713,      16.902,      31.054
 111000         ,      32.752,      24.807,       2.035,      11.577,      27.658
 111500         ,      31.309,      25.975,       1.350,      14.588,      30.117
 112000         ,      31.681,      27.630,       1.161,      15.253,      30.427
 112500         ,      31.345,      27.856,       1.103,      16.084,      31.062
 113000         ,      32.739,      27.184,       1.552,      14.617,      31.181
 113500         ,      30.973,      27.825,       0.983,      16.288,      30.342
 114000         ,      31.790,      24.727,       1.300,      12.184,      29.318
 114500         ,      32.089,      29.054,       1.275,      16.468,      31.666
 115000         ,      32.673,      26.592,       1.597,      13.891,      29.164
 115500         ,      31.749,      26.060,       1.660,      14.157,      29.980
 116000         ,      32.199,      28.278,       1.064,      15.649,      31.244
 116500         ,      31.422,      27.290,       1.223,      13.994,      29.527
 117000         ,      31.853,      26.731,       1.621,      14.812,      29.546
 117500         ,      33.409,      27.114,       1.043,      16.185,      30.623
 118000         ,      32.297,      25.621,       1.924,      13.386,      28.824
 118500         ,      32.962,      26.198,       1.092,      14.398,      29.182
 119000         ,      31.674,      27.712,       1.482,      16.853,      30.556
 119500         ,      32.096,      27.618,       1.659,      15.691,      30.284
 120000         ,      31.287,      27.004,       1.435,      15.830,      29.808
 120500         ,      31.428,      25.417,       1.528,      14.062,      29.207
 121000         ,      32.082,      27.791,       1.849,      15.248,      30.130
 121500         ,      33.346,      24.837,       2.045,      13.679,      29.090
 122000         ,      33.237,      25.154,       1.517,      13.600,      28.527
 122500         ,      33.125,      25.508,       1.901,      13.130,      30.226
 123000         ,      29.420,      26.545,       1.732,      14.306,      29.455
 123500         ,      33.761,      27.151,       1.480,      15.321,      31.123
 124000         ,      31.545,      27.089,       1.073,      15.272,      30.453
 124500         ,      33.196,      28.468,       1.057,      15.327,      30.908
 125000         ,      31.194,      26.383,       1.878,      15.679,      28.243
 125500         ,      30.939,      27.728,       1.393,      16.523,      30.599
 126000         ,      32.720,      27.733,       1.285,      15.829,      30.735
 126500         ,      31.698,      25.291,       1.884,      12.360,      29.132
 127000         ,      32.657,      25.885,       1.763,      13.812,      28.976
 127500         ,      32.450,      27.906,       1.618,      15.489,      30.078
 128000         ,      31.187,      27.058,       1.103,      15.563,      29.930
 128500         ,      30.155,      24.409,       1.858,      14.574,      27.486
 129000         ,      31.245,      26.776,       1.949,      14.608,      29.105
 129500         ,      32.728,      28.717,       1.503,      16.822,      31.629
 130000         ,      32.480,      27.846,       1.914,      15.844,      29.582
 130500         ,      32.581,      27.632,       1.637,      14.955,      30.889
 131000         ,      32.947,      27.394,       1.105,      15.151,      30.965
 131500         ,      31.558,      28.574,       0.712,      16.356,      31.295
 132000         ,      31.248,      27.021,       1.197,      14.557,      29.100
 132500         ,      31.678,      24.194,       1.511,      14.648,      28.895
 133000         ,      32.914,      26.043,       1.548,      13.965,      28.892
 133500         ,      31.401,      27.129,       1.348,      14.976,      29.752
 134000         ,      32.905,      25.440,       1.550,      13.362,      28.041
 134500         ,      33.145,      27.408,       1.875,      15.899,      30.572
 135000         ,      30.500,      26.055,       1.135,      14.649,      28.905
 135500         ,      32.872,      28.173,       1.421,      15.470,      31.065
 136000         ,      31.829,      25.405,       1.680,      12.066,      28.603
 136500         ,      32.942,      28.067,       1.496,      15.163,      30.766
 137000         ,      32.763,      28.135,       1.322,      15.709,      30.809
 137500         ,      31.754,      28.194,       1.050,      16.725,      31.239
 138000         ,      32.583,      24.527,       1.572,      13.580,      28.518
 138500         ,      30.111,      26.034,       2.756,      15.360,      28.940
 139000         ,      31.844,      26.580,       1.521,      15.599,      30.794
 139500         ,      32.993,      25.639,       1.538,      13.015,      29.956
 140000         ,      33.460,      26.581,       1.642,      15.172,      29.520
 140500         ,      31.229,      27.451,       1.529,      16.123,      29.435
 141000         ,      31.641,      26.152,       1.593,      14.269,      28.394
 141500         ,      33.145,      26.381,       1.522,      13.987,      29.715
 142000         ,      31.733,      27.517,       1.297,      15.150,      31.268
 142500         ,      31.407,      24.809,       1.589,      12.801,      29.303
 143000         ,      30.631,      26.530,       1.268,      15.189,      29.286
 143500         ,      32.241,      28.263,       1.177,      16.716,      31.987
 144000         ,      32.947,      27.078,       1.328,      16.296,      30.345
 144500         ,      31.359,      27.690,       1.437,      16.902,      30.932
 145000         ,      32.930,      25.036,       1.896,      13.877,      27.858
 145500         ,      32.007,      26.923,       1.609,      14.799,      29.177
 146000         ,      32.147,      27.886,       1.545,      16.620,      30.996
 146500         ,      32.356,      27.335,       1.426,      13.717,      29.184
 147000         ,      31.474,      28.162,       1.034,      15.907,      30.921
 147500         ,      30.539,      26.741,       1.304,      16.169,      30.219
 148000         ,      31.320,      25.810,       1.670,      14.851,      29.043
 148500         ,      31.551,      27.822,       1.166,      15.924,      30.221
 149000         ,      33.947,      26.351,       1.821,      14.080,      31.195
 149500         ,      32.841,      26.538,       1.750,      14.053,      29.921
 150000         ,      31.627,      27.178,       1.114,      14.826,      30.380
 150500         ,      33.639,      27.932,       1.373,      17.260,      31.051
 151000         ,      33.083,      25.677,       1.714,      13.540,      27.982
 151500         ,      31.229,      27.775,       1.914,      15.550,      30.077
 152000         ,      32.841,      28.115,       1.283,      15.601,      31.147
 152500         ,      32.234,      24.280,       1.695,      12.063,      28.741
 153000         ,      33.563,      25.605,       1.677,      13.958,      29.254
 153500         ,      30.159,      25.123,       1.555,      15.141,      28.223
 154000         ,      30.950,      27.506,       1.148,      16.604,      30.612
 154500         ,      31.989,      28.313,       1.418,      16.616,      30.924
 155000         ,      32.505,      25.339,       1.363,      14.197,      28.719
 155500         ,      33.385,      28.471,       1.874,      17.184,      31.558
 156000         ,      32.796,      27.746,       1.116,      15.527,      31.271
 156500         ,      31.654,      28.263,       1.865,      15.892,      30.475
 157000         ,      33.825,      27.615,       1.676,      15.973,      30.783
 157500         ,      31.912,      27.477,       1.505,      15.330,      30.183
 158000         ,      31.903,      26.783,       1.579,      15.238,      29.659
 158500         ,      34.246,      25.839,       2.600,      14.220,      28.851
 159000         ,      30.751,      25.876,       1.652,      15.044,      28.498
 159500         ,      32.269,      27.245,       1.292,      15.379,      31.158
 160000         ,      31.108,      25.022,       2.013,      12.411,      27.463
 160500         ,      32.018,      27.379,       1.136,      15.445,      30.353
 161000         ,      33.008,      25.750,       1.453,      15.444,      30.337
 161500         ,      32.279,      28.409,       1.143,      16.669,      31.725
 162000         ,      31.337,      27.765,       1.369,      15.649,      31.024
 162500         ,      32.040,      27.028,       1.394,      14.139,      30.403
 163000         ,      30.325,      27.113,       1.413,      15.412,      29.707
 163500         ,      32.829,      25.818,       1.793,      13.973,      29.366
 164000         ,      32.644,      23.800,       2.323,      11.185,      27.632
 164500         ,      33.166,      23.970,       1.728,      12.883,      28.071
 165000         ,      33.113,      27.530,       1.160,      15.879,      31.503
 165500         ,      32.326,      28.656,       1.639,      16.156,      30.729
 166000         ,      32.920,      28.680,       1.152,      16.155,      31.354
 166500         ,      31.390,      27.698,       1.368,      15.960,      30.701
 167000         ,      32.595,      27.790,       1.228,      15.423,      31.098
 167500         ,      31.742,      27.704,       1.352,      15.387,      30.953
 168000         ,      32.792,      25.382,       2.516,      14.866,      28.583
 168500         ,      31.354,      27.820,       1.264,      16.090,      31.454
 169000         ,      31.571,      27.503,       1.261,      15.791,      30.698
 169500         ,      31.611,      26.635,       1.272,      14.597,      28.692
 170000         ,      32.222,      27.300,       1.335,      15.414,      31.231
 170500         ,      32.172,      28.271,       1.161,      16.156,      31.343
 171000         ,      32.458,      27.716,       1.754,      14.652,      29.767
 171500         ,      32.119,      27.108,       1.811,      16.551,      30.188
 172000         ,      32.749,      26.541,       1.821,      15.962,      29.591
 172500         ,      33.776,      29.141,       1.860,      17.219,      31.988
 173000         ,      30.421,      27.496,       1.184,      15.829,      30.670
 173500         ,      32.183,      26.545,       1.648,      13.487,      29.241
 174000         ,      29.682,      26.986,       1.464,      15.228,      29.858
 174500         ,      30.517,      26.692,       1.520,      15.095,      30.175
 175000         ,      31.343,      24.465,       1.342,      14.397,      27.146
 175500         ,      31.458,      28.619,       1.227,      16.781,      31.135
 176000         ,      33.337,      25.727,       1.609,      15.058,      28.943
 176500         ,      33.179,      28.562,       1.489,      16.105,      31.275
 177000         ,      31.119,      28.217,       1.198,      15.292,      30.970
 177500         ,      31.601,      27.866,       1.309,      16.305,      30.352
 178000         ,      32.317,      25.771,       1.696,      13.928,      28.762
 178500         ,      32.101,      27.013,       1.938,      14.702,      28.829
 179000         ,      30.429,      26.298,       1.294,      16.712,      29.421
 179500         ,      32.790,      25.965,       2.161,      13.967,      29.161
 180000         ,      32.197,      26.076,       1.189,      13.491,      29.752
 180500         ,      33.453,      28.205,       1.213,      16.138,      31.234
 181000         ,      32.316,      26.958,       1.985,      14.460,      29.647
 181500         ,      31.571,      26.940,       1.668,      14.918,      29.366
 182000         ,      30.420,      25.841,       1.197,      15.596,      29.301
 182500         ,      32.452,      26.149,       1.101,      15.100,      28.616
 183000         ,      32.675,      25.821,       1.731,      15.256,      29.274
 183500         ,      33.014,      25.493,       1.525,      12.512,      29.507
 184000         ,      32.395,      26.411,       1.252,      14.428,      28.864
 184500         ,      33.224,      25.933,       1.969,      14.510,      28.260
 185000         ,      32.762,      24.746,       1.445,      12.562,      27.344
 185500         ,      32.790,      26.323,       1.052,      15.598,      29.475
 186000         ,      31.466,      27.660,       1.158,      15.886,      30.714
 186500         ,      32.199,      26.692,       2.072,      14.687,      30.677
 187000         ,      33.719,      25.642,       1.458,      14.226,      30.003
 187500         ,      31.922,      26.929,       1.446,      13.088,      29.087
 188000         ,      31.580,      21.795,       2.835,      10.349,      26.688
 188500         ,      33.327,      26.786,       1.662,      15.620,      29.555
 189000         ,      32.831,      27.705,       1.505,      16.091,      30.798
 189500         ,      32.465,      25.579,       2.101,      14.292,      30.376
 190000         ,      31.943,      27.522,       1.801,      16.462,      29.647
 190500         ,      31.943,      25.701,       1.710,      12.829,      30.213
 191000         ,      30.703,      27.323,       1.381,      15.928,      29.705
 191500         ,      32.341,      26.927,       1.301,      15.155,      29.945
 192000         ,      32.188,      26.835,       1.474,      14.942,      29.550
 192500         ,      33.475,      26.167,       1.794,      15.348,      29.400
 193000         ,      32.346,      28.617,       1.466,      16.935,      31.537
 193500         ,      31.987,      27.234,       2.085,      16.053,      30.238
 194000         ,      32.386,      26.661,       1.388,      13.441,      29.781
 194500         ,      32.400,      27.413,       1.173,      15.018,      30.238
 195000         ,      32.469,      26.807,       1.494,      16.495,      30.156
 195500         ,      32.449,      27.360,       1.722,      14.583,      30.237
 196000         ,      30.809,      27.473,       1.311,      14.877,      29.899
 196500         ,      32.561,      28.345,       1.261,      16.319,      31.489
 197000         ,      32.042,      26.769,       2.061,      15.815,      30.752
 197500         ,      31.212,      25.690,       1.722,      15.284,      28.689
 198000         ,      31.860,      28.424,       1.714,      16.714,      31.314
 198500         ,      32.115,      27.336,       1.143,      15.145,      30.685
 199000         ,      32.398,      26.771,       1.210,      15.818,      29.855
 199500         ,      33.369,      28.017,       1.801,      16.628,      30.730
 200000         ,      32.444,      28.229,       1.943,      16.160,      31.187
 200500         ,      32.494,      28.236,       1.614,      15.916,      30.964
 201000         ,      31.944,      27.221,       1.113,      14.472,      30.272
 201500         ,      31.834,      23.840,       2.249,      11.463,      28.886
 202000         ,      31.333,      27.005,       1.229,      15.742,      30.378
 202500         ,      31.635,      27.112,       1.219,      16.003,      29.503
 203000         ,      31.142,      26.759,       1.646,      14.660,      29.715
 203500         ,      31.238,      27.180,       1.590,      15.308,      30.650
 204000         ,      32.540,      25.828,       1.386,      13.044,      28.512
 204500         ,      30.878,      24.592,       1.149,      13.515,      27.206
 205000         ,      34.177,      27.263,       1.542,      16.562,      31.362
 205500         ,      30.740,      27.212,       1.477,      16.074,      30.359
 206000         ,      32.964,      26.856,       1.617,      15.922,      30.446
 206500         ,      32.258,      25.411,       1.432,      14.385,      29.477
 207000         ,      33.282,      26.672,       1.636,      13.676,      29.609
 207500         ,      32.194,      28.212,       1.546,      15.993,      31.110
 208000         ,      33.204,      27.676,       1.102,      15.649,      31.163
 208500         ,      31.304,      26.327,       1.507,      15.092,      29.108
 209000         ,      33.234,      28.590,       1.778,      16.114,      31.383
 209500         ,      32.695,      28.269,       1.098,      16.148,      30.591
 210000         ,      31.125,      26.959,       1.339,      15.645,      29.198
 210500         ,      33.243,      26.441,       1.383,      14.099,      29.701
 211000         ,      32.160,      28.079,       1.109,      16.026,      30.705
 211500         ,      32.302,      28.234,       1.936,      15.105,      30.615
 212000         ,      32.054,      25.944,       1.117,      13.237,      28.873
 212500         ,      33.228,      27.560,       1.210,      14.739,      30.310
 213000         ,      32.298,      24.539,       1.449,      13.600,      28.762
 213500         ,      31.509,      28.108,       1.276,      15.483,      31.303
 214000         ,      32.156,      27.377,       1.891,      14.985,      30.798
 214500         ,      31.556,      26.030,       1.458,      13.466,      29.162
 215000         ,      31.213,      27.564,       2.079,      16.210,      30.287
 215500         ,      30.795,      27.039,       1.415,      15.777,      30.092
 216000         ,      32.252,      26.589,       1.705,      13.944,      29.961
 216500         ,      32.308,      25.815,       1.446,      14.317,      28.929
 217000         ,      31.594,      27.194,       1.587,      16.366,      30.093
 217500         ,      33.889,      24.659,       1.678,      15.012,      28.170
 218000         ,      32.527,      26.834,       1.617,      15.383,      30.015
 218500         ,      33.307,      28.194,       1.801,      16.013,      31.557
 219000         ,      32.871,      26.672,       1.214,      14.681,      29.980
 219500         ,      33.007,      27.943,       1.318,      16.652,      31.267
 220000         ,      31.675,      26.749,       0.925,      14.399,      29.182
 220500         ,      33.242,      26.870,       1.823,      14.138,      29.608
 221000         ,      31.889,      27.998,       1.730,      15.724,      29.734
 221500         ,      32.522,      26.853,       2.709,      13.360,      29.520
 222000         ,      32.180,      27.228,       1.453,      13.859,      29.820
 222500         ,      30.445,      25.706,       1.817,      13.545,      27.896
 223000         ,      31.048,      27.719,       1.226,      15.640,      30.796
 223500         ,      31.806,      27.630,       1.225,      15.886,      30.525
 224000         ,      29.959,      25.633,       1.851,      13.984,      30.041
 224500         ,      34.400,      25.146,       2.262,      13.048,      28.999
 225000         ,      32.160,      28.018,       1.449,      15.291,      31.459
 225500         ,      32.390,      26.236,       2.026,      14.497,      28.173
 226000         ,      33.246,      26.377,       1.895,      15.384,      30.949
 226500         ,      32.545,      26.294,       1.435,      14.610,      28.961
 227000         ,      32.392,      26.746,       1.580,      13.256,      29.777
 227500         ,      33.073,      28.419,       1.190,      15.867,      31.164
 228000         ,      33.349,      26.998,       1.184,      15.634,      30.307
 228500         ,      32.385,      28.347,       1.463,      16.504,      30.403
 229000         ,      30.329,      27.571,       1.138,      15.216,      30.661
 229500         ,      32.158,      27.203,       1.604,      15.873,      29.835
 230000         ,      31.211,      27.125,       1.647,      15.913,      29.217
 230500         ,      32.329,      28.192,       0.761,      15.360,      30.481
 231000         ,      32.016,      27.301,       1.473,      14.630,      30.131
 231500         ,      31.909,      28.228,       1.354,      15.750,      30.228
 232000         ,      33.103,      26.359,       1.491,      14.753,      30.511
 232500         ,      32.288,      26.657,       1.539,      16.047,      30.256
 233000         ,      32.551,      27.580,       1.071,      15.573,      30.715
 233500         ,      32.970,      26.110,       1.269,      13.265,      29.447
 234000         ,      31.888,      27.368,       1.061,      15.065,      29.846
 234500         ,      32.399,      28.738,       1.150,      16.872,      31.509
 235000         ,      33.517,      24.184,       2.278,      13.938,      29.155
 235500         ,      32.653,      24.513,       2.037,      12.028,      27.541
 236000         ,      33.615,      25.261,       2.179,      13.191,      29.545
 236500         ,      33.278,      28.193,       1.897,      16.831,      31.449
 237000         ,      33.158,      27.910,       1.037,      15.481,      31.447
 237500         ,      32.883,      25.823,       2.077,      16.026,      30.691
 238000         ,      32.750,      27.080,       1.373,      15.095,      29.891
 238500         ,      32.207,      28.782,       1.162,      16.548,      31.732
 239000         ,      32.104,      24.113,       1.546,      13.991,      28.662
 239500         ,      30.880,      23.943,       1.904,      14.843,      28.524
 240000         ,      31.446,      27.024,       1.487,      15.661,      30.840
 240500         ,      32.553,      25.595,       1.993,      12.745,      28.333
 241000         ,      31.483,      26.990,       1.697,      16.275,      29.850
 241500         ,      32.799,      26.235,       1.820,      14.560,      29.168
 242000         ,      32.607,      25.619,       1.306,      14.877,      30.198
 242500         ,      33.755,      25.956,       1.920,      13.349,      28.863
 243000         ,      32.550,      26.202,       1.663,      14.415,      28.667
 243500         ,      33.767,      25.789,       2.345,      13.935,      29.180
 244000         ,      33.111,      26.356,       1.806,      13.621,      29.322
 244500         ,      31.463,      27.130,       1.090,      15.950,      29.911
 245000         ,      32.190,      26.809,       1.223,      15.093,      30.209
 245500         ,      33.389,      26.419,       1.010,      14.536,      30.903
 246000         ,      31.273,      26.477,       1.827,      15.828,      29.627
 246500         ,      33.707,      28.211,       1.664,      16.099,      32.102
 247000         ,      33.598,      27.768,       1.402,      16.364,      30.833
 247500         ,      31.239,      27.516,       1.174,      15.628,      29.563
 248000         ,      32.935,      27.514,       1.330,      14.734,      30.426
 248500         ,      32.614,      26.822,       1.426,      14.685,      31.235
 249000         ,      33.566,      27.804,       1.392,      15.749,      30.735
 249500         ,      31.496,      26.033,       1.143,      15.060,      30.645
 250000         ,      32.163,      26.275,       1.621,      13.815,      29.213
 250500         ,      30.866,      25.441,       1.573,      13.739,      28.152
 251000         ,      32.076,      27.401,       1.351,      15.398,      30.602
 251500         ,      32.481,      27.144,       1.242,      15.032,      30.516
 252000         ,      33.199,      24.261,       1.676,      11.878,      28.632
 252500         ,      32.478,      27.859,       1.099,      16.278,      30.627
 253000         ,      32.965,      25.906,       1.658,      13.247,      29.730
 253500         ,      31.531,      26.141,       1.147,      14.521,      29.664
 254000         ,      31.805,      25.420,       2.561,      13.724,      28.477
 254500         ,      32.837,      28.593,       1.425,      17.020,      31.575
 255000         ,      32.244,      26.080,       2.003,      16.029,      28.870
 255500         ,      30.524,      25.654,       1.664,      13.779,      27.643
 256000         ,      32.325,      27.969,       1.053,      15.666,      31.834
 256500         ,      32.771,      26.765,       1.253,      14.155,      29.691
 257000         ,      32.654,      27.357,       1.816,      15.101,      30.581
 257500         ,      32.563,      27.829,       1.355,      15.526,      30.886
 258000         ,      30.559,      24.600,       1.661,      11.955,      28.583
 258500         ,      33.395,      27.316,       1.638,      14.263,      29.801
 259000         ,      30.651,      27.888,       1.034,      15.571,      29.860
 259500         ,      31.809,      27.872,       1.582,      16.074,      30.092
 260000         ,      33.021,      27.476,       1.312,      15.960,      30.263
 260500         ,      31.190,      24.309,       1.793,      13.074,      28.772
 261000         ,      31.314,      25.542,       1.502,      13.368,      30.486
 261500         ,      33.199,      27.242,       1.962,      14.728,      30.097
 262000         ,      32.418,      26.921,       0.781,      14.852,      31.168
 262500         ,      31.401,      28.356,       1.185,      15.806,      30.797
 263000         ,      33.216,      26.391,       2.039,      13.196,      28.957
 263500         ,      33.473,      24.322,       1.888,      14.073,      27.854
 264000         ,      33.104,      26.254,       1.437,      13.517,      30.010
 264500         ,      32.147,      26.719,       1.142,      15.599,      31.289
 265000         ,      32.834,      25.819,       1.852,      13.506,      30.601
 265500         ,      33.619,      28.725,       1.264,      16.883,      31.889
 266000         ,      30.968,      27.353,       1.271,      15.045,      30.444
 266500         ,      33.089,      25.776,       1.949,      14.105,      29.775
 267000         ,      33.449,      27.293,       1.412,      15.020,      31.259
 267500         ,      32.821,      29.011,       1.184,      16.413,      32.026
 268000         ,      31.682,      28.167,       1.330,      16.637,      31.168
 268500         ,      30.872,      27.528,       1.412,      15.689,      30.386
 269000         ,      33.666,      25.538,       1.978,      14.541,      28.440
 269500         ,      33.598,      25.157,       1.640,      14.255,      28.411
 270000         ,      33.603,      27.575,       2.192,      15.565,      31.073
 270500         ,      32.668,      26.385,       1.603,      14.332,      29.518
 271000         ,      32.581,      27.313,       1.230,      15.959,      30.675
 271500         ,      32.425,      27.890,       1.590,      16.318,      31.010
 272000         ,      30.975,      27.237,       1.093,      16.098,      30.332
 272500         ,      32.865,      26.752,       1.197,      15.023,      29.700
 273000         ,      32.513,      27.492,       1.420,      14.512,      31.046
 273500         ,      31.922,      24.848,       1.938,      15.707,      27.919
 274000         ,      32.130,      28.061,       1.258,      16.577,      31.338
 274500         ,      33.092,      27.592,       1.321,      15.920,      30.332
 275000         ,      32.279,      25.179,       2.635,      12.389,      28.429
 275500         ,      32.575,      28.688,       0.992,      15.491,      31.062
 276000         ,      32.113,      26.438,       1.156,      15.612,      29.700
 276500         ,      32.733,      28.481,       0.717,      16.124,      31.840
 277000         ,      32.048,      26.990,       1.316,      15.834,      31.393
 277500         ,      31.276,      26.809,       1.180,      14.838,      30.116
 278000         ,      30.610,      27.675,       1.385,      15.724,      29.904
 278500         ,      32.681,      27.952,       2.180,      16.634,      31.178
 279000         ,      32.693,      26.133,       1.256,      14.653,      30.814
 279500         ,      32.774,      28.352,       1.034,      15.982,      31.165
 280000         ,      32.623,      26.941,       1.671,      15.891,      30.283
 280500         ,      33.540,      26.622,       2.100,      14.164,      29.639
 281000         ,      31.867,      28.297,       1.220,      15.791,      31.047
 281500         ,      32.133,      27.926,       1.597,      15.003,      30.239
 282000         ,      32.877,      27.616,       1.417,      14.498,      30.409
 282500         ,      32.072,      28.620,       0.997,      16.593,      30.774
 283000         ,      29.702,      26.231,       1.518,      14.182,      29.069
 283500         ,      31.764,      26.359,       1.882,      14.617,      28.441
 284000         ,      32.488,      25.438,       1.707,      13.617,      28.170
 284500         ,      31.194,      28.509,       1.103,      15.691,      31.353
 285000         ,      33.690,      27.664,       2.273,      14.908,      30.558
 285500         ,      32.893,      26.196,       1.420,      15.427,      29.354
 286000         ,      32.415,      27.574,       2.203,      16.594,      31.226
 286500         ,      33.392,      28.591,       1.280,      16.696,      31.565
 287000         ,      31.467,      27.383,       1.093,      14.707,      30.240
 287500         ,      30.997,      26.766,       0.902,      14.430,      29.626
 288000         ,      32.947,      27.896,       1.243,      16.839,      31.936
 288500         ,      32.872,      28.045,       1.566,      16.331,      30.765
 289000         ,      30.728,      26.699,       1.293,      14.283,      29.821
 289500         ,      30.902,      28.174,       1.034,      16.414,      30.886
 290000         ,      33.109,      28.359,       1.548,      16.080,      31.038
 290500         ,      31.744,      28.279,       1.467,      16.184,      30.803
 291000         ,      33.957,      28.307,       2.271,      16.404,      30.892
 291500         ,      32.910,      27.804,       1.587,      15.953,      30.496
 292000         ,      32.942,      27.591,       1.004,      15.614,      31.945
 292500         ,      31.168,      26.848,       1.392,      15.177,      29.224
 293000         ,      32.270,      27.333,       1.287,      16.006,      30.090
 293500         ,      30.763,      27.385,       1.465,      16.748,      30.435
 294000         ,      30.718,      28.214,       1.556,      16.136,      30.717
 294500         ,      32.656,      29.128,       1.581,      16.607,      31.106
 295000         ,      32.667,      27.916,       1.187,      16.685,      30.909
 295500         ,      32.319,      27.402,       1.244,      15.296,      30.417
 296000         ,      31.458,      28.803,       0.916,      16.170,      31.478
 296500         ,      31.558,      26.867,       1.188,      15.243,      29.624
 297000         ,      30.634,      25.925,       1.423,      13.584,      28.543
 297500         ,      33.561,      25.943,       1.385,      15.220,      29.466
 298000         ,      31.695,      27.912,       1.197,      15.309,      30.575
 298500         ,      32.304,      28.871,       1.465,      16.266,      31.971
 299000         ,      33.047,      27.119,       1.667,      14.695,      30.117
 299500         ,      31.155,      26.361,       1.387,      15.064,      28.373
 300000         ,      31.955,      28.775,       1.434,      16.289,      30.805
 300500         ,      32.195,      28.522,       1.380,      16.479,      31.589
 301000         ,      31.648,      26.553,       1.602,      15.653,      29.982
 301500         ,      31.454,      25.220,       1.353,      14.946,      28.520
 302000         ,      32.398,      25.786,       1.779,      13.551,      28.564
 302500         ,      32.905,      25.922,       1.448,      15.726,      28.927
 303000         ,      32.592,      26.584,       1.117,      13.660,      29.610
 303500         ,      32.638,      28.411,       1.102,      16.315,      31.931
 304000         ,      30.876,      26.324,       1.532,      15.473,      29.155
 304500         ,      31.732,      27.622,       0.808,      15.423,      30.864
 305000         ,      31.874,      27.432,       1.825,      14.579,      30.326
 305500         ,      33.202,      26.573,       1.074,      14.709,      30.652
 306000         ,      31.986,      28.006,       1.421,      16.759,      30.710
 306500         ,      32.108,      27.560,       0.850,      14.911,      29.938
 307000         ,      33.194,      28.018,       0.844,      14.826,      31.718
 307500         ,      33.593,      26.880,       1.920,      15.241,      29.172
 308000         ,      31.896,      26.140,       1.970,      15.181,      29.219
 308500         ,      31.420,      27.048,       1.088,      15.070,      29.465
 309000         ,      29.568,      27.104,       0.952,      16.007,      29.963
 309500         ,      32.026,      28.082,       1.202,      16.246,      30.464
 310000         ,      32.878,      26.522,       1.515,      16.701,      29.856
 310500         ,      32.534,      27.955,       2.226,      17.307,      30.690
 311000         ,      31.700,      26.513,       1.223,      14.340,      29.928
 311500         ,      32.683,      26.159,       1.779,      15.210,      28.820
 312000         ,      32.909,      27.302,       0.885,      14.527,      30.349
 312500         ,      32.791,      27.824,       1.003,      14.934,      31.283
 313000         ,      31.854,      27.386,       2.281,      16.335,      29.738
 313500         ,      33.469,      26.500,       1.675,      14.382,      29.300
 314000         ,      32.160,      28.154,       1.147,      15.834,      31.288
 314500         ,      33.268,      27.887,       0.952,      15.300,      30.683
 315000         ,      33.342,      28.199,       1.339,      15.911,      31.658
 315500         ,      33.252,      27.989,       1.342,      15.550,      30.632
 316000         ,      32.975,      27.401,       1.951,      16.498,      30.304
 316500         ,      30.116,      27.580,       1.565,      16.151,      30.981
 317000         ,      33.168,      28.833,       1.796,      16.832,      31.075
 317500         ,      33.014,      27.240,       1.864,      15.218,      30.091
 318000         ,      33.204,      27.305,       1.040,      14.342,      30.635
 318500         ,      31.611,      27.784,       1.215,      15.770,      31.512
 319000         ,      33.217,      26.517,       1.602,      14.374,      29.678
 319500         ,      32.666,      26.864,       1.348,      15.383,      29.633
 320000         ,      32.652,      28.429,       1.150,      15.573,      31.769
 320500         ,      31.375,      27.307,       1.425,      14.866,      29.485
 321000         ,      32.966,      27.096,       1.786,      15.295,      30.142
 321500         ,      31.768,      26.889,       1.359,      13.585,      29.604
 322000         ,      32.896,      27.626,       1.160,      15.727,      30.692
 322500         ,      32.423,      26.048,       1.751,      13.349,      28.863
 323000         ,      30.461,      26.262,       0.950,      15.239,      28.936
 323500         ,      32.796,      26.343,       1.159,      15.678,      29.354
 324000         ,      31.230,      25.294,       1.934,      14.939,      27.568
 324500         ,      32.820,      27.417,       1.286,      14.652,      31.153
 325000         ,      33.641,      24.286,       2.151,      13.505,      28.987
 325500         ,      33.138,      28.501,       0.729,      15.955,      31.135
 326000         ,      30.388,      25.920,       1.519,      14.168,      29.863
 326500         ,      32.216,      25.517,       1.658,      15.345,      28.562
 327000         ,      31.576,      27.066,       1.357,      14.926,      29.549
 327500         ,      32.202,      25.365,       1.816,      14.203,      27.680
 328000         ,      30.960,      26.050,       1.981,      14.023,      29.017
 328500         ,      31.669,      25.951,       2.288,      14.727,      28.858
 329000         ,      31.024,      26.928,       1.687,      14.854,      30.284
 329500         ,      31.425,      26.635,       1.882,      14.206,      28.402
 330000         ,      33.126,      27.445,       0.853,      15.012,      30.546
 330500         ,      33.300,      27.907,       1.243,      15.429,      31.113
 331000         ,      32.343,      26.672,       1.570,      15.037,      29.535
 331500         ,      33.387,      25.878,       1.737,      14.608,      29.588
 332000         ,      33.348,      27.056,       1.174,      14.860,      30.339
 332500         ,      32.682,      28.673,       0.826,      16.614,      31.681
 333000         ,      31.876,      28.391,       0.962,      15.923,      30.940
 333500         ,      33.156,      27.223,       1.614,      14.725,      30.076
 334000         ,      33.453,      26.341,       2.051,      14.402,      29.071
 334500         ,      33.076,      27.422,       1.167,      14.184,      30.489
 335000         ,      32.699,      26.352,       2.028,      14.452,      29.524
 335500         ,      30.882,      26.416,       1.612,      14.749,      30.097
 336000         ,      32.573,      28.182,       1.145,      16.339,      31.713
 336500         ,      31.724,      26.195,       1.739,      13.854,      29.480
 337000         ,      32.757,      27.258,       1.305,      14.020,      29.840
 337500         ,      33.440,      28.252,       1.261,      16.402,      31.624
 338000         ,      33.254,      25.881,       1.388,      15.090,      30.601
 338500         ,      32.912,      26.853,       1.219,      14.855,      30.378
 339000         ,      32.710,      28.532,       1.102,      16.047,      31.446
 339500         ,      32.330,      27.529,       0.824,      16.268,      30.765
 340000         ,      31.692,      25.270,       1.625,      14.176,      28.245
 340500         ,      33.133,      27.147,       1.084,      15.122,      30.886
 341000         ,      33.082,      25.818,       1.407,      14.494,      30.585
 341500         ,      31.319,      26.495,       1.482,      15.067,      28.742
 342000         ,      31.382,      26.178,       1.388,      14.816,      30.123
 342500         ,      30.946,      24.983,       1.811,      13.385,      27.061
 343000         ,      33.153,      27.264,       1.755,      15.418,      30.326
 343500         ,      30.651,      26.268,       1.414,      13.866,      29.429
 344000         ,      34.130,      25.914,       2.089,      15.962,      30.996
 344500         ,      33.441,      28.107,       1.022,      16.428,      32.045
 345000         ,      32.036,      25.665,       1.804,      14.193,      28.769
 345500         ,      32.376,      26.750,       1.736,      13.202,      28.836
 346000         ,      32.494,      25.394,       1.683,      13.617,      28.174
 346500         ,      32.905,      24.973,       2.429,      14.059,      27.536
 347000         ,      32.307,      26.759,       1.311,      14.739,      31.162
 347500         ,      30.910,      26.310,       1.352,      15.590,      30.072
 348000         ,      31.786,      28.112,       1.370,      15.603,      30.979
 348500         ,      33.580,      27.254,       1.340,      14.523,      31.270
 349000         ,      31.010,      27.565,       1.695,      16.007,      29.817
 349500         ,      31.823,      25.115,       1.697,      15.830,      27.969
 350000         ,      33.119,      27.055,       1.140,      14.897,      30.035
 350500         ,      32.741,      26.645,       1.316,      15.435,      29.218
 351000         ,      33.054,      26.997,       1.868,      15.877,      30.077
 351500         ,      33.790,      26.532,       1.358,      15.623,      29.652
 352000         ,      32.100,      26.344,       1.580,      14.373,      28.577
 352500         ,      33.273,      25.628,       1.219,      12.927,      28.820
 353000         ,      31.951,      26.730,       1.358,      14.319,      30.956
 353500         ,      33.317,      27.375,       1.207,      15.157,      30.149
 354000         ,      32.791,      28.189,       1.337,      16.549,      31.354
 354500         ,      32.447,      25.394,       1.830,      13.397,      29.539
 355000         ,      32.620,      27.551,       1.351,      15.387,      30.902
 355500         ,      33.659,      22.499,       2.901,      10.558,      25.958
 356000         ,      30.724,      25.693,       1.338,      14.682,      29.663
 356500         ,      31.939,      28.156,       1.580,      17.066,      30.016
 357000         ,      31.840,      27.192,       1.733,      15.806,      29.317
 357500         ,      32.665,      28.030,       1.275,      15.201,      30.759
 358000         ,      30.413,      25.760,       1.494,      13.650,      29.121
 358500         ,      32.214,      26.744,       1.211,      14.636,      29.225
 359000         ,      32.888,      28.444,       1.328,      16.585,      31.476
 359500         ,      32.327,      26.416,       1.843,      15.048,      31.083
 360000         ,      30.823,      26.172,       1.354,      14.780,      29.400
 360500         ,      32.305,      28.104,       0.957,      16.531,      31.267
 361000         ,      32.498,      27.589,       1.345,      15.698,      29.620
 361500         ,      32.539,      27.170,       1.704,      14.734,      30.112
 362000         ,      32.325,      24.114,       1.450,      13.406,      28.056
 362500         ,      32.193,      27.283,       1.189,      14.927,      31.232
 363000         ,      32.257,      27.627,       1.289,      14.267,      30.745
 363500         ,      33.272,      26.847,       1.352,      14.458,      30.506
 364000         ,      32.084,      27.117,       1.357,      15.505,      30.965
 364500         ,      33.204,      27.166,       1.320,      14.951,      30.820
 365000         ,      32.812,      28.704,       1.329,      16.630,      30.594
 365500         ,      32.816,      26.683,       1.324,      15.522,      30.592
 366000         ,      30.012,      26.834,       0.866,      15.121,      30.380
 366500         ,      32.984,      28.211,       1.447,      15.281,      31.227
 367000         ,      33.711,      28.575,       1.842,      16.893,      31.265
 367500         ,      31.466,      26.042,       1.900,      15.426,      28.884
 368000         ,      33.043,      28.083,       1.263,      15.128,      30.825
 368500         ,      33.006,      27.903,       1.962,      15.952,      30.224
 369000         ,      32.776,      24.922,       1.805,      15.040,      28.519
 369500         ,      32.903,      27.899,       1.043,      15.827,      30.760
 370000         ,      32.959,      28.654,       1.002,      16.234,      32.023
 370500         ,      32.247,      26.269,       1.395,      13.207,      29.232
 371000         ,      32.005,      28.313,       1.116,      16.501,      31.249
 371500         ,      32.401,      28.463,       0.915,      16.106,      31.442
 372000         ,      30.964,      26.031,       1.732,      13.760,      28.049
 372500         ,      32.428,      25.293,       1.842,      14.358,      28.819
 373000         ,      32.520,      26.554,       0.950,      15.047,      29.740
 373500         ,      32.454,      26.601,       1.146,      15.315,      28.966
 374000         ,      32.240,      28.363,       1.273,      16.174,      30.913
 374500         ,      33.039,      27.894,       1.329,      15.380,      30.991
 375000         ,      31.802,      28.079,       1.484,      15.751,      31.152
 375500         ,      31.863,      26.194,       1.632,      14.445,      29.190
 376000         ,      32.623,      28.696,       1.491,      15.700,      31.328
 376500         ,      32.543,      28.318,       1.616,      15.088,      30.898
 377000         ,      32.112,      25.685,       1.612,      15.559,      28.402
 377500         ,      32.131,      25.968,       1.587,      15.073,      30.324
 378000         ,      32.368,      27.980,       1.170,      16.211,      30.251
 378500         ,      31.633,      26.528,       1.330,      14.485,      29.042
 379000         ,      32.126,      26.491,       1.227,      14.660,      29.415
 379500         ,      32.082,      24.530,       2.395,      14.249,      26.725
 380000         ,      32.405,      24.955,       1.563,      11.834,      29.018
 380500         ,      32.806,      26.191,       1.292,      14.744,      29.240
 381000         ,      30.305,      24.950,       1.687,      14.554,      28.251
 381500         ,      32.543,      26.836,       1.017,      15.704,      31.435
 382000         ,      32.623,      26.226,       1.186,      15.648,      29.567
 382500         ,      30.963,      27.900,       1.522,      16.283,      29.854
 383000         ,      31.585,      26.978,       1.510,      14.944,      29.973
 383500         ,      32.088,      28.877,       0.609,      15.808,      31.319
 384000         ,      33.307,      27.523,       1.143,      14.754,      30.177
 384500         ,      32.665,      28.489,       1.490,      17.120,      30.449
 385000         ,      33.209,      27.336,       0.868,      15.099,      30.731
 385500         ,      31.378,      27.253,       1.470,      16.340,      30.159
 386000         ,      30.275,      25.694,       2.027,      13.819,      27.492
 386500         ,      33.154,      27.822,       1.400,      15.943,      31.563
 387000         ,      32.553,      25.712,       1.020,      13.451,      30.021
 387500         ,      33.288,      26.720,       1.423,      14.785,      29.713
 388000         ,      33.721,      25.738,       1.222,      14.571,      30.519
 388500         ,      32.348,      26.935,       1.759,      15.585,      30.466
 389000         ,      31.378,      27.364,       1.229,      15.568,      31.270
 389500         ,      32.223,      26.029,       1.599,      16.680,      28.741
 390000         ,      31.477,      27.587,       1.373,      16.543,      30.005
 390500         ,      32.732,      27.493,       1.087,      15.718,      30.785
 391000         ,      33.373,      27.056,       1.295,      16.713,      30.620
 391500         ,      32.916,      27.483,       0.883,      15.953,      30.934
 392000         ,      31.500,      27.382,       1.249,      15.237,      30.504
 392500         ,      32.816,      26.684,       1.367,      15.596,      30.843
 393000         ,      32.105,      28.174,       1.747,      17.038,      31.132
 393500         ,      32.087,      26.196,       1.569,      15.051,      29.165
 394000         ,      30.763,      26.574,       1.030,      15.850,      29.921
 394500         ,      32.844,      26.743,       1.470,      15.808,      30.254
 395000         ,      32.406,      26.069,       1.685,      14.402,      29.063
 395500         ,      32.653,      26.550,       1.230,      14.429,      29.566
 396000         ,      33.443,      28.689,       1.509,      15.650,      31.539
 396500         ,      32.383,      27.521,       0.864,      15.370,      31.691
 397000         ,      32.724,      27.554,       1.572,      15.688,      30.465
 397500         ,      32.235,      28.042,       1.776,      15.632,      30.951
 398000         ,      32.413,      26.879,       1.179,      15.892,      29.206
 398500         ,      32.261,      25.139,       1.304,      14.307,      28.504
 399000         ,      30.866,      27.740,       1.244,      14.810,      30.923
 399500         ,      33.383,      27.099,       1.639,      15.288,      30.361
 400000         ,      32.923,      27.006,       1.353,      14.242,      30.945
 400500         ,      30.947,      26.282,       2.006,      13.608,      27.984
 401000         ,      31.948,      28.196,       1.185,      16.341,      32.050
 401500         ,      32.602,      25.667,       1.284,      14.618,      30.023
 402000         ,      33.189,      26.983,       1.103,      14.370,      29.936
 402500         ,      31.280,      25.221,       1.962,      14.720,      29.816
 403000         ,      31.735,      27.597,       1.598,      14.006,      29.647
 403500         ,      32.353,      27.434,       1.476,      15.115,      31.535
 404000         ,      31.814,      25.239,       1.559,      13.213,      27.665
 404500         ,      30.948,      27.927,       1.540,      16.204,      29.975
 405000         ,      31.739,      25.345,       1.647,      15.362,      28.309
 405500         ,      31.739,      27.497,       0.812,      14.652,      30.576
 406000         ,      31.253,      27.482,       1.904,      16.186,      29.973
 406500         ,      33.554,      27.976,       1.715,      15.399,      30.710
 407000         ,      32.475,      24.547,       1.778,      13.151,      27.407
 407500         ,      32.560,      28.421,       1.259,      15.859,      31.181
 408000         ,      33.277,      28.274,       1.438,      15.466,      30.517
 408500         ,      33.322,      26.506,       1.297,      13.705,      29.180
 409000         ,      30.682,      25.871,       1.580,      14.472,      27.759
 409500         ,      32.869,      25.989,       2.215,      14.861,      27.952
 410000         ,      33.400,      27.364,       1.392,      15.957,      30.293
 410500         ,      31.672,      27.316,       1.224,      16.038,      30.367
 411000         ,      32.343,      26.915,       1.515,      13.920,      28.970
 411500         ,      33.743,      26.771,       1.248,      15.233,      29.722
 412000         ,      33.201,      27.856,       1.307,      14.748,      30.778
 412500         ,      30.937,      27.286,       1.928,      16.577,      30.154
 413000         ,      32.274,      27.700,       1.046,      15.953,      30.908
 413500         ,      30.690,      25.534,       1.387,      14.984,      29.625
 414000         ,      30.560,      26.542,       1.437,      14.505,      28.486
 414500         ,      33.024,      25.434,       1.437,      14.334,      28.865
 415000         ,      32.523,      25.305,       1.888,      14.139,      30.478
 415500         ,      31.206,      27.717,       1.543,      15.336,      30.168
 416000         ,      31.161,      24.617,       1.686,      14.527,      28.922
 416500         ,      32.233,      24.990,       1.697,      13.361,      29.500
 417000         ,      31.497,      25.213,       1.440,      13.743,      29.974
 417500         ,      31.481,      26.320,       1.827,      14.521,      30.100
 418000         ,      32.433,      28.484,       1.956,      16.753,      30.227
 418500         ,      32.069,      26.925,       1.365,      14.932,      31.035
 419000         ,      31.368,      24.874,       1.787,      11.923,      27.309
 419500         ,      32.704,      27.401,       1.808,      15.405,      30.417
 420000         ,      31.508,      26.873,       1.457,      15.883,      30.021
 420500         ,      32.554,      26.697,       1.231,      14.442,      29.674
 421000         ,      32.458,      26.998,       1.278,      15.549,      29.578
 421500         ,      33.443,      27.887,       1.607,      16.083,      30.180
 422000         ,      32.135,      27.448,       1.600,      16.718,      31.114
 422500         ,      29.609,      25.632,       1.184,      14.611,      28.408
 423000         ,      33.766,      26.183,       1.675,      14.281,      30.121
 423500         ,      30.992,      25.807,       1.216,      14.740,      30.364
 424000         ,      31.838,      25.277,       2.045,      12.781,      28.450
 424500         ,      31.372,      27.642,       1.679,      16.106,      30.502
 425000         ,      31.573,      27.694,       1.173,      16.406,      30.393
 425500         ,      31.555,      28.125,       1.602,      14.538,      30.723
 426000         ,      31.369,      26.755,       0.779,      14.257,      30.002
 426500         ,      32.679,      27.433,       0.993,      14.929,      31.584
 427000         ,      33.064,      25.535,       1.392,      13.557,      29.746
 427500         ,      32.568,      28.237,       1.199,      16.092,      31.458
 428000         ,      31.934,      26.788,       1.563,      15.066,      30.750
 428500         ,      31.791,      25.593,       1.591,      13.218,      28.437
 429000         ,      32.513,      27.552,       1.161,      15.197,      31.546
 429500         ,      31.561,      27.212,       1.569,      14.936,      29.582
 430000         ,      32.042,      27.328,       1.042,      15.356,      30.403
 430500         ,      32.984,      28.165,       1.644,      16.570,      31.550
 431000         ,      32.107,      27.027,       1.268,      15.066,      30.316
 431500         ,      32.694,      27.709,       1.165,      16.006,      31.539
 432000         ,      32.503,      27.116,       1.034,      15.075,      31.090
 432500         ,      31.111,      25.553,       1.902,      12.980,      27.592
 433000         ,      32.210,      26.971,       1.241,      15.081,      29.794
 433500         ,      32.167,      28.560,       1.327,      15.902,      31.282
 434000         ,      33.305,      27.908,       1.137,      15.041,      31.476
 434500         ,      32.275,      28.275,       1.773,      16.851,      30.810
 435000         ,      31.830,      26.438,       1.617,      13.894,      30.033
 435500         ,      31.771,      27.344,       1.382,      16.437,      30.354
 436000         ,      32.379,      26.328,       1.680,      15.659,      28.553
 436500         ,      32.044,      26.232,       0.816,      15.084,      29.351
 437000         ,      32.069,      28.283,       1.595,      16.211,      31.137
 437500         ,      32.935,      27.286,       1.275,      15.231,      30.683
 438000         ,      33.450,      26.091,       1.797,      13.966,      30.299
 438500         ,      33.599,      27.579,       1.181,      15.790,      30.868
 439000         ,      32.711,      25.950,       2.085,      13.290,      29.953
 439500         ,      31.916,      28.073,       1.086,      15.530,      30.645
 440000         ,      30.759,      28.400,       1.305,      16.107,      30.940
 440500         ,      31.142,      24.471,       2.127,      14.441,      26.975
 441000         ,      30.369,      27.176,       1.720,      14.295,      28.743
 441500         ,      31.735,      26.165,       1.606,      14.732,      28.909
 442000         ,      30.831,      25.253,       1.811,      13.684,      27.794
 442500         ,      33.398,      27.923,       2.107,      15.991,      31.209
 443000         ,      30.841,      26.823,       1.809,      15.025,      30.586
 443500         ,      32.582,      27.631,       1.413,      14.537,      29.760
 444000         ,      31.889,      26.375,       1.899,      13.907,      30.266
 444500         ,      33.536,      25.521,       1.269,      14.003,      29.902
 445000         ,      32.189,      26.382,       1.757,      14.233,      29.211
 445500         ,      32.335,      28.837,       1.174,      16.719,      31.779
 446000         ,      32.660,      27.307,       0.782,      15.380,      30.722
 446500         ,      30.184,      26.428,       1.707,      16.619,      28.308
 447000         ,      32.108,      26.858,       1.162,      13.719,      29.190
 447500         ,      31.807,      27.208,       1.613,      16.433,      30.425
 448000         ,      32.596,      25.772,       1.359,      14.220,      29.335
 448500         ,      31.801,      26.295,       1.283,      15.969,      29.584
 449000         ,      29.863,      23.158,       2.058,      10.869,      27.814
 449500         ,      33.182,      26.755,       1.123,      14.900,      30.522
 450000         ,      30.321,      27.216,       1.341,      14.764,      29.917
 450500         ,      31.463,      27.785,       1.160,      15.579,      29.850
 451000         ,      31.474,      28.096,       1.200,      16.408,      30.288
 451500         ,      32.437,      27.435,       1.829,      15.242,      29.290
 452000         ,      32.472,      27.579,       1.026,      15.889,      31.126
 452500         ,      31.101,      27.381,       1.228,      15.109,      30.014
 453000         ,      33.203,      27.066,       1.988,      15.342,      29.925
 453500         ,      30.359,      26.912,       0.979,      14.825,      30.433
 454000         ,      32.256,      27.618,       2.141,      16.457,      30.637
 454500         ,      32.595,      24.712,       1.732,      13.674,      27.808
 455000         ,      33.085,      27.702,       1.463,      15.853,      30.960
 455500         ,      33.110,      24.807,       1.978,      14.105,      27.776
 456000         ,      32.935,      25.914,       1.423,      14.620,      29.068
 456500         ,      33.625,      27.503,       1.494,      17.060,      31.209
 457000         ,      33.539,      27.529,       1.239,      15.269,      30.465
 457500         ,      32.761,      25.427,       1.389,      13.633,      29.489
 458000         ,      32.242,      26.573,       0.870,      15.415,      29.655
 458500         ,      33.340,      26.032,       1.506,      14.593,      30.083
 459000         ,      32.886,      27.224,       2.343,      15.943,      29.972
 459500         ,      32.994,      27.598,       1.722,      15.186,      30.026
 460000         ,      32.452,      27.604,       1.390,      16.184,      31.378
 460500         ,      33.002,      28.019,       1.678,      16.373,      30.494
 461000         ,      31.308,      27.581,       0.985,      16.345,      29.913
 461500         ,      32.754,      26.783,       1.532,      15.884,      29.049
 462000         ,      33.019,      27.886,       1.036,      15.210,      30.914
 462500         ,      33.131,      27.837,       1.407,      15.013,      31.286
 463000         ,      33.582,      27.462,       1.571,      16.207,      31.561
 463500         ,      31.920,      27.010,       1.361,      16.631,      30.026
 464000         ,      31.128,      26.113,       1.381,      14.741,      29.260
 464500         ,      32.075,      27.618,       1.452,      16.159,      30.070
 465000         ,      31.795,      26.737,       1.564,      14.112,      29.575
 465500         ,      30.731,      26.694,       1.527,      15.074,      28.470
 466000         ,      31.314,      25.380,       1.507,      13.431,      28.271
 466500         ,      32.874,      27.258,       1.774,      15.601,      29.970
 467000         ,      32.842,      28.302,       1.455,      16.833,      31.425
 467500         ,      32.530,      28.657,       1.047,      15.744,      31.566
 468000         ,      30.394,      27.344,       1.534,      15.403,      30.375
 468500         ,      32.959,      28.338,       1.940,      16.946,      30.631
 469000         ,      31.221,      27.906,       1.100,      15.527,      30.089
 469500         ,      32.077,      28.672,       1.258,      16.840,      31.206
 470000         ,      32.950,      27.154,       1.247,      14.547,      30.721
 470500         ,      31.548,      25.859,       1.877,      14.549,      28.810
 471000         ,      30.615,      26.797,       1.681,      14.398,      28.905
 471500         ,      30.760,      25.329,       1.428,      13.384,      27.971
 472000         ,      32.672,      27.937,       1.691,      17.179,      30.867
 472500         ,      33.466,      27.100,       1.703,      15.682,      31.384
 473000         ,      32.812,      25.665,       1.261,      14.892,      30.145
 473500         ,      32.475,      27.063,       1.561,      15.143,      29.560
 474000         ,      32.947,      26.726,       1.081,      15.085,      29.582
 474500         ,      32.596,      26.025,       1.973,      14.408,      28.244
 475000         ,      32.193,      28.401,       1.408,      16.880,      30.861
 475500         ,      32.247,      21.655,       3.781,      11.849,      24.106
 476000         ,      32.354,      21.469,       2.526,      10.866,      26.184
 476500         ,      33.107,      28.366,       1.215,      15.898,      30.530
 477000         ,      32.540,      24.196,       2.312,      11.898,      26.436
 477500         ,      31.329,      26.861,       1.550,      15.150,      31.021
 478000         ,      31.974,      28.127,       1.654,      16.410,      29.972
 478500         ,      33.733,      27.775,       1.643,      16.552,      30.775
 479000         ,      31.694,      27.695,       1.495,      15.750,      29.899
 479500         ,      32.132,      27.774,       1.682,      16.200,      30.710
 480000         ,      31.188,      24.088,       1.535,      12.592,      26.980
 480500         ,      31.619,      26.339,       1.126,      15.071,      29.702
 481000         ,      32.055,      27.956,       1.126,      16.124,      31.024
 481500         ,      33.094,      27.705,       1.575,      14.846,      29.929
 482000         ,      32.616,      26.722,       1.278,      14.408,      29.749
 482500         ,      32.309,      27.531,       1.855,      14.943,      31.253
 483000         ,      31.446,      24.836,       2.047,      14.228,      27.899
 483500         ,      31.450,      27.509,       1.111,      15.781,      29.666
 484000         ,      31.472,      25.407,       1.333,      12.858,      28.008
 484500         ,      32.221,      26.871,       0.994,      14.638,      29.954
 485000         ,      33.291,      26.483,       1.232,      14.897,      29.791
 485500         ,      33.302,      26.514,       1.918,      14.952,      29.669
 486000         ,      30.416,      26.559,       1.382,      14.356,      28.466
 486500         ,      32.263,      28.806,       1.203,      16.089,      31.717
 487000         ,      32.064,      27.522,       1.112,      15.753,      30.480
 487500         ,      33.368,      27.251,       2.061,      15.711,      30.839
 488000         ,      33.472,      27.760,       1.168,      15.011,      30.708
 488500         ,      33.093,      28.578,       0.973,      15.458,      31.859
 489000         ,      32.441,      25.004,       1.650,      13.959,      28.961
 489500         ,      31.266,      26.962,       1.303,      15.000,      29.139
 490000         ,      33.579,      22.786,       1.937,      11.387,      27.807
 490500         ,      33.072,      28.066,       1.812,      15.631,      30.685
 491000         ,      32.262,      26.986,       1.068,      15.116,      29.247
 491500         ,      33.041,      26.646,       2.138,      14.011,      28.644
 492000         ,      32.293,      26.588,       1.551,      13.975,      30.204
 492500         ,      32.061,      28.387,       1.079,      15.576,      30.793
 493000         ,      33.845,      26.910,       1.718,      15.840,      30.788
 493500         ,      32.837,      27.672,       1.160,      14.962,      30.605
 494000         ,      32.623,      28.070,       2.035,      16.021,      31.525
 494500         ,      31.113,      26.045,       1.521,      13.711,      29.407
 495000         ,      31.876,      28.056,       1.508,      14.915,      30.204
 495500         ,      33.475,      26.411,       1.344,      15.035,      30.596
 496000         ,      32.901,      27.365,       1.292,      16.448,      30.810
 496500         ,      32.854,      28.276,       0.985,      15.828,      31.555
 497000         ,      33.218,      28.405,       1.198,      16.020,      32.266
 497500         ,      32.421,      26.179,       1.408,      13.401,      30.102
 498000         ,      31.756,      28.807,       1.176,      16.332,      30.697
 498500         ,      32.645,      28.633,       0.844,      15.702,      31.381
 499000         ,      31.796,      27.049,       0.949,      15.636,      29.816
 499500         ,      31.421,      26.415,       1.382,      14.621,      28.854
 500000         ,      31.939,      26.812,       1.018,      14.503,      29.709
