--------------------------------------------------------------------------------
S H A P E   v2.1         Continuous Shape Measures calculation
(c) 2013  Electronic Structure Group, Universitat de Barcelona
                   Contact:  llunell@ub.edu                   
--------------------------------------------------------------------------------

coordination ZF1 

SP-4            1 D4h   Square                                             
T-4             2 Td    Tetrahedron                                        
SS-4            3 C2v   Seesaw                                             
vTBPY-4         4 C3v   Vacant trigonal bipyramid                          

Structure [ML4 ]         SP-4          T-4         SS-4      vTBPY-4
 0              ,      30.392,       0.301,       8.491,       2.838
 500            ,      31.314,       0.224,       8.024,       2.993
 1000           ,      30.045,       0.384,       6.986,       2.671
 1500           ,      32.107,       0.221,       8.457,       2.686
 2000           ,      32.071,       0.856,       6.653,       2.462
 2500           ,      30.857,       0.191,       8.672,       2.702
 3000           ,      28.846,       0.595,       7.329,       2.478
 3500           ,      29.437,       0.280,       8.085,       3.621
 4000           ,      29.498,       1.020,       6.201,       1.884
 4500           ,      30.136,       1.010,       5.623,       1.843
 5000           ,      28.511,       0.735,       7.351,       2.432
 5500           ,      30.712,       0.338,       8.205,       2.214
 6000           ,      30.815,       0.366,       8.315,       2.728
 6500           ,      30.383,       0.488,       7.919,       2.683
 7000           ,      28.470,       0.419,       6.823,       2.925
 7500           ,      29.312,       0.531,       7.407,       2.470
 8000           ,      28.940,       0.572,       7.854,       2.582
 8500           ,      30.453,       0.512,       8.043,       2.438
 9000           ,      31.238,       0.547,       7.719,       1.763
 9500           ,      29.164,       0.711,       7.647,       2.303
 10000          ,      29.328,       0.308,       7.446,       3.119
 10500          ,      31.455,       0.539,       7.899,       2.010
 11000          ,      32.004,       0.552,       7.387,       2.450
 11500          ,      30.917,       0.141,       8.671,       3.249
 12000          ,      31.995,       0.118,       9.187,       3.140
 12500          ,      27.283,       1.422,       7.112,       2.011
 13000          ,      30.194,       0.305,       7.922,       3.257
 13500          ,      31.893,       0.654,       7.548,       2.321
 14000          ,      31.686,       0.291,       8.159,       2.535
 14500          ,      30.651,       0.311,       8.739,       2.911
 15000          ,      29.183,       0.538,       7.830,       2.975
 15500          ,      30.123,       0.344,       7.967,       2.600
 16000          ,      27.977,       0.667,       6.963,       3.111
 16500          ,      25.814,       1.206,       4.711,       3.096
 17000          ,      30.469,       0.580,       7.521,       2.938
 17500          ,      29.218,       0.523,       7.567,       2.795
 18000          ,      30.135,       1.046,       7.167,       2.538
 18500          ,      29.980,       0.496,       8.349,       2.646
 19000          ,      29.773,       0.329,       8.068,       3.416
 19500          ,      28.891,       0.713,       6.847,       2.091
 20000          ,      31.572,       0.439,       8.159,       2.349
 20500          ,      30.631,       0.380,       8.283,       3.038
 21000          ,      30.766,       0.887,       6.501,       1.722
 21500          ,      29.030,       0.716,       6.594,       2.130
 22000          ,      27.540,       0.677,       7.644,       2.899
 22500          ,      28.462,       1.182,       5.456,       2.318
 23000          ,      29.652,       0.403,       8.387,       3.101
 23500          ,      32.295,       0.899,       6.723,       1.617
 24000          ,      26.091,       0.942,       7.256,       3.547
 24500          ,      27.606,       0.862,       6.756,       2.463
 25000          ,      32.117,       0.467,       7.354,       2.280
 25500          ,      31.277,       0.308,       8.571,       3.224
 26000          ,      30.873,       0.910,       8.305,       1.714
 26500          ,      32.482,       0.242,       8.509,       2.402
 27000          ,      30.520,       0.245,       8.021,       3.290
 27500          ,      29.035,       0.697,       7.261,       2.883
 28000          ,      29.195,       0.616,       8.102,       2.864
 28500          ,      33.136,       0.133,       8.886,       3.180
 29000          ,      31.775,       0.157,       8.646,       2.982
 29500          ,      28.805,       0.696,       6.708,       2.330
 30000          ,      31.885,       0.588,       7.907,       1.579
 30500          ,      29.289,       0.479,       8.176,       2.935
 31000          ,      29.379,       0.758,       6.027,       2.090
 31500          ,      32.394,       0.664,       7.523,       1.647
 32000          ,      28.695,       0.873,       7.920,       2.862
 32500          ,      31.751,       1.039,       6.835,       1.593
 33000          ,      28.102,       0.922,       6.186,       2.677
 33500          ,      32.524,       0.374,       8.836,       2.867
 34000          ,      27.272,       0.661,       6.470,       3.474
 34500          ,      29.627,       0.595,       7.134,       2.625
 35000          ,      29.365,       0.816,       7.462,       2.517
 35500          ,      33.134,       0.443,       8.376,       1.852
 36000          ,      31.780,       0.843,       8.041,       1.492
 36500          ,      31.422,       0.305,       7.769,       2.856
 37000          ,      31.130,       0.336,       8.227,       2.665
 37500          ,      29.002,       0.482,       7.789,       3.261
 38000          ,      27.870,       0.608,       6.582,       2.457
 38500          ,      31.332,       0.333,       8.909,       3.168
 39000          ,      28.835,       0.705,       6.237,       2.030
 39500          ,      31.412,       0.264,       8.117,       2.510
 40000          ,      28.258,       1.035,       6.467,       2.939
 40500          ,      32.780,       0.442,       8.597,       1.803
 41000          ,      27.125,       0.835,       7.315,       2.735
 41500          ,      31.122,       0.616,       7.440,       2.545
 42000          ,      30.983,       0.237,       8.000,       3.042
 42500          ,      31.702,       0.443,       8.690,       2.182
 43000          ,      27.962,       0.652,       7.060,       3.580
 43500          ,      32.877,       0.071,       9.421,       3.345
 44000          ,      31.703,       0.404,       8.345,       2.174
 44500          ,      31.943,       0.339,       9.165,       2.490
 45000          ,      31.276,       0.219,       7.997,       2.809
 45500          ,      31.619,       0.485,       7.339,       2.628
 46000          ,      29.684,       0.590,       7.925,       2.783
 46500          ,      31.553,       0.433,       8.605,       2.164
 47000          ,      28.748,       0.731,       7.274,       2.430
 47500          ,      31.813,       0.315,       8.413,       3.195
 48000          ,      29.584,       1.046,       6.310,       2.472
 48500          ,      28.809,       0.469,       7.180,       2.765
 49000          ,      28.293,       0.540,       7.241,       3.120
 49500          ,      32.156,       0.107,       8.872,       3.085
 50000          ,      29.324,       0.398,       7.786,       3.101
 50500          ,      30.728,       0.680,       7.550,       1.678
 51000          ,      30.167,       0.522,       7.222,       2.142
 51500          ,      28.879,       0.800,       7.242,       2.302
 52000          ,      28.128,       0.697,       7.516,       2.448
 52500          ,      26.446,       0.702,       7.112,       3.729
 53000          ,      31.124,       0.298,       7.753,       2.992
 53500          ,      30.433,       1.014,       5.629,       2.607
 54000          ,      32.997,       0.428,       7.809,       2.412
 54500          ,      31.182,       0.413,       8.376,       2.023
 55000          ,      25.746,       1.118,       6.315,       2.879
 55500          ,      27.068,       1.170,       6.804,       2.167
 56000          ,      30.425,       0.263,       7.363,       2.943
 56500          ,      30.576,       0.754,       7.505,       2.169
 57000          ,      31.591,       0.269,       7.832,       2.417
 57500          ,      29.745,       0.602,       7.841,       3.201
 58000          ,      29.447,       0.765,       7.903,       2.585
 58500          ,      29.230,       0.489,       7.074,       2.684
 59000          ,      32.067,       0.418,       8.382,       3.014
 59500          ,      31.337,       0.386,       8.289,       2.629
 60000          ,      32.284,       0.709,       8.161,       3.010
 60500          ,      31.859,       0.607,       7.064,       1.740
 61000          ,      32.356,       0.212,       8.621,       2.428
 61500          ,      31.904,       0.783,       7.794,       1.737
 62000          ,      32.049,       0.338,       8.062,       2.629
 62500          ,      26.432,       0.872,       5.546,       2.930
 63000          ,      32.287,       0.120,       8.940,       3.063
 63500          ,      30.080,       0.507,       7.302,       2.027
 64000          ,      30.442,       0.625,       6.899,       1.861
 64500          ,      31.393,       0.403,       7.252,       2.104
 65000          ,      30.938,       0.667,       8.555,       3.001
 65500          ,      31.156,       0.587,       8.417,       2.378
 66000          ,      29.655,       0.701,       7.705,       2.780
 66500          ,      29.989,       0.504,       6.819,       2.209
 67000          ,      28.586,       0.318,       7.819,       3.778
 67500          ,      32.257,       0.251,       8.538,       2.357
 68000          ,      29.688,       0.844,       7.205,       1.646
 68500          ,      30.687,       0.523,       7.088,       2.132
 69000          ,      31.088,       0.372,       8.031,       2.782
 69500          ,      29.124,       0.860,       5.814,       2.083
 70000          ,      29.526,       0.459,       7.744,       3.133
 70500          ,      22.634,       1.934,       5.463,       3.608
 71000          ,      33.258,       0.199,       8.886,       2.400
 71500          ,      30.102,       0.475,       7.747,       2.335
 72000          ,      31.813,       0.366,       7.844,       2.610
 72500          ,      30.430,       0.619,       7.182,       1.809
 73000          ,      28.587,       0.967,       7.501,       3.336
 73500          ,      32.038,       0.501,       7.854,       1.739
 74000          ,      31.421,       0.831,       7.536,       1.948
 74500          ,      31.581,       0.338,       8.006,       2.728
 75000          ,      27.094,       0.748,       6.514,       3.534
 75500          ,      30.916,       0.327,       8.317,       2.434
 76000          ,      29.211,       1.244,       6.121,       2.457
 76500          ,      29.928,       0.526,       8.535,       2.752
 77000          ,      31.022,       0.278,       8.478,       2.592
 77500          ,      32.290,       0.103,       8.779,       2.962
 78000          ,      31.585,       0.526,       7.174,       2.241
 78500          ,      32.971,       0.186,       8.653,       2.847
 79000          ,      31.279,       0.341,       7.620,       2.696
 79500          ,      29.997,       0.378,       8.366,       3.112
 80000          ,      30.074,       0.234,       8.097,       3.033
 80500          ,      31.260,       0.326,       7.770,       2.617
 81000          ,      28.466,       0.970,       6.582,       2.537
 81500          ,      33.002,       0.491,       8.229,       1.852
 82000          ,      31.334,       0.593,       7.718,       2.719
 82500          ,      33.120,       0.502,       8.109,       2.532
 83000          ,      30.854,       0.302,       8.374,       3.083
 83500          ,      29.566,       0.495,       7.162,       2.917
 84000          ,      30.991,       0.267,       8.428,       3.360
 84500          ,      28.383,       1.111,       8.022,       2.727
 85000          ,      31.918,       0.666,       8.667,       1.640
 85500          ,      30.316,       0.197,       8.142,       3.323
 86000          ,      31.612,       0.254,       8.729,       3.052
 86500          ,      27.865,       1.377,       7.998,       2.741
 87000          ,      28.351,       0.595,       7.617,       2.871
 87500          ,      31.924,       0.783,       6.954,       1.709
 88000          ,      32.755,       0.343,       8.430,       1.986
 88500          ,      27.567,       0.727,       6.523,       2.443
 89000          ,      28.516,       0.626,       6.534,       2.504
 89500          ,      30.321,       1.354,       6.867,       1.478
 90000          ,      28.567,       0.463,       7.200,       2.638
 90500          ,      29.113,       0.481,       8.062,       3.233
 91000          ,      30.774,       0.359,       8.773,       2.706
 91500          ,      29.872,       0.880,       6.803,       2.452
 92000          ,      26.540,       0.726,       6.944,       3.340
 92500          ,      30.967,       0.354,       8.736,       2.727
 93000          ,      31.109,       0.426,       7.768,       2.915
 93500          ,      30.353,       0.631,       7.666,       2.324
 94000          ,      29.886,       0.338,       7.217,       3.153
 94500          ,      30.381,       0.619,       8.320,       2.320
 95000          ,      31.996,       0.266,       9.309,       3.110
 95500          ,      31.481,       0.337,       7.904,       2.795
 96000          ,      27.620,       0.951,       7.211,       3.358
 96500          ,      28.346,       0.783,       8.134,       2.513
 97000          ,      31.997,       0.266,       8.613,       2.133
 97500          ,      32.610,       0.314,       8.319,       2.300
 98000          ,      32.620,       0.327,       8.327,       2.830
 98500          ,      33.385,       0.316,       8.518,       2.365
 99000          ,      31.910,       0.473,       8.757,       1.837
 99500          ,      22.505,       1.558,       5.897,       4.458
 100000         ,      29.851,       0.401,       7.260,       2.613
 100500         ,      30.353,       0.959,       6.950,       2.160
 101000         ,      31.590,       0.434,       8.474,       2.360
 101500         ,      32.352,       0.436,       7.603,       2.875
 102000         ,      30.106,       0.322,       7.856,       2.597
 102500         ,      29.828,       0.735,       6.682,       1.730
 103000         ,      30.338,       0.416,       8.704,       3.015
 103500         ,      31.533,       0.774,       8.151,       1.582
 104000         ,      28.541,       1.002,       7.957,       3.188
 104500         ,      29.454,       0.886,       8.058,       2.811
 105000         ,      29.147,       0.455,       7.651,       3.292
 105500         ,      32.530,       0.101,       9.423,       3.355
 106000         ,      28.912,       0.302,       7.479,       3.295
 106500         ,      27.574,       0.713,       7.651,       2.925
 107000         ,      32.347,       0.156,       8.439,       2.915
 107500         ,      28.990,       0.509,       6.430,       2.734
 108000         ,      30.483,       0.514,       8.601,       2.740
 108500         ,      29.205,       0.776,       8.495,       2.485
 109000         ,      31.793,       0.441,       7.746,       2.703
 109500         ,      26.857,       0.676,       7.442,       3.431
 110000         ,      28.310,       1.139,       6.252,       3.053
 110500         ,      30.752,       0.526,       6.975,       2.014
 111000         ,      31.763,       0.277,       8.184,       2.421
 111500         ,      31.001,       0.991,       6.592,       1.671
 112000         ,      31.596,       0.575,       6.789,       2.075
 112500         ,      30.792,       0.954,       7.022,       1.473
 113000         ,      25.757,       0.956,       6.834,       3.577
 113500         ,      31.142,       0.525,       7.902,       2.145
 114000         ,      29.792,       0.413,       6.979,       2.966
 114500         ,      30.425,       0.477,       7.483,       2.946
 115000         ,      32.187,       0.236,       8.547,       3.139
 115500         ,      27.444,       1.029,       7.550,       2.388
 116000         ,      29.507,       0.407,       7.482,       2.822
 116500         ,      31.036,       0.711,       6.872,       2.465
 117000         ,      32.138,       0.531,       7.815,       1.794
 117500         ,      30.101,       1.175,       6.514,       2.487
 118000         ,      31.394,       0.400,       8.512,       2.223
 118500         ,      29.783,       0.723,       7.347,       2.110
 119000         ,      27.208,       1.205,       6.050,       3.142
 119500         ,      30.089,       0.421,       7.429,       3.155
 120000         ,      28.862,       0.361,       7.879,       3.480
 120500         ,      27.071,       1.113,       6.444,       1.925
 121000         ,      31.274,       0.469,       7.906,       2.242
 121500         ,      30.330,       0.537,       8.497,       2.293
 122000         ,      30.009,       0.607,       7.387,       2.870
 122500         ,      32.087,       0.269,       8.161,       2.761
 123000         ,      32.446,       0.291,       8.047,       2.417
 123500         ,      28.369,       0.710,       8.035,       2.994
 124000         ,      29.485,       0.843,       6.998,       3.122
 124500         ,      30.041,       0.537,       7.775,       2.131
 125000         ,      30.644,       0.338,       8.363,       2.936
 125500         ,      28.609,       0.944,       6.881,       2.997
 126000         ,      30.309,       0.677,       7.519,       3.141
 126500         ,      29.975,       1.220,       6.824,       1.659
 127000         ,      32.114,       0.290,       9.009,       2.835
 127500         ,      31.527,       0.356,       8.935,       2.530
 128000         ,      30.224,       0.310,       8.381,       2.753
 128500         ,      28.296,       0.718,       6.509,       3.004
 129000         ,      30.045,       0.445,       7.338,       2.434
 129500         ,      28.124,       0.776,       6.547,       2.380
 130000         ,      26.203,       1.268,       5.843,       3.299
 130500         ,      30.529,       1.319,       6.250,       1.387
 131000         ,      30.368,       0.262,       7.779,       3.161
 131500         ,      28.963,       0.281,       7.754,       3.466
 132000         ,      30.760,       0.290,       8.807,       3.091
 132500         ,      28.519,       0.606,       7.530,       3.059
 133000         ,      30.204,       0.501,       8.358,       2.575
 133500         ,      27.143,       0.948,       6.102,       2.929
 134000         ,      31.575,       0.416,       7.148,       2.669
 134500         ,      32.538,       0.765,       8.387,       1.638
 135000         ,      30.467,       0.802,       8.210,       1.620
 135500         ,      29.995,       0.320,       7.539,       2.397
 136000         ,      30.369,       0.382,       7.479,       2.956
 136500         ,      30.009,       0.652,       7.499,       3.054
 137000         ,      30.589,       0.684,       7.302,       1.687
 137500         ,      31.407,       0.512,       8.201,       2.282
 138000         ,      31.896,       0.509,       8.967,       2.353
 138500         ,      32.358,       0.153,       8.319,       3.097
 139000         ,      31.184,       0.455,       7.936,       2.560
 139500         ,      29.876,       0.796,       7.215,       2.244
 140000         ,      29.231,       0.760,       7.016,       3.015
 140500         ,      30.399,       0.652,       8.519,       2.674
 141000         ,      29.794,       0.679,       6.224,       2.009
 141500         ,      30.651,       0.357,       8.027,       2.928
 142000         ,      27.408,       0.801,       7.518,       2.813
 142500         ,      26.838,       1.100,       5.171,       3.143
 143000         ,      27.510,       0.940,       6.496,       2.361
 143500         ,      31.300,       0.274,       8.780,       3.160
 144000         ,      29.692,       0.863,       6.521,       1.855
 144500         ,      29.160,       0.437,       8.105,       2.904
 145000         ,      33.308,       0.483,       7.765,       2.005
 145500         ,      32.493,       0.166,       8.684,       2.677
 146000         ,      32.640,       0.849,       8.004,       2.792
 146500         ,      31.842,       0.425,       8.308,       2.382
 147000         ,      28.957,       0.708,       7.904,       2.500
 147500         ,      31.752,       0.570,       7.670,       2.355
 148000         ,      27.238,       0.692,       6.515,       3.010
 148500         ,      27.179,       2.760,       5.492,       1.665
 149000         ,      32.558,       0.737,       8.038,       1.328
 149500         ,      27.632,       1.161,       6.930,       2.680
 150000         ,      31.730,       0.244,       8.243,       2.537
 150500         ,      29.062,       0.705,       7.560,       3.633
 151000         ,      30.926,       0.206,       8.733,       3.117
 151500         ,      33.179,       0.470,       8.471,       2.741
 152000         ,      29.297,       0.441,       8.002,       2.589
 152500         ,      33.067,       0.190,       8.584,       2.438
 153000         ,      30.536,       0.233,       7.726,       3.234
 153500         ,      31.205,       0.402,       7.945,       3.154
 154000         ,      33.007,       0.499,       8.439,       2.259
 154500         ,      25.534,       0.965,       5.946,       3.896
 155000         ,      30.669,       0.319,       7.630,       2.871
 155500         ,      28.571,       0.420,       7.452,       3.529
 156000         ,      31.518,       0.155,       8.676,       3.061
 156500         ,      31.666,       0.623,       8.847,       2.331
 157000         ,      32.092,       0.342,       7.798,       2.734
 157500         ,      28.835,       0.451,       7.415,       2.973
 158000         ,      30.181,       0.587,       8.032,       2.450
 158500         ,      32.305,       0.423,       8.254,       2.003
 159000         ,      33.071,       0.093,       9.151,       3.235
 159500         ,      27.732,       0.673,       7.112,       3.187
 160000         ,      32.378,       0.148,       9.144,       2.965
 160500         ,      30.982,       0.706,       7.393,       2.236
 161000         ,      28.012,       0.575,       7.101,       2.917
 161500         ,      31.127,       0.257,       8.814,       2.948
 162000         ,      31.303,       0.177,       9.006,       3.123
 162500         ,      27.867,       0.841,       7.734,       2.404
 163000         ,      31.723,       1.236,       6.051,       2.199
 163500         ,      32.540,       0.378,       8.535,       2.236
 164000         ,      30.336,       0.700,       6.917,       2.961
 164500         ,      29.998,       0.745,       6.445,       2.066
 165000         ,      30.249,       0.417,       8.179,       3.194
 165500         ,      28.352,       0.719,       5.879,       2.850
 166000         ,      29.791,       0.684,       7.513,       2.515
 166500         ,      33.152,       0.669,       7.994,       1.759
 167000         ,      29.553,       0.602,       7.797,       2.844
 167500         ,      32.823,       0.262,       8.759,       2.304
 168000         ,      32.625,       0.423,       8.482,       1.844
 168500         ,      31.313,       0.217,       8.266,       2.964
 169000         ,      31.085,       0.675,       7.234,       1.479
 169500         ,      28.162,       0.921,       7.398,       3.295
 170000         ,      32.057,       0.448,       8.193,       1.835
 170500         ,      30.778,       0.378,       7.785,       2.218
 171000         ,      25.368,       1.095,       5.136,       2.914
 171500         ,      31.075,       0.290,       7.884,       2.344
 172000         ,      30.392,       0.579,       8.718,       2.353
 172500         ,      32.119,       0.491,       7.935,       1.914
 173000         ,      31.328,       0.770,       7.760,       1.924
 173500         ,      30.365,       0.397,       7.564,       3.273
 174000         ,      28.759,       1.039,       7.635,       1.713
 174500         ,      28.967,       0.425,       7.630,       2.590
 175000         ,      31.087,       0.299,       8.406,       2.230
 175500         ,      33.182,       0.324,       8.177,       2.213
 176000         ,      28.188,       0.523,       6.893,       2.760
 176500         ,      30.495,       0.682,       8.001,       2.597
 177000         ,      32.579,       0.256,       9.012,       2.268
 177500         ,      29.238,       1.060,       7.389,       2.355
 178000         ,      33.228,       0.203,       8.947,       3.081
 178500         ,      32.681,       0.241,       8.603,       2.560
 179000         ,      31.261,       0.172,       8.319,       3.454
 179500         ,      27.780,       1.040,       7.841,       3.168
 180000         ,      29.276,       0.765,       6.659,       2.871
 180500         ,      27.558,       0.710,       7.002,       3.155
 181000         ,      31.426,       0.226,       7.549,       2.806
 181500         ,      29.843,       1.777,       5.503,       1.391
 182000         ,      29.926,       0.455,       8.085,       2.384
 182500         ,      26.283,       1.243,       5.355,       2.317
 183000         ,      28.863,       0.725,       6.541,       2.136
 183500         ,      30.653,       0.561,       7.714,       2.603
 184000         ,      31.769,       0.484,       8.021,       2.105
 184500         ,      28.552,       0.717,       7.365,       3.156
 185000         ,      31.080,       0.390,       8.369,       2.285
 185500         ,      25.083,       1.099,       5.787,       3.606
 186000         ,      28.451,       0.611,       7.047,       2.230
 186500         ,      28.938,       0.572,       6.454,       2.691
 187000         ,      33.231,       0.529,       8.381,       1.788
 187500         ,      31.095,       0.916,       7.042,       2.658
 188000         ,      31.466,       0.301,       8.945,       3.589
 188500         ,      28.767,       0.394,       7.863,       3.452
 189000         ,      32.048,       0.429,       7.982,       2.297
 189500         ,      29.929,       0.261,       8.066,       3.266
 190000         ,      24.867,       1.588,       6.371,       2.815
 190500         ,      30.834,       0.335,       7.523,       2.921
 191000         ,      27.959,       0.608,       7.502,       3.256
 191500         ,      29.476,       0.594,       7.270,       2.800
 192000         ,      31.236,       0.638,       7.307,       2.439
 192500         ,      29.367,       0.465,       8.164,       2.774
 193000         ,      31.128,       0.188,       7.954,       3.152
 193500         ,      30.398,       0.295,       7.983,       3.174
 194000         ,      30.420,       0.229,       7.880,       2.596
 194500         ,      32.042,       0.471,       8.439,       2.037
 195000         ,      24.474,       1.309,       5.959,       2.868
 195500         ,      29.232,       0.887,       7.193,       2.546
 196000         ,      29.428,       0.862,       6.561,       2.560
 196500         ,      30.207,       0.641,       8.678,       2.723
 197000         ,      28.715,       1.135,       5.788,       1.441
 197500         ,      30.390,       0.480,       8.027,       3.013
 198000         ,      28.441,       1.019,       5.638,       2.303
 198500         ,      31.502,       0.376,       8.365,       2.852
 199000         ,      30.779,       0.333,       8.390,       2.938
 199500         ,      31.934,       0.590,       8.178,       1.610
 200000         ,      30.731,       0.139,       8.601,       3.388
 200500         ,      28.149,       0.477,       7.278,       3.189
 201000         ,      28.050,       0.640,       7.713,       2.802
 201500         ,      30.586,       0.603,       8.325,       2.163
 202000         ,      31.920,       0.341,       8.378,       2.439
 202500         ,      28.522,       0.785,       5.581,       2.358
 203000         ,      31.302,       0.142,       8.855,       2.975
 203500         ,      31.550,       0.503,       7.521,       2.515
 204000         ,      30.874,       0.393,       7.947,       2.531
 204500         ,      24.976,       1.111,       5.185,       3.431
 205000         ,      30.614,       0.234,       8.020,       3.335
 205500         ,      29.009,       0.579,       6.767,       2.170
 206000         ,      29.707,       0.775,       7.344,       3.258
 206500         ,      31.369,       0.811,       6.241,       1.981
 207000         ,      32.967,       0.137,       8.864,       2.621
 207500         ,      28.757,       0.660,       7.194,       1.997
 208000         ,      32.922,       0.290,       8.884,       2.447
 208500         ,      28.989,       0.813,       5.748,       2.790
 209000         ,      33.103,       0.227,       8.568,       2.808
 209500         ,      33.206,       0.306,       8.801,       2.448
 210000         ,      29.451,       0.462,       7.155,       3.083
 210500         ,      24.592,       1.109,       6.733,       4.343
 211000         ,      30.313,       0.661,       7.104,       2.512
 211500         ,      31.006,       0.981,       6.099,       1.513
 212000         ,      30.439,       0.450,       7.349,       2.257
 212500         ,      30.513,       0.623,       7.228,       1.923
 213000         ,      31.372,       0.715,       8.273,       2.485
 213500         ,      26.996,       1.226,       5.258,       2.588
 214000         ,      31.216,       0.741,       8.672,       2.033
 214500         ,      29.826,       0.357,       6.965,       2.532
 215000         ,      30.580,       1.584,       6.309,       0.912
 215500         ,      32.322,       0.582,       7.167,       2.684
 216000         ,      26.379,       1.188,       5.939,       2.799
 216500         ,      29.487,       0.574,       6.939,       2.954
 217000         ,      31.448,       0.564,       8.638,       2.828
 217500         ,      31.217,       0.583,       7.880,       2.970
 218000         ,      29.022,       1.229,       6.733,       2.241
 218500         ,      32.550,       0.681,       7.888,       1.579
 219000         ,      32.417,       0.129,       8.782,       3.072
 219500         ,      28.542,       0.778,       8.035,       2.502
 220000         ,      30.060,       0.372,       7.610,       2.699
 220500         ,      29.688,       0.561,       8.149,       2.941
 221000         ,      31.759,       0.417,       8.311,       1.899
 221500         ,      28.961,       0.373,       8.120,       3.297
 222000         ,      30.258,       0.466,       8.062,       2.055
 222500         ,      30.006,       0.363,       8.372,       2.853
 223000         ,      30.657,       0.371,       7.987,       2.407
 223500         ,      31.907,       0.243,       8.699,       2.812
 224000         ,      30.499,       0.799,       8.049,       2.371
 224500         ,      32.034,       0.448,       7.494,       2.278
 225000         ,      31.477,       0.349,       8.296,       2.698
 225500         ,      30.384,       0.978,       6.863,       1.384
 226000         ,      31.578,       0.487,       7.371,       2.558
 226500         ,      30.943,       0.205,       8.531,       3.538
 227000         ,      30.235,       0.624,       7.603,       2.962
 227500         ,      32.689,       0.164,       8.638,       2.658
 228000         ,      32.493,       0.364,       8.283,       2.641
 228500         ,      30.308,       0.313,       8.553,       3.331
 229000         ,      31.031,       0.321,       7.433,       2.781
 229500         ,      29.132,       0.400,       7.759,       3.177
 230000         ,      31.040,       0.597,       7.988,       1.955
 230500         ,      30.523,       0.393,       8.258,       2.603
 231000         ,      31.001,       0.590,       7.829,       1.988
 231500         ,      32.811,       0.145,       9.386,       3.161
 232000         ,      28.902,       0.460,       7.404,       3.103
 232500         ,      30.725,       0.453,       8.710,       2.537
 233000         ,      31.366,       0.774,       7.756,       3.155
 233500         ,      30.597,       0.230,       8.513,       3.544
 234000         ,      31.212,       0.428,       7.083,       2.601
 234500         ,      27.683,       0.844,       6.658,       2.545
 235000         ,      31.084,       0.809,       8.478,       2.003
 235500         ,      30.242,       0.293,       7.770,       3.014
 236000         ,      25.351,       1.083,       6.636,       3.721
 236500         ,      29.577,       1.179,       6.767,       1.228
 237000         ,      31.246,       0.231,       8.861,       3.097
 237500         ,      30.501,       0.422,       7.905,       3.099
 238000         ,      31.864,       0.155,       8.400,       2.691
 238500         ,      31.538,       0.587,       7.528,       1.906
 239000         ,      31.072,       0.316,       8.220,       3.344
 239500         ,      31.310,       0.131,       8.757,       3.327
 240000         ,      30.276,       0.358,       8.473,       2.714
 240500         ,      29.809,       0.441,       8.302,       2.796
 241000         ,      33.157,       0.295,       8.201,       2.197
 241500         ,      29.629,       0.748,       7.365,       2.079
 242000         ,      30.148,       0.674,       8.246,       1.851
 242500         ,      28.952,       0.476,       7.756,       3.092
 243000         ,      28.382,       0.705,       6.695,       3.428
 243500         ,      31.835,       0.197,       8.306,       2.677
 244000         ,      29.896,       0.554,       8.532,       2.495
 244500         ,      27.573,       1.307,       5.596,       1.906
 245000         ,      31.414,       0.321,       7.590,       2.224
 245500         ,      32.652,       0.152,       8.808,       3.185
 246000         ,      31.089,       0.415,       7.942,       2.069
 246500         ,      27.090,       1.151,       6.464,       2.395
 247000         ,      31.494,       0.309,       8.916,       2.710
 247500         ,      30.725,       0.365,       7.480,       2.642
 248000         ,      31.788,       0.389,       7.347,       2.801
 248500         ,      31.735,       0.198,       7.720,       2.679
 249000         ,      32.861,       0.607,       7.816,       1.747
 249500         ,      29.798,       0.403,       7.931,       2.625
 250000         ,      32.142,       0.577,       8.424,       2.608
 250500         ,      32.788,       0.632,       8.112,       2.104
 251000         ,      29.617,       0.456,       7.640,       2.749
 251500         ,      28.309,       0.827,       5.774,       2.250
 252000         ,      29.263,       0.930,       6.164,       1.850
 252500         ,      29.993,       0.523,       8.279,       2.476
 253000         ,      31.885,       0.603,       7.058,       2.457
 253500         ,      32.428,       0.500,       7.517,       2.598
 254000         ,      31.476,       0.686,       7.713,       1.954
 254500         ,      32.498,       0.385,       7.806,       2.110
 255000         ,      31.626,       0.331,       7.445,       2.401
 255500         ,      32.812,       0.321,       8.766,       2.002
 256000         ,      31.722,       0.188,       8.083,       2.667
 256500         ,      27.199,       0.782,       6.674,       2.699
 257000         ,      28.481,       0.364,       7.843,       3.198
 257500         ,      31.131,       0.242,       8.038,       3.162
 258000         ,      30.754,       0.782,       7.865,       1.415
 258500         ,      32.149,       0.240,       8.433,       3.218
 259000         ,      27.149,       0.869,       6.536,       2.435
 259500         ,      32.478,       0.179,       9.272,       3.035
 260000         ,      33.214,       0.890,       7.914,       1.201
 260500         ,      32.927,       0.161,       8.733,       2.826
 261000         ,      31.212,       0.502,       8.254,       2.628
 261500         ,      29.890,       0.566,       7.051,       2.326
 262000         ,      31.387,       0.349,       8.197,       2.822
 262500         ,      32.356,       0.322,       7.760,       2.725
 263000         ,      32.421,       0.204,       7.879,       2.708
 263500         ,      32.423,       0.227,       8.766,       2.691
 264000         ,      30.621,       0.639,       6.436,       2.818
 264500         ,      32.989,       0.216,       8.351,       2.560
 265000         ,      29.943,       0.342,       8.555,       2.848
 265500         ,      31.532,       0.187,       8.427,       2.806
 266000         ,      28.059,       0.602,       6.938,       3.351
 266500         ,      30.165,       0.327,       7.934,       2.839
 267000         ,      31.221,       0.286,       8.207,       3.259
 267500         ,      27.885,       1.145,       5.675,       2.491
 268000         ,      31.602,       0.303,       8.363,       2.381
 268500         ,      28.718,       0.367,       7.752,       3.263
 269000         ,      30.099,       0.710,       6.705,       1.837
 269500         ,      31.884,       0.224,       8.364,       2.460
 270000         ,      29.477,       0.499,       7.316,       2.273
 270500         ,      29.334,       0.748,       6.437,       1.952
 271000         ,      29.230,       0.411,       8.102,       2.674
 271500         ,      29.295,       1.158,       5.869,       1.352
 272000         ,      31.686,       0.559,       7.176,       2.507
 272500         ,      32.104,       0.681,       8.001,       2.873
 273000         ,      29.902,       0.806,       7.014,       2.638
 273500         ,      32.049,       0.370,       8.458,       2.059
 274000         ,      30.363,       1.056,       6.440,       2.069
 274500         ,      27.095,       0.725,       7.125,       3.394
 275000         ,      28.867,       0.651,       6.420,       3.213
 275500         ,      27.782,       0.647,       7.157,       3.575
 276000         ,      29.426,       0.365,       7.446,       3.117
 276500         ,      31.974,       0.713,       8.057,       1.433
 277000         ,      27.983,       0.610,       6.041,       3.090
 277500         ,      32.169,       0.325,       8.176,       2.717
 278000         ,      31.728,       0.350,       7.539,       2.812
 278500         ,      29.669,       0.287,       7.409,       3.185
 279000         ,      32.346,       0.153,       9.147,       2.808
 279500         ,      32.612,       0.475,       8.476,       2.628
 280000         ,      30.044,       0.480,       8.074,       2.608
 280500         ,      31.171,       0.576,       8.180,       1.890
 281000         ,      32.431,       0.212,       8.763,       2.412
 281500         ,      30.205,       0.819,       7.045,       2.516
 282000         ,      25.820,       1.346,       5.429,       2.937
 282500         ,      28.125,       0.553,       6.515,       3.321
 283000         ,      30.428,       0.852,       6.035,       2.388
 283500         ,      29.436,       0.810,       7.634,       1.795
 284000         ,      31.200,       0.450,       7.651,       3.111
 284500         ,      28.998,       0.355,       7.445,       2.968
 285000         ,      32.298,       0.204,       9.173,       2.757
 285500         ,      29.777,       0.587,       8.274,       2.353
 286000         ,      28.957,       0.440,       7.074,       2.534
 286500         ,      29.809,       0.509,       7.640,       2.610
 287000         ,      31.874,       0.486,       8.272,       2.375
 287500         ,      31.072,       0.263,       8.970,       2.597
 288000         ,      32.779,       0.470,       7.854,       2.577
 288500         ,      29.543,       0.657,       7.591,       3.333
 289000         ,      30.457,       0.678,       6.449,       2.439
 289500         ,      32.317,       0.455,       7.958,       2.387
 290000         ,      28.215,       0.824,       6.161,       2.755
 290500         ,      28.497,       0.821,       7.704,       2.606
 291000         ,      32.237,       0.522,       7.364,       2.393
 291500         ,      30.556,       0.354,       8.273,       2.566
 292000         ,      32.864,       0.688,       7.282,       2.119
 292500         ,      30.927,       0.620,       6.678,       2.247
 293000         ,      31.137,       0.369,       8.510,       2.383
 293500         ,      31.349,       0.632,       8.187,       1.995
 294000         ,      32.478,       0.226,       9.152,       2.936
 294500         ,      30.683,       0.338,       8.383,       2.879
 295000         ,      33.193,       0.591,       8.273,       1.770
 295500         ,      29.541,       0.475,       6.672,       2.624
 296000         ,      31.508,       0.234,       8.140,       2.805
 296500         ,      31.907,       0.465,       7.221,       2.024
 297000         ,      29.489,       0.434,       7.861,       2.539
 297500         ,      28.683,       0.541,       6.742,       3.223
 298000         ,      30.982,       0.440,       7.896,       2.234
 298500         ,      30.386,       0.395,       7.886,       2.907
 299000         ,      31.297,       0.635,       8.689,       2.824
 299500         ,      28.496,       0.470,       7.781,       3.567
 300000         ,      32.493,       0.210,       8.550,       2.647
 300500         ,      32.561,       0.507,       8.548,       2.006
 301000         ,      27.222,       1.031,       6.110,       2.086
 301500         ,      29.956,       0.234,       7.898,       2.988
 302000         ,      29.691,       0.334,       7.196,       3.035
 302500         ,      31.412,       0.336,       9.021,       2.457
 303000         ,      27.284,       0.600,       6.527,       3.085
 303500         ,      32.634,       0.742,       7.206,       1.778
 304000         ,      28.805,       0.653,       8.037,       2.796
 304500         ,      31.383,       0.785,       6.468,       1.906
 305000         ,      25.185,       1.398,       4.449,       3.232
 305500         ,      33.065,       0.281,       8.670,       2.287
 306000         ,      30.279,       0.446,       8.367,       2.635
 306500         ,      28.157,       0.631,       6.451,       2.666
 307000         ,      30.154,       0.618,       7.474,       1.953
 307500         ,      33.015,       0.271,       8.312,       2.646
 308000         ,      29.822,       0.305,       8.276,       2.907
 308500         ,      29.808,       0.881,       7.671,       1.409
 309000         ,      30.540,       0.418,       8.420,       3.343
 309500         ,      32.574,       0.209,       8.644,       2.416
 310000         ,      32.132,       0.319,       7.952,       2.833
 310500         ,      31.893,       0.274,       8.268,       2.475
 311000         ,      30.121,       0.445,       8.226,       3.325
 311500         ,      28.440,       0.422,       7.177,       3.256
 312000         ,      32.053,       0.316,       8.668,       2.196
 312500         ,      28.060,       0.675,       5.954,       2.806
 313000         ,      32.010,       0.552,       7.350,       2.814
 313500         ,      31.992,       0.316,       7.462,       2.722
 314000         ,      30.945,       0.300,       8.888,       2.687
 314500         ,      29.767,       0.482,       7.972,       2.654
 315000         ,      29.080,       0.835,       6.287,       2.214
 315500         ,      31.712,       0.882,       6.502,       2.314
 316000         ,      28.412,       0.701,       7.955,       2.614
 316500         ,      30.033,       0.759,       8.154,       2.579
 317000         ,      31.407,       0.453,       7.244,       2.319
 317500         ,      31.589,       0.594,       6.722,       2.687
 318000         ,      30.763,       0.311,       7.589,       2.405
 318500         ,      27.536,       0.801,       5.850,       3.243
 319000         ,      30.311,       0.555,       8.069,       2.380
 319500         ,      26.677,       1.041,       5.123,       3.025
 320000         ,      30.974,       0.319,       8.263,       3.118
 320500         ,      28.872,       0.433,       8.086,       2.872
 321000         ,      31.646,       0.937,       7.781,       1.245
 321500         ,      29.585,       0.465,       8.190,       2.652
 322000         ,      28.715,       0.681,       6.062,       2.774
 322500         ,      32.644,       0.286,       8.420,       2.505
 323000         ,      30.056,       0.330,       8.021,       3.093
 323500         ,      28.573,       0.509,       8.072,       3.242
 324000         ,      24.723,       1.731,       5.200,       3.160
 324500         ,      33.296,       0.228,       8.658,       2.469
 325000         ,      32.788,       0.046,       9.525,       3.286
 325500         ,      29.644,       0.764,       7.416,       2.668
 326000         ,      28.987,       0.683,       6.579,       2.840
 326500         ,      28.438,       0.710,       7.059,       2.585
 327000         ,      31.617,       0.332,       7.781,       2.151
 327500         ,      30.514,       0.814,       6.665,       2.243
 328000         ,      30.973,       0.751,       8.478,       2.190
 328500         ,      29.310,       1.348,       7.460,       1.346
 329000         ,      28.402,       0.967,       7.143,       1.968
 329500         ,      25.331,       2.167,       4.831,       1.542
 330000         ,      30.198,       0.450,       7.937,       2.602
 330500         ,      30.621,       0.322,       7.529,       3.146
 331000         ,      27.656,       0.802,       7.845,       2.970
 331500         ,      31.636,       0.444,       7.443,       2.708
 332000         ,      32.388,       0.072,       9.042,       3.329
 332500         ,      30.307,       0.357,       8.303,       2.658
 333000         ,      29.068,       0.483,       7.880,       3.558
 333500         ,      30.806,       0.440,       7.483,       2.087
 334000         ,      31.387,       0.718,       6.867,       1.806
 334500         ,      30.378,       0.706,       7.001,       1.825
 335000         ,      32.157,       0.793,       8.689,       2.149
 335500         ,      28.952,       0.648,       7.821,       2.278
 336000         ,      32.593,       0.244,       8.076,       2.644
 336500         ,      30.534,       0.196,       8.704,       3.202
 337000         ,      29.767,       1.093,       6.614,       2.647
 337500         ,      32.480,       0.337,       8.731,       2.325
 338000         ,      32.440,       0.451,       8.373,       1.908
 338500         ,      31.449,       0.170,       8.137,       2.704
 339000         ,      27.109,       1.085,       6.090,       2.687
 339500         ,      26.591,       1.370,       4.957,       2.411
 340000         ,      32.227,       0.204,       9.249,       2.995
 340500         ,      32.629,       0.177,       8.318,       2.857
 341000         ,      29.382,       0.624,       6.187,       2.408
 341500         ,      29.423,       0.347,       7.512,       2.805
 342000         ,      30.985,       0.235,       8.166,       2.691
 342500         ,      30.709,       0.761,       7.692,       2.152
 343000         ,      29.529,       0.441,       6.451,       2.838
 343500         ,      31.359,       0.259,       8.717,       3.065
 344000         ,      27.244,       0.575,       7.544,       3.250
 344500         ,      31.972,       0.621,       8.940,       2.155
 345000         ,      28.226,       0.775,       7.253,       2.323
 345500         ,      29.880,       0.818,       8.308,       2.649
 346000         ,      28.218,       0.677,       6.907,       2.513
 346500         ,      30.590,       0.518,       8.550,       2.694
 347000         ,      27.935,       0.661,       7.915,       3.075
 347500         ,      24.559,       1.262,       5.570,       3.389
 348000         ,      31.927,       0.647,       7.894,       1.593
 348500         ,      31.040,       0.187,       8.727,       2.877
 349000         ,      31.480,       0.837,       7.910,       1.343
 349500         ,      29.119,       0.448,       7.592,       3.201
 350000         ,      31.509,       0.197,       8.697,       3.308
 350500         ,      33.295,       0.418,       7.547,       2.591
 351000         ,      30.617,       0.404,       8.811,       2.400
 351500         ,      30.036,       0.371,       8.207,       2.754
 352000         ,      30.772,       0.505,       8.296,       2.552
 352500         ,      30.031,       0.374,       8.535,       2.744
 353000         ,      27.558,       0.501,       7.193,       3.761
 353500         ,      30.740,       0.528,       7.980,       2.635
 354000         ,      31.150,       0.274,       8.356,       3.033
 354500         ,      32.863,       0.168,       8.651,       2.801
 355000         ,      30.701,       0.374,       8.657,       2.753
 355500         ,      29.219,       0.388,       7.790,       2.587
 356000         ,      29.279,       0.634,       7.459,       2.761
 356500         ,      32.236,       0.147,       8.721,       2.659
 357000         ,      26.850,       0.646,       6.941,       3.412
 357500         ,      32.185,       0.770,       8.483,       2.025
 358000         ,      30.458,       0.477,       8.670,       3.630
 358500         ,      29.745,       0.571,       8.241,       3.162
 359000         ,      28.868,       0.929,       5.683,       2.902
 359500         ,      31.393,       0.604,       7.800,       1.915
 360000         ,      30.229,       0.281,       8.021,       3.410
 360500         ,      28.925,       1.084,       7.621,       2.217
 361000         ,      32.065,       0.437,       8.333,       2.456
 361500         ,      25.647,       1.032,       6.862,       4.233
 362000         ,      30.841,       0.328,       7.809,       2.512
 362500         ,      28.056,       0.804,       6.670,       2.587
 363000         ,      31.277,       0.506,       8.445,       3.218
 363500         ,      30.927,       0.230,       7.869,       2.416
 364000         ,      30.893,       0.548,       6.695,       2.626
 364500         ,      30.412,       0.437,       8.074,       3.114
 365000         ,      24.817,       1.468,       6.589,       3.370
 365500         ,      26.747,       0.880,       6.962,       2.747
 366000         ,      32.018,       0.579,       8.070,       2.211
 366500         ,      31.372,       0.293,       7.922,       2.447
 367000         ,      31.117,       0.325,       8.316,       2.468
 367500         ,      32.699,       0.262,       8.148,       2.200
 368000         ,      31.234,       1.297,       6.484,       1.237
 368500         ,      32.711,       0.167,       8.884,       3.252
 369000         ,      32.194,       0.297,       8.627,       2.909
 369500         ,      31.694,       0.677,       7.545,       2.062
 370000         ,      27.903,       0.910,       6.330,       2.226
 370500         ,      28.604,       0.698,       7.176,       2.374
 371000         ,      30.187,       0.233,       7.780,       2.884
 371500         ,      33.267,       0.676,       7.711,       1.739
 372000         ,      29.079,       0.405,       8.069,       3.752
 372500         ,      29.476,       1.003,       8.726,       2.992
 373000         ,      32.662,       0.455,       8.452,       1.610
 373500         ,      31.600,       0.775,       7.022,       2.509
 374000         ,      31.229,       0.393,       8.280,       2.715
 374500         ,      28.455,       0.817,       7.156,       2.498
 375000         ,      25.060,       1.094,       5.823,       3.605
 375500         ,      30.644,       0.721,       8.104,       2.456
 376000         ,      32.009,       0.243,       8.665,       2.371
 376500         ,      29.678,       0.340,       8.075,       2.701
 377000         ,      29.397,       0.593,       7.500,       2.085
 377500         ,      30.215,       0.444,       7.565,       2.271
 378000         ,      30.978,       0.742,       7.788,       1.780
 378500         ,      30.750,       0.717,       7.181,       2.176
 379000         ,      29.208,       0.781,       8.216,       3.158
 379500         ,      31.582,       0.351,       8.527,       2.916
 380000         ,      30.846,       0.796,       7.244,       2.652
 380500         ,      30.942,       0.398,       7.836,       2.699
 381000         ,      32.308,       0.180,       8.205,       2.908
 381500         ,      27.909,       1.204,       7.870,       2.490
 382000         ,      30.983,       0.473,       8.556,       2.245
 382500         ,      31.666,       0.292,       8.205,       3.060
 383000         ,      27.696,       0.594,       7.509,       3.051
 383500         ,      31.729,       0.323,       7.765,       2.694
 384000         ,      30.951,       0.241,       7.823,       2.738
 384500         ,      32.317,       0.212,       9.020,       2.750
 385000         ,      32.127,       0.380,       8.222,       2.753
 385500         ,      31.404,       0.466,       7.866,       2.085
 386000         ,      29.973,       0.596,       7.933,       2.341
 386500         ,      27.669,       0.478,       7.549,       3.900
 387000         ,      32.256,       0.470,       7.963,       2.303
 387500         ,      31.073,       0.344,       7.674,       3.032
 388000         ,      30.048,       0.986,       8.219,       1.693
 388500         ,      33.037,       0.633,       7.503,       1.551
 389000         ,      30.865,       0.696,       7.577,       2.992
 389500         ,      31.742,       0.576,       7.509,       1.799
 390000         ,      32.728,       0.140,       8.823,       3.099
 390500         ,      31.883,       0.640,       8.286,       2.956
 391000         ,      29.368,       0.730,       7.910,       2.395
 391500         ,      30.477,       0.496,       7.974,       2.955
 392000         ,      31.679,       0.230,       8.626,       2.903
 392500         ,      31.386,       0.273,       8.673,       2.581
 393000         ,      30.785,       0.690,       7.104,       2.327
 393500         ,      28.535,       0.684,       7.753,       2.420
 394000         ,      30.562,       0.293,       8.201,       3.054
 394500         ,      27.640,       1.371,       8.050,       2.548
 395000         ,      30.558,       0.383,       7.268,       3.136
 395500         ,      31.130,       0.665,       7.724,       2.054
 396000         ,      30.565,       0.510,       7.320,       2.450
 396500         ,      28.759,       0.456,       7.999,       2.749
 397000         ,      31.694,       0.124,       8.584,       2.877
 397500         ,      31.271,       0.318,       8.727,       2.685
 398000         ,      31.118,       0.486,       8.509,       2.872
 398500         ,      30.165,       0.541,       7.900,       2.638
 399000         ,      28.437,       0.634,       6.402,       3.030
 399500         ,      30.755,       0.862,       6.599,       2.392
 400000         ,      30.686,       0.492,       7.415,       2.400
 400500         ,      31.736,       1.026,       6.936,       2.404
 401000         ,      30.032,       0.445,       7.960,       2.955
 401500         ,      31.393,       0.262,       8.539,       2.847
 402000         ,      31.657,       0.485,       7.075,       1.873
 402500         ,      28.346,       0.857,       6.774,       2.240
 403000         ,      30.911,       1.142,       7.410,       2.321
 403500         ,      27.899,       1.293,       6.399,       1.947
 404000         ,      31.588,       0.332,       8.010,       2.602
 404500         ,      33.261,       0.154,       9.109,       2.511
 405000         ,      30.677,       0.620,       7.266,       1.672
 405500         ,      29.986,       1.052,       5.942,       1.666
 406000         ,      32.120,       0.124,       8.499,       3.135
 406500         ,      29.362,       0.611,       7.724,       2.647
 407000         ,      27.599,       0.874,       6.329,       2.122
 407500         ,      28.417,       0.691,       6.403,       2.649
 408000         ,      32.010,       0.260,       8.453,       2.895
 408500         ,      30.071,       0.632,       7.798,       3.275
 409000         ,      30.784,       0.706,       7.164,       1.460
 409500         ,      32.636,       0.260,       9.136,       2.842
 410000         ,      27.908,       1.062,       5.802,       2.865
 410500         ,      26.979,       1.002,       7.435,       3.750
 411000         ,      30.491,       0.663,       7.695,       2.041
 411500         ,      31.920,       0.645,       6.747,       2.546
 412000         ,      28.706,       0.372,       7.718,       3.662
 412500         ,      30.922,       0.703,       7.160,       2.131
 413000         ,      31.713,       0.441,       8.183,       2.410
 413500         ,      29.731,       0.542,       7.209,       2.128
 414000         ,      31.630,       0.191,       8.978,       3.074
 414500         ,      28.995,       0.372,       7.215,       3.354
 415000         ,      31.107,       0.178,       8.729,       3.151
 415500         ,      27.205,       0.553,       7.006,       3.498
 416000         ,      28.909,       1.023,       6.898,       2.702
 416500         ,      30.231,       1.036,       5.652,       2.730
 417000         ,      27.423,       0.862,       5.885,       2.564
 417500         ,      30.166,       0.458,       7.376,       3.249
 418000         ,      29.744,       0.503,       7.544,       2.341
 418500         ,      29.091,       0.358,       7.849,       3.257
 419000         ,      30.024,       0.457,       8.089,       2.739
 419500         ,      29.198,       0.463,       7.929,       2.626
 420000         ,      28.561,       0.828,       6.790,       2.218
 420500         ,      32.847,       0.069,       8.988,       2.961
 421000         ,      29.585,       0.853,       8.383,       2.805
 421500         ,      32.874,       0.384,       7.956,       2.338
 422000         ,      26.305,       0.893,       6.925,       3.623
 422500         ,      29.201,       0.490,       7.930,       2.365
 423000         ,      30.185,       0.866,       7.968,       1.827
 423500         ,      28.905,       0.362,       7.501,       2.845
 424000         ,      29.661,       0.401,       7.169,       2.515
 424500         ,      31.696,       0.425,       8.635,       2.514
 425000         ,      32.210,       0.247,       9.055,       2.776
 425500         ,      27.579,       0.787,       6.286,       3.144
 426000         ,      30.924,       0.626,       7.913,       3.091
 426500         ,      29.576,       0.781,       7.676,       1.809
 427000         ,      30.720,       0.341,       8.153,       3.098
 427500         ,      29.576,       0.592,       7.049,       2.199
 428000         ,      31.212,       0.564,       8.069,       1.902
 428500         ,      30.654,       0.342,       7.472,       3.076
 429000         ,      28.068,       0.883,       5.971,       2.562
 429500         ,      31.062,       0.698,       6.640,       1.873
 430000         ,      29.686,       0.426,       7.298,       2.941
 430500         ,      29.286,       0.312,       8.130,       3.126
 431000         ,      28.218,       1.243,       7.163,       2.760
 431500         ,      30.762,       0.697,       7.539,       1.634
 432000         ,      31.211,       0.532,       7.113,       2.268
 432500         ,      30.593,       0.636,       7.686,       2.552
 433000         ,      26.818,       0.670,       7.326,       3.469
 433500         ,      29.163,       1.386,       6.974,       1.907
 434000         ,      30.940,       0.375,       6.994,       2.861
 434500         ,      29.596,       0.297,       8.274,       2.962
 435000         ,      31.024,       0.210,       8.392,       3.047
 435500         ,      30.929,       0.462,       8.254,       2.101
 436000         ,      30.716,       0.381,       8.448,       2.854
 436500         ,      30.687,       0.391,       7.541,       2.611
 437000         ,      28.971,       0.353,       7.338,       3.229
 437500         ,      30.920,       0.383,       8.268,       2.235
 438000         ,      24.738,       1.179,       6.698,       3.962
 438500         ,      30.882,       0.295,       8.442,       3.347
 439000         ,      31.263,       1.245,       7.193,       1.284
 439500         ,      26.488,       1.002,       5.377,       3.083
 440000         ,      32.557,       0.121,       8.504,       2.703
 440500         ,      31.494,       0.490,       8.168,       2.155
 441000         ,      29.536,       0.322,       7.412,       2.972
 441500         ,      26.708,       1.201,       7.257,       3.286
 442000         ,      29.712,       0.436,       7.670,       3.516
 442500         ,      33.089,       0.237,       8.674,       2.552
 443000         ,      30.780,       0.276,       8.144,       2.717
 443500         ,      32.795,       0.091,       8.904,       3.070
 444000         ,      30.028,       0.687,       6.315,       1.946
 444500         ,      28.564,       0.595,       7.125,       3.303
 445000         ,      32.898,       1.016,       7.774,       1.242
 445500         ,      28.745,       0.487,       7.152,       2.582
 446000         ,      28.255,       0.851,       7.042,       2.307
 446500         ,      28.476,       0.759,       6.013,       2.717
 447000         ,      33.212,       0.238,       8.515,       2.758
 447500         ,      28.743,       0.632,       6.140,       2.831
 448000         ,      31.712,       0.436,       8.414,       2.768
 448500         ,      31.742,       0.276,       8.446,       2.520
 449000         ,      31.745,       0.330,       7.880,       2.878
 449500         ,      30.661,       0.552,       6.707,       2.251
 450000         ,      31.077,       0.620,       7.239,       2.657
 450500         ,      26.947,       0.739,       6.588,       2.795
 451000         ,      30.452,       0.487,       7.895,       2.197
 451500         ,      28.148,       2.449,       4.700,       1.237
 452000         ,      30.579,       0.263,       8.250,       2.654
 452500         ,      30.037,       0.818,       8.351,       2.393
 453000         ,      27.760,       0.889,       7.807,       2.723
 453500         ,      28.447,       0.455,       7.347,       3.222
 454000         ,      29.516,       1.104,       6.395,       1.303
 454500         ,      31.531,       0.613,       7.337,       2.124
 455000         ,      31.797,       0.621,       6.671,       2.308
 455500         ,      28.984,       0.768,       6.194,       3.063
 456000         ,      31.624,       0.576,       8.348,       2.702
 456500         ,      31.282,       0.586,       7.154,       2.525
 457000         ,      30.811,       0.628,       7.432,       2.410
 457500         ,      31.957,       0.231,       8.339,       2.540
 458000         ,      31.507,       0.228,       8.557,       2.605
 458500         ,      29.758,       0.711,       7.257,       2.196
 459000         ,      32.681,       0.550,       7.691,       1.551
 459500         ,      29.564,       0.597,       7.250,       2.555
 460000         ,      30.487,       0.584,       7.415,       2.680
 460500         ,      31.408,       0.377,       8.341,       2.501
 461000         ,      27.938,       0.789,       7.536,       3.103
 461500         ,      29.930,       0.547,       7.918,       2.463
 462000         ,      28.277,       0.683,       7.821,       3.062
 462500         ,      29.188,       0.449,       7.424,       2.572
 463000         ,      31.394,       0.290,       7.981,       2.973
 463500         ,      29.038,       0.962,       6.225,       3.245
 464000         ,      30.605,       1.166,       7.009,       1.895
 464500         ,      31.120,       0.395,       8.969,       2.444
 465000         ,      32.294,       0.759,       8.324,       1.346
 465500         ,      31.452,       0.725,       6.976,       2.210
 466000         ,      30.032,       0.997,       6.576,       1.493
 466500         ,      30.821,       0.191,       8.603,       3.158
 467000         ,      27.841,       1.113,       6.780,       2.088
 467500         ,      30.536,       0.189,       8.223,       2.954
 468000         ,      29.138,       0.562,       7.992,       2.592
 468500         ,      29.413,       0.895,       6.304,       1.917
 469000         ,      30.640,       0.412,       8.279,       3.068
 469500         ,      30.133,       0.351,       8.045,       3.298
 470000         ,      32.175,       0.503,       8.322,       1.717
 470500         ,      28.710,       1.098,       7.483,       1.789
 471000         ,      30.016,       0.456,       8.565,       3.541
 471500         ,      31.298,       0.350,       8.502,       2.747
 472000         ,      28.975,       0.510,       6.671,       3.105
 472500         ,      30.830,       0.574,       7.752,       1.725
 473000         ,      31.930,       0.208,       9.024,       2.697
 473500         ,      31.905,       0.843,       6.846,       1.484
 474000         ,      32.796,       0.125,       9.195,       3.009
 474500         ,      32.484,       0.425,       7.990,       2.037
 475000         ,      30.471,       0.411,       7.654,       2.628
 475500         ,      30.881,       0.885,       6.225,       1.816
 476000         ,      30.221,       0.587,       6.757,       2.869
 476500         ,      30.093,       0.283,       7.515,       3.054
 477000         ,      31.945,       0.315,       8.607,       2.362
 477500         ,      28.037,       0.572,       7.493,       2.750
 478000         ,      29.887,       0.433,       8.599,       2.500
 478500         ,      29.960,       0.239,       7.487,       3.013
 479000         ,      28.579,       0.346,       7.592,       3.464
 479500         ,      29.952,       0.430,       7.468,       2.750
 480000         ,      32.730,       0.428,       8.782,       1.933
 480500         ,      26.516,       0.964,       6.260,       3.166
 481000         ,      29.077,       0.585,       7.188,       3.163
 481500         ,      31.804,       0.548,       8.224,       3.079
 482000         ,      32.717,       0.640,       8.179,       1.545
 482500         ,      28.913,       0.505,       7.799,       3.305
 483000         ,      31.370,       0.260,       8.228,       3.073
 483500         ,      30.592,       0.576,       6.933,       2.181
 484000         ,      30.996,       1.190,       8.118,       1.219
 484500         ,      31.843,       0.337,       8.092,       2.442
 485000         ,      32.517,       0.986,       6.430,       1.462
 485500         ,      32.033,       0.304,       7.630,       2.721
 486000         ,      30.052,       0.501,       8.189,       3.182
 486500         ,      29.752,       0.523,       7.648,       2.292
 487000         ,      31.176,       0.333,       8.337,       2.375
 487500         ,      31.628,       0.763,       6.466,       1.782
 488000         ,      26.633,       1.076,       7.323,       3.069
 488500         ,      31.172,       0.103,       8.658,       3.239
 489000         ,      32.044,       0.139,       9.251,       2.957
 489500         ,      32.814,       0.184,       8.872,       3.106
 490000         ,      32.652,       0.359,       8.189,       2.463
 490500         ,      29.758,       0.315,       7.902,       3.172
 491000         ,      29.010,       0.320,       7.621,       3.514
 491500         ,      30.284,       0.546,       7.164,       1.862
 492000         ,      29.651,       0.812,       6.536,       2.161
 492500         ,      32.107,       0.339,       8.725,       2.094
 493000         ,      28.438,       1.100,       7.951,       2.921
 493500         ,      26.559,       1.176,       5.561,       3.207
 494000         ,      29.066,       0.536,       7.964,       2.796
 494500         ,      32.467,       0.252,       7.793,       2.861
 495000         ,      31.050,       0.229,       8.662,       2.835
 495500         ,      31.189,       0.531,       7.376,       2.025
 496000         ,      31.834,       0.120,       8.802,       2.893
 496500         ,      30.103,       1.414,       6.074,       2.382
 497000         ,      28.815,       0.503,       6.410,       2.865
 497500         ,      29.891,       0.735,       7.041,       3.244
 498000         ,      31.001,       0.837,       6.342,       1.755
 498500         ,      29.029,       0.468,       6.812,       2.980
 499000         ,      31.542,       0.178,       8.919,       3.257
 499500         ,      31.460,       0.464,       9.030,       2.347
 500000         ,      26.656,       1.345,       4.947,       2.509
