--------------------------------------------------------------------------------
S H A P E   v2.1         Continuous Shape Measures calculation
(c) 2013  Electronic Structure Group, Universitat de Barcelona
                   Contact:  llunell@ub.edu                   
--------------------------------------------------------------------------------

coordination ZF2 

SP-4            1 D4h   Square                                             
T-4             2 Td    Tetrahedron                                        
SS-4            3 C2v   Seesaw                                             
vTBPY-4         4 C3v   Vacant trigonal bipyramid                          

Structure [ML4 ]         SP-4          T-4         SS-4      vTBPY-4
 0              ,      31.574,       0.124,       8.948,       3.213
 500            ,      30.570,       0.653,       7.668,       2.588
 1000           ,      30.970,       0.669,       7.413,       2.953
 1500           ,      28.792,       0.587,       7.159,       2.743
 2000           ,      24.675,       1.311,       6.007,       3.765
 2500           ,      31.987,       0.468,       8.120,       3.257
 3000           ,      32.425,       0.157,       8.728,       2.755
 3500           ,      29.257,       0.351,       7.258,       2.787
 4000           ,      32.916,       0.199,       8.657,       3.060
 4500           ,      30.209,       0.747,       8.742,       2.780
 5000           ,      27.200,       0.605,       6.303,       3.511
 5500           ,      31.407,       0.402,       8.435,       2.995
 6000           ,      29.903,       0.288,       8.023,       2.866
 6500           ,      17.718,       7.122,       0.511,       6.573
 7000           ,      22.619,       2.843,       3.815,       2.587
 7500           ,      26.643,       2.178,       4.295,       1.338
 8000           ,      26.357,       1.900,       4.949,       1.597
 8500           ,      21.016,       5.487,       0.980,       4.931
 9000           ,      20.658,       4.974,       2.102,       3.171
 9500           ,      31.248,       1.385,       7.225,       1.146
 10000          ,      29.654,       1.701,       5.663,       1.093
 10500          ,      26.256,       3.037,       3.036,       1.811
 11000          ,      32.661,       2.023,       6.645,       0.460
 11500          ,      32.719,       2.447,       6.999,       0.564
 12000          ,      30.002,       2.997,       5.735,       1.057
 12500          ,      32.896,       1.520,       6.547,       0.843
 13000          ,      25.996,       2.793,       4.774,       1.583
 13500          ,      31.744,       0.925,       7.013,       1.308
 14000          ,      32.055,       2.718,       6.466,       1.040
 14500          ,      30.240,       0.254,       8.159,       2.822
 15000          ,      33.398,       1.634,       7.225,       0.923
 15500          ,      19.413,       5.827,       1.598,       4.098
 16000          ,      32.614,       2.426,       7.330,       0.486
 16500          ,      29.294,       2.871,       4.829,       0.742
 17000          ,      33.272,       2.341,       6.679,       0.653
 17500          ,      27.859,       2.147,       5.945,       0.908
 18000          ,      31.857,       1.712,       7.949,       0.853
 18500          ,      25.867,       2.931,       3.648,       1.712
 19000          ,      33.326,       2.588,       5.929,       0.772
 19500          ,      15.025,       8.784,       0.754,       8.035
 20000          ,      17.551,      10.185,       0.296,       8.107
 20500          ,      16.176,       8.997,       0.574,       7.959
 21000          ,      21.049,       7.445,       0.375,       6.272
 21500          ,      18.281,       8.318,       0.415,       7.254
 22000          ,      22.014,       7.310,       0.683,       6.026
 22500          ,      18.203,       7.921,       0.298,       6.953
 23000          ,      30.916,       2.095,       5.451,       1.037
 23500          ,      32.149,       2.260,       7.745,       0.684
 24000          ,      26.913,       2.776,       4.161,       1.589
 24500          ,      28.703,       1.642,       5.477,       1.096
 25000          ,      30.869,       1.183,       7.586,       1.028
 25500          ,      31.511,       0.400,       8.487,       2.885
 26000          ,      30.368,       2.573,       6.074,       0.833
 26500          ,      31.060,       2.313,       5.141,       1.167
 27000          ,      29.369,       0.798,       6.977,       1.785
 27500          ,      33.752,       1.470,       6.925,       0.845
 28000          ,      29.365,       2.450,       4.854,       1.252
 28500          ,      32.125,       2.237,       6.370,       0.994
 29000          ,      32.539,       2.623,       7.011,       0.261
 29500          ,      31.859,       1.238,       7.504,       0.972
 30000          ,      26.483,       3.328,       3.642,       1.711
 30500          ,      31.242,       1.512,       6.889,       1.141
 31000          ,      32.185,       1.104,       8.019,       1.105
 31500          ,      29.404,       2.558,       5.821,       1.232
 32000          ,      19.982,       4.642,       1.644,       5.079
 32500          ,      31.057,       1.777,       6.717,       1.142
 33000          ,      33.449,       2.524,       6.881,       0.321
 33500          ,      27.919,       1.744,       5.833,       1.449
 34000          ,      29.831,       2.539,       5.305,       1.604
 34500          ,      26.902,       2.307,       4.740,       1.060
 35000          ,      28.548,       2.554,       4.737,       1.344
 35500          ,      32.231,       0.316,       8.312,       2.830
 36000          ,      27.536,       1.965,       5.014,       1.320
 36500          ,      29.437,       1.395,       7.558,       2.339
 37000          ,      20.680,       5.434,       1.077,       4.768
 37500          ,      26.849,       2.471,       4.472,       1.281
 38000          ,      31.953,       1.829,       7.615,       0.555
 38500          ,      18.634,       6.369,       0.906,       5.360
 39000          ,      31.307,       1.638,       7.265,       0.930
 39500          ,      33.255,       1.297,       7.631,       0.697
 40000          ,      26.116,       2.442,       4.079,       1.498
 40500          ,      22.413,       4.687,       1.106,       4.109
 41000          ,      31.298,       2.887,       6.122,       0.932
 41500          ,      27.955,       3.251,       4.450,       1.556
 42000          ,      33.184,       1.025,       6.955,       1.231
 42500          ,      31.212,       1.784,       7.794,       0.803
 43000          ,      32.659,       2.313,       5.844,       0.802
 43500          ,      28.412,       3.312,       4.325,       1.052
 44000          ,      30.412,       2.116,       5.517,       0.894
 44500          ,      31.842,       2.306,       6.185,       0.397
 45000          ,      33.663,       2.086,       7.870,       0.341
 45500          ,      32.599,       3.049,       7.408,       0.262
 46000          ,      33.381,       2.047,       7.452,       0.549
 46500          ,      33.932,       1.960,       7.826,       0.463
 47000          ,      29.474,       1.959,       6.136,       0.889
 47500          ,      32.247,       2.301,       6.831,       0.415
 48000          ,      33.070,       2.001,       7.005,       0.423
 48500          ,      31.557,       2.738,       6.374,       0.668
 49000          ,      33.410,       1.353,       6.900,       1.310
 49500          ,      27.757,       3.230,       5.061,       1.212
 50000          ,      31.361,       1.893,       6.439,       0.703
 50500          ,      32.875,       1.760,       7.983,       0.581
 51000          ,      33.059,       2.226,       7.319,       0.533
 51500          ,      31.373,       0.191,       8.425,       2.741
 52000          ,      30.497,       2.081,       5.388,       0.897
 52500          ,      32.132,       2.447,       7.749,       0.479
 53000          ,      31.170,       1.620,       7.083,       0.958
 53500          ,      19.212,       7.064,       0.652,       6.591
 54000          ,      15.898,       8.239,       0.547,       7.958
 54500          ,      31.844,       1.731,       6.385,       0.828
 55000          ,      27.498,       2.223,       4.218,       1.423
 55500          ,      27.660,       2.639,       6.220,       1.085
 56000          ,      31.775,       2.509,       5.340,       0.849
 56500          ,      31.263,       2.062,       6.585,       0.709
 57000          ,      33.211,       2.382,       6.803,       0.602
 57500          ,      31.030,       0.157,       8.187,       3.057
 58000          ,      31.362,       1.705,       7.215,       1.026
 58500          ,      32.921,       2.027,       7.512,       0.358
 59000          ,      28.700,       1.092,       5.749,       1.842
 59500          ,      31.652,       1.773,       6.141,       0.812
 60000          ,      28.579,       3.804,       4.612,       1.440
 60500          ,      29.521,       2.377,       5.144,       0.985
 61000          ,      29.544,       2.112,       5.605,       0.934
 61500          ,      25.124,       3.126,       3.605,       2.081
 62000          ,      32.294,       0.274,       8.173,       2.674
 62500          ,      25.491,       1.364,       5.469,       2.318
 63000          ,      32.714,       1.472,       7.493,       0.962
 63500          ,      28.274,       1.915,       5.661,       1.141
 64000          ,      27.387,       2.855,       4.364,       1.133
 64500          ,      23.970,       3.659,       2.824,       1.993
 65000          ,      33.204,       2.329,       6.393,       0.552
 65500          ,      31.556,       0.844,       7.236,       2.011
 66000          ,      27.991,       1.804,       5.767,       1.185
 66500          ,      31.554,       1.711,       6.493,       0.851
 67000          ,      29.141,       2.129,       5.645,       0.711
 67500          ,      33.182,       1.944,       7.122,       0.454
 68000          ,      30.041,       2.836,       4.778,       0.876
 68500          ,      34.077,       2.030,       7.545,       0.364
 69000          ,      27.641,       2.693,       3.571,       1.753
 69500          ,      32.094,       1.638,       7.897,       0.755
 70000          ,      20.602,       6.657,       0.722,       5.595
 70500          ,      31.184,       2.586,       7.151,       0.461
 71000          ,      33.572,       2.040,       7.672,       0.502
 71500          ,      30.273,       1.478,       7.172,       1.022
 72000          ,      19.033,       6.871,       0.626,       6.236
 72500          ,      26.446,       2.641,       4.427,       1.577
 73000          ,      31.852,       1.915,       5.801,       1.100
 73500          ,      31.188,       2.256,       6.056,       0.518
 74000          ,      32.083,       1.445,       6.468,       1.066
 74500          ,      29.786,       1.837,       5.208,       1.329
 75000          ,      32.130,       1.548,       6.597,       1.142
 75500          ,      27.316,       2.671,       3.994,       1.456
 76000          ,      32.056,       2.386,       5.536,       0.669
 76500          ,      29.424,       3.178,       5.348,       1.410
 77000          ,      29.379,       2.222,       5.626,       0.701
 77500          ,      32.335,       2.411,       6.849,       0.552
 78000          ,      30.731,       1.385,       7.364,       1.170
 78500          ,      32.131,       2.436,       7.717,       0.435
 79000          ,      32.981,       1.743,       7.391,       0.581
 79500          ,      27.980,       2.484,       4.599,       1.703
 80000          ,      28.306,       2.451,       4.388,       2.041
 80500          ,      33.734,       1.352,       7.579,       1.048
 81000          ,      25.292,       3.631,       2.507,       2.578
 81500          ,      17.775,       7.275,       0.625,       6.419
 82000          ,      32.119,       1.683,       7.271,       0.570
 82500          ,      29.358,       2.484,       5.190,       0.876
 83000          ,      28.297,       2.953,       4.862,       1.248
 83500          ,      32.176,       2.070,       6.753,       0.688
 84000          ,      31.367,       1.850,       6.038,       0.906
 84500          ,      30.015,       2.676,       5.602,       1.391
 85000          ,      27.999,       2.903,       4.541,       1.393
 85500          ,      30.426,       2.040,       6.171,       0.712
 86000          ,      33.060,       1.942,       7.425,       0.459
 86500          ,      29.381,       2.722,       5.301,       0.894
 87000          ,      31.028,       0.376,       7.954,       3.030
 87500          ,      29.019,       1.248,       7.111,       2.471
 88000          ,      32.965,       0.236,       8.683,       3.020
 88500          ,      33.423,       2.096,       7.481,       0.685
 89000          ,      29.491,       2.289,       5.688,       0.696
 89500          ,      27.767,       3.103,       4.429,       1.563
 90000          ,      32.607,       2.551,       7.036,       0.462
 90500          ,      28.598,       2.896,       3.592,       1.787
 91000          ,      32.913,       2.131,       7.243,       0.436
 91500          ,      32.896,       1.874,       7.062,       0.576
 92000          ,      31.766,       1.749,       6.761,       0.999
 92500          ,      31.505,       1.923,       6.592,       0.529
 93000          ,      25.247,       2.864,       3.150,       1.902
 93500          ,      30.366,       1.373,       6.300,       0.940
 94000          ,      32.784,       1.398,       7.493,       0.630
 94500          ,      30.137,       2.042,       5.291,       0.905
 95000          ,      30.725,       2.698,       5.258,       0.941
 95500          ,      28.789,       2.898,       5.973,       0.873
 96000          ,      27.809,       2.352,       5.595,       1.115
 96500          ,      30.900,       0.323,       8.705,       2.844
 97000          ,      32.008,       2.229,       7.128,       0.627
 97500          ,      28.305,       2.048,       4.611,       1.215
 98000          ,      33.032,       1.978,       6.719,       0.554
 98500          ,      28.634,       3.130,       4.578,       1.190
 99000          ,      34.053,       2.031,       7.270,       0.597
 99500          ,      31.355,       1.957,       5.628,       1.026
 100000         ,      31.961,       2.668,       6.243,       0.281
 100500         ,      32.055,       1.954,       6.794,       0.664
 101000         ,      32.628,       0.366,       8.685,       2.110
 101500         ,      31.093,       2.688,       5.303,       0.672
 102000         ,      25.608,       2.703,       3.981,       1.451
 102500         ,      31.206,       2.014,       6.653,       0.429
 103000         ,      28.735,       2.475,       4.380,       1.369
 103500         ,      32.552,       1.361,       7.139,       1.179
 104000         ,      31.559,       2.271,       6.633,       0.471
 104500         ,      32.399,       1.861,       6.353,       0.868
 105000         ,      31.587,       1.685,       6.079,       1.092
 105500         ,      30.131,       1.770,       6.150,       1.806
 106000         ,      31.906,       0.263,       8.956,       2.704
 106500         ,      30.859,       0.661,       6.142,       2.642
 107000         ,      31.058,       1.813,       5.454,       0.892
 107500         ,      30.153,       0.674,       7.471,       2.226
 108000         ,      31.235,       2.240,       6.526,       0.484
 108500         ,      29.144,       2.344,       6.875,       1.518
 109000         ,      33.257,       1.848,       6.771,       0.830
 109500         ,      32.978,       2.113,       7.658,       0.743
 110000         ,      24.044,       3.357,       3.622,       2.167
 110500         ,      25.732,       3.453,       2.551,       2.400
 111000         ,      24.897,       3.886,       2.432,       2.252
 111500         ,      19.095,       7.831,       0.381,       6.284
 112000         ,      19.744,       8.017,       0.334,       6.127
 112500         ,      29.080,       2.875,       6.459,       1.437
 113000         ,      31.949,       2.684,       6.053,       1.081
 113500         ,      19.248,       9.274,       0.652,       6.401
 114000         ,      20.255,       9.193,       0.400,       7.373
 114500         ,      18.172,       7.519,       0.498,       6.980
 115000         ,      18.812,       8.103,       0.392,       6.228
 115500         ,      21.205,       6.674,       0.871,       4.351
 116000         ,      18.335,       7.625,       0.466,       6.514
 116500         ,      18.781,       7.187,       0.713,       5.977
 117000         ,      29.743,       2.043,       6.247,       0.952
 117500         ,      28.831,       1.002,       7.167,       1.559
 118000         ,      31.711,       1.236,       7.717,       1.015
 118500         ,      30.233,       1.774,       7.102,       0.725
 119000         ,      30.786,       1.932,       6.724,       0.536
 119500         ,      22.335,       3.407,       2.630,       2.684
 120000         ,      31.227,       1.811,       6.001,       1.001
 120500         ,      25.368,       4.173,       2.811,       2.079
 121000         ,      32.394,       0.966,       7.789,       1.126
 121500         ,      31.015,       1.924,       6.565,       0.951
 122000         ,      30.414,       0.479,       7.506,       2.380
 122500         ,      32.424,       2.452,       5.916,       0.798
 123000         ,      32.071,       1.740,       5.971,       0.818
 123500         ,      30.347,       2.666,       5.158,       0.679
 124000         ,      32.513,       0.638,       8.356,       2.377
 124500         ,      31.163,       1.535,       6.693,       1.152
 125000         ,      32.341,       2.924,       6.816,       0.339
 125500         ,      32.048,       2.149,       6.077,       0.672
 126000         ,      30.346,       2.113,       5.275,       2.043
 126500         ,      30.586,       0.867,       7.331,       1.536
 127000         ,      27.250,       2.342,       5.225,       1.071
 127500         ,      30.216,       1.814,       5.550,       0.854
 128000         ,      32.110,       1.341,       7.269,       0.931
 128500         ,      31.615,       1.734,       6.642,       0.693
 129000         ,      25.978,       3.612,       2.828,       2.124
 129500         ,      32.492,       1.690,       7.765,       0.606
 130000         ,      33.050,       1.689,       6.217,       0.905
 130500         ,      32.234,       1.659,       7.528,       0.676
 131000         ,      31.056,       2.382,       7.170,       0.688
 131500         ,      30.081,       2.345,       6.081,       1.003
 132000         ,      31.069,       1.630,       7.106,       1.146
 132500         ,      30.755,       2.422,       5.410,       0.791
 133000         ,      32.952,       2.337,       7.022,       0.405
 133500         ,      30.778,       1.726,       5.806,       0.819
 134000         ,      28.404,       3.473,       5.130,       1.831
 134500         ,      28.199,       2.572,       3.919,       1.495
 135000         ,      31.646,       1.741,       7.180,       0.980
 135500         ,      28.426,       2.830,       4.230,       1.547
 136000         ,      33.128,       1.616,       7.452,       0.506
 136500         ,      29.211,       2.718,       4.527,       0.847
 137000         ,      32.599,       1.769,       7.404,       0.857
 137500         ,      33.212,       2.272,       6.885,       0.663
 138000         ,      26.735,       1.739,       5.664,       1.357
 138500         ,      30.840,       1.398,       6.513,       0.839
 139000         ,      31.660,       1.489,       7.772,       0.811
 139500         ,      33.103,       1.962,       6.445,       0.693
 140000         ,      32.732,       1.730,       6.808,       0.766
 140500         ,      30.551,       1.168,       6.709,       1.153
 141000         ,      31.428,       1.980,       6.335,       0.498
 141500         ,      34.349,       2.660,       7.116,       0.190
 142000         ,      17.240,       7.635,       0.601,       6.958
 142500         ,      32.442,       2.320,       7.110,       0.577
 143000         ,      31.987,       2.304,       6.058,       1.430
 143500         ,      31.857,       1.274,       6.481,       0.920
 144000         ,      27.928,       2.579,       4.771,       1.375
 144500         ,      31.937,       1.164,       7.202,       1.020
 145000         ,      32.054,       2.538,       6.844,       0.381
 145500         ,      32.605,       2.708,       6.540,       0.684
 146000         ,      29.977,       2.509,       5.000,       0.867
 146500         ,      25.695,       2.885,       3.629,       1.752
 147000         ,      29.492,       2.236,       5.612,       1.292
 147500         ,      30.958,       1.431,       7.622,       1.716
 148000         ,      30.872,       0.482,       7.681,       2.367
 148500         ,      26.785,       3.521,       3.222,       2.187
 149000         ,      29.290,       1.489,       6.228,       1.240
 149500         ,      32.914,       2.032,       7.048,       0.419
 150000         ,      27.299,       3.077,       4.000,       1.302
 150500         ,      31.599,       1.952,       5.822,       0.611
 151000         ,      25.784,       2.750,       4.393,       1.350
 151500         ,      16.968,       7.960,       0.809,       6.610
 152000         ,      16.633,       8.694,       0.294,       7.616
 152500         ,      16.259,       8.519,       0.690,       7.466
 153000         ,      14.671,       8.896,       0.620,       8.486
 153500         ,      14.423,      10.854,       0.548,       9.984
 154000         ,      19.587,       6.596,       0.601,       5.697
 154500         ,      20.763,       6.291,       0.979,       4.386
 155000         ,      16.920,       8.726,       0.361,       7.584
 155500         ,      18.632,       8.070,       0.440,       7.187
 156000         ,      15.305,      10.271,       0.504,       9.098
 156500         ,      19.638,       7.300,       0.466,       6.318
 157000         ,      14.583,       9.269,       0.772,       8.502
 157500         ,      15.538,       9.944,       0.621,       8.106
 158000         ,      21.990,       7.307,       0.625,       5.828
 158500         ,      17.217,       8.614,       0.371,       7.368
 159000         ,      17.802,       7.238,       0.534,       6.675
 159500         ,      16.931,       8.449,       0.467,       7.689
 160000         ,      19.011,       8.358,       0.278,       6.899
 160500         ,      16.150,       8.863,       0.585,       8.336
 161000         ,      16.645,       8.257,       0.574,       7.599
 161500         ,      18.570,       7.733,       0.641,       6.875
 162000         ,      19.793,       9.771,       0.471,       7.617
 162500         ,      19.767,       9.021,       0.509,       6.656
 163000         ,      17.227,       7.933,       0.534,       6.799
 163500         ,      16.465,       8.897,       0.419,       7.425
 164000         ,      18.938,       8.361,       0.614,       6.796
 164500         ,      19.340,       7.555,       0.484,       6.800
 165000         ,      21.483,       7.011,       0.642,       5.475
 165500         ,      16.077,      10.308,       0.431,       9.119
 166000         ,      14.749,       8.863,       0.935,       8.135
 166500         ,      15.088,      10.231,       0.405,       9.047
 167000         ,      18.240,       8.058,       0.453,       6.967
 167500         ,      14.800,       9.038,       0.710,       8.521
 168000         ,      15.130,       9.014,       0.642,       8.371
 168500         ,      18.009,       8.570,       0.576,       6.544
 169000         ,      16.244,       8.488,       0.541,       7.215
 169500         ,      17.976,       7.090,       0.752,       5.962
 170000         ,      15.964,       9.578,       0.378,       8.246
 170500         ,      20.851,       7.151,       0.586,       5.406
 171000         ,      15.867,       7.647,       0.737,       7.534
 171500         ,      18.282,       7.736,       0.418,       6.983
 172000         ,      20.845,       7.378,       0.638,       5.518
 172500         ,      16.412,       9.019,       0.487,       7.831
 173000         ,      19.950,       6.332,       0.783,       5.743
 173500         ,      16.734,       9.014,       0.651,       7.080
 174000         ,      18.509,       8.065,       0.468,       7.058
 174500         ,      18.617,       8.929,       0.270,       7.536
 175000         ,      17.966,       9.035,       0.422,       7.467
 175500         ,      15.218,       8.420,       0.781,       7.576
 176000         ,      18.353,       9.143,       0.123,       7.826
 176500         ,      19.441,       8.036,       0.484,       5.962
 177000         ,      18.810,       7.729,       0.429,       6.713
 177500         ,      16.259,       8.546,       0.561,       7.451
 178000         ,      19.353,       7.834,       0.260,       6.439
 178500         ,      18.289,       7.687,       0.603,       6.574
 179000         ,      20.078,       8.139,       0.400,       6.954
 179500         ,      18.026,       7.122,       0.512,       6.585
 180000         ,      22.423,       7.427,       0.591,       5.579
 180500         ,      33.672,       2.320,       7.451,       0.319
 181000         ,      29.905,       2.378,       4.889,       0.936
 181500         ,      30.347,       1.005,       7.470,       2.232
 182000         ,      25.363,       2.816,       3.400,       1.863
 182500         ,      31.174,       1.306,       7.041,       1.246
 183000         ,      29.947,       2.489,       5.574,       0.672
 183500         ,      30.362,       1.602,       6.556,       1.684
 184000         ,      28.483,       3.177,       5.099,       1.261
 184500         ,      31.648,       2.479,       6.829,       0.380
 185000         ,      33.218,       1.942,       6.820,       0.517
 185500         ,      31.741,       2.288,       6.539,       1.146
 186000         ,      33.378,       2.140,       7.349,       0.598
 186500         ,      30.509,       1.783,       6.424,       0.561
 187000         ,      29.732,       3.133,       4.416,       1.391
 187500         ,      25.665,       2.526,       3.632,       1.789
 188000         ,      27.884,       2.281,       5.412,       0.947
 188500         ,      33.202,       1.371,       6.967,       0.927
 189000         ,      25.516,       3.071,       3.034,       2.190
 189500         ,      13.341,      10.406,       0.882,       9.158
 190000         ,      17.221,       8.587,       0.494,       7.434
 190500         ,      31.284,       1.726,       5.431,       1.484
 191000         ,      30.873,       1.776,       7.006,       0.944
 191500         ,      29.100,       1.759,       5.015,       1.206
 192000         ,      31.226,       0.680,       6.463,       1.948
 192500         ,      33.130,       1.342,       7.355,       0.985
 193000         ,      29.925,       2.231,       6.867,       1.062
 193500         ,      30.725,       1.928,       6.408,       0.612
 194000         ,      32.648,       1.304,       7.093,       0.970
 194500         ,      32.463,       1.428,       7.826,       0.761
 195000         ,      28.778,       2.138,       4.127,       1.438
 195500         ,      32.362,       1.984,       7.846,       0.395
 196000         ,      33.385,       1.525,       6.607,       1.025
 196500         ,      31.721,       1.403,       5.744,       1.327
 197000         ,      29.495,       1.170,       6.995,       2.059
 197500         ,      32.029,       2.164,       6.106,       0.550
 198000         ,      15.758,       7.934,       0.662,       7.590
 198500         ,      13.752,      10.241,       0.991,       9.808
 199000         ,      30.485,       1.834,       5.721,       1.046
 199500         ,      31.468,       2.247,       6.132,       1.034
 200000         ,      28.318,       1.749,       4.701,       1.995
 200500         ,      32.618,       1.229,       6.695,       1.336
 201000         ,      32.525,       1.097,       7.918,       0.892
 201500         ,      30.925,       1.818,       5.318,       1.369
 202000         ,      32.028,       1.450,       7.087,       0.757
 202500         ,      31.747,       1.932,       7.383,       0.454
 203000         ,      27.884,       2.811,       4.034,       1.229
 203500         ,      29.159,       2.966,       4.934,       0.775
 204000         ,      17.045,       6.834,       0.846,       6.873
 204500         ,      22.011,       8.255,       0.740,       5.897
 205000         ,      31.145,       1.608,       6.769,       0.664
 205500         ,      31.963,       1.294,       7.421,       0.880
 206000         ,      22.029,       4.497,       2.127,       3.013
 206500         ,      20.383,       7.426,       0.693,       5.589
 207000         ,      32.490,       1.369,       7.792,       0.858
 207500         ,      32.049,       0.394,       7.828,       2.784
 208000         ,      32.493,       1.734,       7.670,       0.517
 208500         ,      29.836,       1.509,       6.240,       0.971
 209000         ,      29.544,       1.399,       6.779,       1.162
 209500         ,      16.574,       8.871,       0.355,       7.684
 210000         ,      19.202,       7.268,       0.435,       6.274
 210500         ,      12.650,      10.240,       1.166,       9.932
 211000         ,      22.283,       6.168,       0.778,       5.149
 211500         ,      17.060,       9.431,       0.280,       8.043
 212000         ,      32.262,       1.757,       6.632,       0.625
 212500         ,      19.897,       7.454,       0.425,       6.083
 213000         ,      30.097,       2.297,       6.972,       0.683
 213500         ,      26.581,       4.715,       3.256,       2.712
 214000         ,      32.018,       3.223,       5.771,       0.335
 214500         ,      31.799,       1.560,       6.025,       0.947
 215000         ,      30.793,       2.475,       5.991,       1.068
 215500         ,      24.333,       2.994,       2.904,       2.760
 216000         ,      30.040,       2.279,       5.398,       0.851
 216500         ,      31.060,       0.163,       8.696,       3.240
 217000         ,      30.479,       2.091,       4.916,       1.435
 217500         ,      30.547,       0.980,       6.686,       1.853
 218000         ,      27.242,       2.555,       4.071,       1.518
 218500         ,      31.096,       1.529,       6.839,       1.279
 219000         ,      32.695,       1.113,       7.834,       0.881
 219500         ,      29.163,       2.745,       5.148,       0.675
 220000         ,      29.357,       2.178,       5.150,       1.176
 220500         ,      15.965,       9.340,       0.592,       8.619
 221000         ,      32.365,       1.860,       7.041,       0.604
 221500         ,      29.323,       2.591,       5.403,       0.748
 222000         ,      30.605,       2.629,       6.235,       1.311
 222500         ,      28.827,       1.965,       4.398,       1.877
 223000         ,      32.405,       1.825,       7.956,       0.753
 223500         ,      30.006,       0.499,       8.303,       2.730
 224000         ,      33.101,       1.714,       6.892,       0.892
 224500         ,      17.941,       7.597,       0.531,       7.079
 225000         ,      31.568,       2.862,       6.364,       0.538
 225500         ,      27.926,       2.924,       4.615,       0.990
 226000         ,      30.999,       2.474,       5.906,       0.465
 226500         ,      29.554,       1.571,       6.610,       1.232
 227000         ,      31.463,       1.608,       6.830,       0.662
 227500         ,      27.144,       2.908,       4.233,       1.001
 228000         ,      30.217,       3.074,       5.933,       1.390
 228500         ,      32.701,       1.471,       6.077,       1.149
 229000         ,      28.600,       2.815,       4.210,       1.351
 229500         ,      29.811,       2.602,       5.433,       0.532
 230000         ,      19.199,       7.063,       0.511,       5.950
 230500         ,      27.385,       1.984,       5.342,       1.193
 231000         ,      28.469,       2.119,       6.030,       1.631
 231500         ,      32.068,       2.091,       6.585,       0.535
 232000         ,      31.072,       2.499,       6.628,       0.723
 232500         ,      33.438,       1.857,       7.819,       0.452
 233000         ,      31.598,       2.104,       6.008,       0.839
 233500         ,      31.533,       0.517,       8.760,       2.155
 234000         ,      32.593,       0.881,       7.236,       1.161
 234500         ,      33.868,       1.606,       7.590,       0.681
 235000         ,      27.597,       1.810,       5.146,       1.417
 235500         ,      32.474,       2.400,       7.732,       0.376
 236000         ,      31.457,       2.438,       5.452,       0.819
 236500         ,      24.476,       3.027,       3.414,       1.987
 237000         ,      31.714,       1.892,       5.990,       0.621
 237500         ,      31.053,       1.877,       6.682,       0.892
 238000         ,      30.438,       2.657,       4.855,       1.249
 238500         ,      28.950,       3.033,       3.658,       1.633
 239000         ,      29.778,       0.466,       8.073,       2.470
 239500         ,      31.131,       0.476,       8.355,       2.574
 240000         ,      29.857,       0.981,       8.012,       2.770
 240500         ,      31.831,       0.734,       7.224,       1.823
 241000         ,      30.394,       0.667,       7.773,       2.909
 241500         ,      30.723,       0.587,       6.960,       2.488
 242000         ,      28.068,       1.423,       4.905,       2.361
 242500         ,      27.589,       0.759,       5.891,       2.978
 243000         ,      29.530,       0.523,       7.143,       3.041
 243500         ,      32.669,       0.174,       8.827,       2.779
 244000         ,      30.053,       0.592,       6.719,       2.046
 244500         ,      32.256,       1.901,       5.741,       0.920
 245000         ,      30.828,       0.765,       6.219,       1.594
 245500         ,      31.447,       0.224,       9.019,       2.736
 246000         ,      30.830,       0.186,       8.146,       3.119
 246500         ,      28.944,       0.719,       6.176,       2.031
 247000         ,      29.444,       0.767,       8.195,       2.918
 247500         ,      29.281,       0.711,       6.900,       2.772
 248000         ,      29.399,       0.435,       7.876,       3.187
 248500         ,      28.432,       1.520,       5.989,       1.110
 249000         ,      30.578,       1.086,       7.991,       1.668
 249500         ,      33.171,       0.701,       7.949,       1.556
 250000         ,      30.195,       0.342,       8.241,       3.242
 250500         ,      31.789,       0.568,       7.132,       1.957
 251000         ,      31.130,       0.830,       6.601,       1.730
 251500         ,      32.070,       0.275,       7.852,       2.997
 252000         ,      30.599,       0.553,       7.768,       2.308
 252500         ,      31.175,       0.143,       8.591,       3.270
 253000         ,      31.163,       2.572,       6.149,       0.513
 253500         ,      30.337,       0.305,       7.292,       2.773
 254000         ,      31.213,       0.351,       8.408,       2.350
 254500         ,      30.691,       0.887,       6.658,       1.714
 255000         ,      28.999,       0.434,       7.694,       2.690
 255500         ,      31.141,       0.390,       8.756,       2.236
 256000         ,      33.028,       1.308,       7.412,       1.139
 256500         ,      26.550,       0.717,       6.334,       3.494
 257000         ,      32.011,       1.455,       6.234,       1.656
 257500         ,      27.639,       0.936,       6.091,       2.055
 258000         ,      26.841,       1.234,       7.700,       2.973
 258500         ,      32.515,       0.216,       8.246,       2.644
 259000         ,      32.212,       0.200,       8.404,       2.616
 259500         ,      29.844,       0.456,       6.728,       2.812
 260000         ,      28.876,       0.953,       8.006,       2.654
 260500         ,      32.618,       0.269,       8.256,       2.127
 261000         ,      31.489,       0.445,       7.855,       3.011
 261500         ,      29.117,       0.961,       7.300,       3.686
 262000         ,      29.665,       0.401,       7.068,       3.230
 262500         ,      29.542,       0.784,       7.725,       2.696
 263000         ,      30.440,       0.281,       7.756,       2.657
 263500         ,      29.602,       0.638,       7.565,       2.293
 264000         ,      31.378,       0.531,       7.087,       2.879
 264500         ,      29.841,       1.233,       5.819,       1.657
 265000         ,      31.664,       0.405,       7.935,       2.879
 265500         ,      32.380,       0.626,       6.889,       2.264
 266000         ,      29.840,       0.226,       7.391,       3.253
 266500         ,      31.188,       0.524,       7.165,       1.826
 267000         ,      32.430,       0.125,       9.105,       3.079
 267500         ,      31.307,       0.622,       6.870,       2.533
 268000         ,      32.292,       0.581,       7.600,       1.688
 268500         ,      24.619,       3.423,       3.542,       1.682
 269000         ,      31.274,       0.412,       8.215,       2.883
 269500         ,      30.592,       0.669,       7.000,       1.774
 270000         ,      33.243,       0.767,       8.239,       1.281
 270500         ,      30.186,       0.824,       5.880,       2.372
 271000         ,      28.653,       0.777,       6.170,       2.440
 271500         ,      31.391,       0.781,       6.825,       1.572
 272000         ,      30.641,       0.285,       7.542,       2.513
 272500         ,      27.818,       0.839,       6.585,       2.132
 273000         ,      30.286,       0.922,       5.965,       2.092
 273500         ,      30.188,       0.432,       8.352,       2.366
 274000         ,      31.895,       2.514,       6.426,       0.362
 274500         ,      31.309,       0.820,       7.536,       2.319
 275000         ,      31.372,       0.395,       8.576,       2.339
 275500         ,      30.923,       1.234,       5.916,       1.678
 276000         ,      32.961,       0.197,       9.107,       2.654
 276500         ,      29.456,       1.104,       6.956,       2.548
 277000         ,      31.535,       0.743,       6.345,       2.266
 277500         ,      30.896,       1.072,       8.664,       1.694
 278000         ,      32.877,       0.566,       7.346,       2.147
 278500         ,      28.946,       1.373,       6.223,       1.348
 279000         ,      30.887,       0.744,       7.549,       2.771
 279500         ,      30.030,       1.003,       5.955,       2.732
 280000         ,      30.464,       1.615,       6.699,       0.942
 280500         ,      30.706,       0.295,       8.193,       2.713
 281000         ,      33.445,       2.097,       6.368,       0.741
 281500         ,      31.341,       2.173,       6.240,       1.377
 282000         ,      32.016,       0.457,       8.278,       3.101
 282500         ,      30.463,       0.496,       7.195,       2.693
 283000         ,      31.263,       0.908,       6.699,       2.961
 283500         ,      31.637,       0.997,       7.294,       1.058
 284000         ,      30.309,       0.702,       6.806,       1.919
 284500         ,      27.265,       0.625,       6.515,       3.304
 285000         ,      27.507,       0.667,       7.364,       3.404
 285500         ,      31.736,       0.385,       8.062,       2.167
 286000         ,      29.877,       0.616,       7.811,       3.182
 286500         ,      33.517,       1.152,       6.432,       2.093
 287000         ,      29.871,       0.803,       8.020,       2.659
 287500         ,      26.588,       1.168,       4.940,       3.093
 288000         ,      32.549,       0.556,       8.139,       2.232
 288500         ,      30.548,       0.661,       8.152,       1.945
 289000         ,      29.051,       0.439,       8.099,       2.715
 289500         ,      30.498,       0.390,       7.782,       2.770
 290000         ,      27.071,       0.611,       7.137,       3.680
 290500         ,      30.984,       0.398,       8.629,       3.459
 291000         ,      27.913,       0.673,       7.131,       2.742
 291500         ,      29.683,       0.567,       7.913,       2.084
 292000         ,      31.922,       0.252,       8.010,       2.469
 292500         ,      27.217,       0.683,       6.682,       3.565
 293000         ,      32.438,       0.516,       8.198,       2.199
 293500         ,      32.016,       0.186,       8.722,       2.720
 294000         ,      32.007,       0.297,       7.582,       2.876
 294500         ,      32.192,       0.906,       7.708,       1.182
 295000         ,      30.930,       0.393,       8.865,       3.257
 295500         ,      29.804,       1.548,       6.209,       1.189
 296000         ,      33.262,       2.124,       6.506,       0.808
 296500         ,      31.543,       0.428,       8.690,       2.052
 297000         ,      30.923,       0.426,       7.721,       2.082
 297500         ,      31.986,       0.287,       8.711,       2.873
 298000         ,      32.364,       0.603,       7.398,       2.266
 298500         ,      32.277,       0.235,       9.110,       2.583
 299000         ,      30.467,       0.305,       7.435,       3.012
 299500         ,      32.043,       0.263,       8.302,       3.235
 300000         ,      27.922,       0.879,       7.045,       3.766
 300500         ,      32.773,       0.350,       8.292,       2.566
 301000         ,      27.433,       0.699,       6.669,       3.019
 301500         ,      30.573,       0.666,       7.011,       2.184
 302000         ,      32.848,       0.618,       7.769,       1.840
 302500         ,      26.524,       0.807,       6.046,       3.342
 303000         ,      32.661,       0.114,       8.840,       2.860
 303500         ,      30.990,       0.721,       8.159,       2.020
 304000         ,      26.894,       1.425,       4.886,       2.321
 304500         ,      31.840,       0.442,       7.819,       2.199
 305000         ,      32.400,       0.289,       8.931,       2.198
 305500         ,      31.458,       0.525,       8.240,       2.500
 306000         ,      32.275,       0.477,       8.284,       2.215
 306500         ,      33.035,       0.479,       8.045,       1.954
 307000         ,      28.386,       2.072,       4.273,       1.504
 307500         ,      30.545,       0.467,       8.824,       2.814
 308000         ,      30.315,       0.215,       8.550,       3.217
 308500         ,      30.456,       0.692,       6.573,       2.956
 309000         ,      33.106,       0.413,       8.490,       2.162
 309500         ,      31.261,       1.057,       6.532,       1.774
 310000         ,      32.138,       0.209,       8.350,       3.158
 310500         ,      27.485,       0.791,       6.297,       2.763
 311000         ,      31.049,       0.423,       7.617,       3.121
 311500         ,      29.711,       1.174,       5.201,       2.569
 312000         ,      30.769,       0.277,       8.546,       2.941
 312500         ,      28.151,       1.139,       7.594,       2.771
 313000         ,      33.216,       0.662,       8.101,       2.642
 313500         ,      29.512,       0.538,       7.193,       2.438
 314000         ,      26.410,       0.836,       6.591,       2.965
 314500         ,      29.789,       1.261,       5.447,       1.446
 315000         ,      30.933,       0.364,       7.774,       2.157
 315500         ,      30.358,       0.338,       7.466,       3.167
 316000         ,      29.949,       1.178,       7.634,       2.461
 316500         ,      31.962,       0.395,       8.898,       2.189
 317000         ,      28.591,       0.623,       8.110,       3.775
 317500         ,      30.404,       0.396,       7.906,       2.525
 318000         ,      31.227,       0.227,       8.459,       2.744
 318500         ,      26.246,       0.921,       5.945,       2.620
 319000         ,      31.495,       0.653,       7.456,       1.959
 319500         ,      29.440,       0.491,       8.212,       3.043
 320000         ,      32.719,       0.230,       8.437,       2.897
 320500         ,      30.503,       0.246,       8.011,       3.087
 321000         ,      29.454,       0.360,       7.174,       3.022
 321500         ,      30.296,       0.503,       7.982,       2.141
 322000         ,      30.158,       0.660,       6.226,       2.564
 322500         ,      28.145,       0.504,       7.639,       3.327
 323000         ,      32.348,       0.098,       9.360,       3.419
 323500         ,      30.036,       0.350,       8.208,       3.196
 324000         ,      28.214,       0.595,       6.919,       2.687
 324500         ,      31.675,       1.622,       6.077,       0.916
 325000         ,      32.585,       0.650,       8.202,       1.989
 325500         ,      31.375,       0.238,       8.579,       3.139
 326000         ,      31.304,       0.717,       7.422,       1.865
 326500         ,      31.670,       0.438,       7.865,       2.285
 327000         ,      28.837,       0.460,       7.745,       2.923
 327500         ,      24.906,       2.571,       3.064,       2.339
 328000         ,      31.407,       0.390,       8.717,       2.723
 328500         ,      27.080,       0.643,       7.261,       3.486
 329000         ,      30.469,       0.927,       5.888,       2.677
 329500         ,      29.723,       1.907,       6.061,       1.269
 330000         ,      29.197,       0.487,       6.692,       2.840
 330500         ,      30.654,       0.668,       6.999,       2.142
 331000         ,      30.872,       0.316,       7.738,       2.622
 331500         ,      31.089,       2.187,       5.478,       1.271
 332000         ,      32.848,       0.662,       8.193,       2.470
 332500         ,      32.447,       0.524,       8.151,       1.805
 333000         ,      31.421,       0.305,       7.745,       2.936
 333500         ,      29.638,       0.256,       7.464,       3.221
 334000         ,      30.193,       0.683,       6.180,       2.318
 334500         ,      32.289,       0.118,       9.229,       3.494
 335000         ,      27.913,       0.881,       6.403,       3.142
 335500         ,      27.584,       0.993,       5.887,       2.880
 336000         ,      32.852,       0.121,       8.606,       2.599
 336500         ,      29.777,       0.585,       7.158,       3.113
 337000         ,      29.860,       0.430,       8.125,       2.759
 337500         ,      31.004,       0.371,       7.813,       2.567
 338000         ,      31.769,       0.621,       8.171,       2.512
 338500         ,      29.326,       0.339,       8.068,       3.500
 339000         ,      30.441,       0.460,       7.558,       2.059
 339500         ,      29.800,       0.319,       8.427,       3.093
 340000         ,      30.011,       0.790,       6.704,       1.637
 340500         ,      31.676,       0.469,       7.433,       2.489
 341000         ,      30.696,       2.690,       5.950,       1.430
 341500         ,      31.847,       0.413,       8.428,       2.862
 342000         ,      27.206,       0.701,       6.088,       3.188
 342500         ,      30.773,       0.379,       7.660,       2.060
 343000         ,      32.693,       0.503,       8.756,       2.904
 343500         ,      30.237,       1.221,       7.671,       2.333
 344000         ,      31.867,       1.096,       7.531,       1.186
 344500         ,      30.662,       0.607,       7.183,       1.550
 345000         ,      33.055,       0.094,       9.434,       3.159
 345500         ,      30.790,       0.375,       8.592,       3.574
 346000         ,      29.797,       1.645,       7.239,       1.169
 346500         ,      29.746,       0.832,       6.657,       3.141
 347000         ,      30.589,       0.355,       7.713,       2.202
 347500         ,      32.563,       0.126,       8.954,       2.772
 348000         ,      30.333,       0.291,       8.473,       3.002
 348500         ,      29.334,       0.852,       6.828,       3.290
 349000         ,      30.578,       0.367,       8.374,       2.981
 349500         ,      29.954,       0.445,       7.307,       2.874
 350000         ,      28.375,       0.701,       7.032,       2.867
 350500         ,      33.624,       2.022,       7.434,       0.573
 351000         ,      31.738,       2.041,       5.876,       0.707
 351500         ,      32.974,       1.550,       7.328,       0.934
 352000         ,      29.962,       0.534,       7.992,       2.388
 352500         ,      32.148,       0.299,       7.917,       2.475
 353000         ,      32.900,       0.295,       8.849,       2.203
 353500         ,      31.191,       0.408,       7.727,       2.776
 354000         ,      26.972,       1.111,       6.583,       2.573
 354500         ,      32.220,       0.478,       7.390,       2.567
 355000         ,      32.581,       0.376,       8.386,       2.170
 355500         ,      32.762,       1.416,       6.562,       1.105
 356000         ,      29.908,       1.620,       5.164,       1.218
 356500         ,      32.762,       0.770,       8.231,       1.319
 357000         ,      29.009,       0.576,       6.588,       2.720
 357500         ,      25.977,       1.228,       6.918,       3.149
 358000         ,      26.535,       1.097,       5.326,       3.152
 358500         ,      32.005,       0.228,       8.657,       2.340
 359000         ,      29.196,       0.334,       7.290,       3.304
 359500         ,      31.201,       0.372,       8.875,       2.492
 360000         ,      32.008,       0.183,       8.410,       2.935
 360500         ,      30.527,       0.527,       7.534,       2.441
 361000         ,      29.960,       2.653,       5.103,       0.772
 361500         ,      17.866,      11.069,       0.797,       9.526
 362000         ,      31.721,       3.283,       6.385,       0.342
 362500         ,      33.489,       1.878,       7.711,       0.498
 363000         ,      32.117,       1.724,       5.934,       1.435
 363500         ,      32.127,       2.211,       7.077,       0.443
 364000         ,      30.270,       1.763,       6.207,       0.698
 364500         ,      32.536,       1.835,       7.566,       0.534
 365000         ,      32.557,       2.531,       7.927,       0.332
 365500         ,      26.890,       2.158,       5.183,       1.548
 366000         ,      28.865,       1.870,       5.573,       1.547
 366500         ,      28.571,       2.625,       4.690,       1.134
 367000         ,      29.656,       2.083,       5.759,       0.746
 367500         ,      27.411,       3.273,       3.686,       1.290
 368000         ,      30.270,       3.173,       5.792,       0.717
 368500         ,      31.324,       2.249,       5.948,       0.868
 369000         ,      32.953,       2.324,       5.863,       0.954
 369500         ,      33.561,       1.927,       6.905,       0.972
 370000         ,      28.019,       2.838,       6.192,       0.855
 370500         ,      28.123,       2.145,       4.557,       1.729
 371000         ,      32.549,       1.869,       6.872,       0.577
 371500         ,      29.651,       2.986,       6.385,       1.059
 372000         ,      30.224,       2.343,       6.458,       1.371
 372500         ,      32.610,       2.078,       7.161,       0.505
 373000         ,      30.886,       2.310,       7.401,       0.552
 373500         ,      29.044,       1.380,       7.529,       3.425
 374000         ,      17.464,       7.961,       0.402,       6.793
 374500         ,      14.696,       9.145,       0.626,       8.797
 375000         ,      17.929,       9.030,       0.641,       6.646
 375500         ,      21.680,       7.371,       0.653,       6.134
 376000         ,      28.031,       2.953,       6.372,       1.300
 376500         ,      32.670,       0.422,       8.115,       2.501
 377000         ,      31.026,       0.288,       8.824,       3.036
 377500         ,      31.041,       0.267,       8.132,       2.944
 378000         ,      21.944,       1.928,       4.834,       4.262
 378500         ,      32.014,       0.322,       7.834,       2.765
 379000         ,      31.312,       0.250,       8.524,       2.731
 379500         ,      31.461,       0.230,       8.353,       3.263
 380000         ,      29.511,       0.597,       7.155,       2.871
 380500         ,      30.068,       0.792,       7.123,       1.931
 381000         ,      28.458,       0.855,       5.952,       2.173
 381500         ,      31.377,       0.535,       8.134,       1.804
 382000         ,      19.092,       5.488,       1.716,       4.296
 382500         ,      32.029,       0.496,       8.022,       1.883
 383000         ,      31.120,       1.008,       6.618,       1.400
 383500         ,      25.084,       2.843,       4.008,       1.608
 384000         ,      21.097,       8.146,       0.944,       6.701
 384500         ,      32.967,       1.940,       6.087,       0.656
 385000         ,      31.593,       3.555,       4.999,       1.287
 385500         ,      27.969,       3.048,       4.223,       1.082
 386000         ,      28.798,       2.848,       5.443,       0.926
 386500         ,      33.155,       0.387,       8.312,       1.946
 387000         ,      33.744,       2.327,       7.864,       0.301
 387500         ,      31.189,       1.349,       6.741,       1.174
 388000         ,      29.138,       2.024,       5.660,       0.770
 388500         ,      33.817,       2.127,       7.110,       0.510
 389000         ,      32.733,       2.561,       7.137,       0.193
 389500         ,      32.670,       2.272,       7.446,       0.537
 390000         ,      33.273,       1.814,       7.943,       0.476
 390500         ,      33.144,       1.734,       6.722,       0.566
 391000         ,      33.490,       1.900,       6.996,       0.635
 391500         ,      31.470,       2.400,       6.846,       0.421
 392000         ,      30.250,       2.412,       6.690,       0.616
 392500         ,      32.998,       1.425,       7.714,       0.635
 393000         ,      29.058,       2.013,       5.884,       0.725
 393500         ,      29.163,       3.024,       4.232,       1.121
 394000         ,      32.306,       2.521,       5.584,       1.060
 394500         ,      29.453,       2.660,       5.939,       1.700
 395000         ,      32.622,       2.312,       7.074,       0.447
 395500         ,      29.263,       2.476,       7.389,       1.000
 396000         ,      33.619,       1.968,       7.463,       0.934
 396500         ,      29.553,       2.111,       5.481,       0.768
 397000         ,      32.957,       1.744,       5.935,       0.944
 397500         ,      32.262,       1.831,       6.507,       0.557
 398000         ,      32.528,       3.386,       6.502,       0.413
 398500         ,      31.074,       1.716,       6.471,       0.722
 399000         ,      18.760,       7.186,       0.619,       6.601
 399500         ,      31.378,       2.545,       5.411,       0.694
 400000         ,      29.481,       1.925,       6.260,       0.764
 400500         ,      31.651,       1.686,       7.190,       0.862
 401000         ,      31.479,       2.496,       6.203,       0.405
 401500         ,      31.669,       1.109,       6.832,       1.316
 402000         ,      30.951,       2.591,       6.412,       0.932
 402500         ,      30.551,       1.294,       6.698,       1.119
 403000         ,      27.661,       2.949,       3.297,       1.750
 403500         ,      28.839,       1.691,       5.938,       1.127
 404000         ,      25.856,       2.887,       3.538,       1.697
 404500         ,      31.720,       1.461,       6.675,       0.829
 405000         ,      29.372,       3.380,       4.905,       0.737
 405500         ,      31.435,       2.909,       5.256,       0.984
 406000         ,      32.271,       1.973,       7.663,       0.456
 406500         ,      31.953,       2.144,       6.106,       0.558
 407000         ,      29.439,       2.170,       5.124,       1.027
 407500         ,      31.928,       2.341,       6.579,       0.416
 408000         ,      33.958,       2.099,       7.109,       0.429
 408500         ,      30.284,       1.986,       5.934,       0.969
 409000         ,      29.559,       2.401,       5.800,       0.569
 409500         ,      25.731,       2.084,       5.649,       1.543
 410000         ,      30.346,       2.484,       6.847,       0.618
 410500         ,      32.657,       1.750,       6.618,       0.712
 411000         ,      31.753,       2.365,       6.395,       0.353
 411500         ,      21.181,       7.687,       0.595,       5.927
 412000         ,      32.803,       2.710,       6.441,       0.296
 412500         ,      33.337,       1.788,       7.277,       0.630
 413000         ,      29.101,       1.689,       6.516,       1.255
 413500         ,      29.599,       1.785,       6.817,       0.747
 414000         ,      21.226,       4.335,       1.753,       3.703
 414500         ,      31.399,       3.401,       5.969,       0.903
 415000         ,      28.577,       3.061,       3.529,       2.006
 415500         ,      27.746,       3.362,       3.955,       1.158
 416000         ,      31.196,       2.666,       6.462,       0.850
 416500         ,      30.777,       1.566,       6.390,       0.930
 417000         ,      33.521,       1.294,       7.137,       0.873
 417500         ,      28.077,       1.757,       5.172,       1.256
 418000         ,      33.770,       2.599,       6.865,       0.445
 418500         ,      26.513,       1.887,       5.151,       1.404
 419000         ,      28.666,       2.419,       3.934,       1.790
 419500         ,      30.081,       2.091,       5.883,       0.656
 420000         ,      29.810,       3.038,       5.220,       0.528
 420500         ,      28.835,       2.386,       5.409,       1.381
 421000         ,      30.330,       2.549,       6.237,       1.110
 421500         ,      30.310,       1.606,       6.808,       1.388
 422000         ,      30.962,       1.372,       6.693,       1.476
 422500         ,      27.644,       3.323,       3.514,       1.413
 423000         ,      32.283,       1.769,       6.965,       0.664
 423500         ,      31.365,       1.965,       5.884,       0.927
 424000         ,      32.645,       1.431,       6.281,       1.098
 424500         ,      32.155,       2.529,       6.287,       0.375
 425000         ,      29.674,       2.365,       5.759,       1.606
 425500         ,      28.821,       2.194,       4.485,       1.193
 426000         ,      33.175,       2.734,       7.579,       0.142
 426500         ,      32.964,       1.484,       7.561,       0.754
 427000         ,      30.437,       1.196,       6.374,       1.006
 427500         ,      25.790,       2.857,       3.692,       1.487
 428000         ,      24.518,       4.178,       2.398,       3.047
 428500         ,      30.855,       1.982,       6.855,       0.533
 429000         ,      27.724,       3.341,       3.301,       1.524
 429500         ,      29.281,       1.378,       5.815,       1.072
 430000         ,      29.158,       2.108,       6.115,       0.942
 430500         ,      33.304,       1.299,       7.254,       0.776
 431000         ,      31.768,       1.556,       7.095,       0.807
 431500         ,      28.276,       3.666,       4.612,       0.904
 432000         ,      32.851,       1.644,       7.633,       0.547
 432500         ,      32.208,       1.694,       6.358,       0.814
 433000         ,      28.531,       0.884,       7.403,       3.791
 433500         ,      28.472,       2.907,       6.619,       0.885
 434000         ,      26.939,       3.642,       3.287,       1.669
 434500         ,      28.321,       1.349,       6.053,       1.184
 435000         ,      23.269,       2.768,       3.295,       2.646
 435500         ,      25.548,       3.048,       5.100,       1.462
 436000         ,      30.570,       2.715,       5.499,       1.282
 436500         ,      26.436,       2.267,       3.828,       1.968
 437000         ,      29.411,       1.632,       6.318,       0.832
 437500         ,      31.335,       2.086,       6.411,       0.433
 438000         ,      32.108,       1.187,       6.867,       1.035
 438500         ,      31.717,       2.270,       6.073,       1.057
 439000         ,      30.359,       1.133,       7.446,       1.649
 439500         ,      31.779,       2.247,       5.874,       0.635
 440000         ,      30.217,       2.302,       5.036,       1.011
 440500         ,      30.186,       0.246,       8.371,       3.118
 441000         ,      33.236,       2.258,       7.482,       0.316
 441500         ,      31.976,       2.372,       6.504,       0.437
 442000         ,      29.686,       2.136,       6.549,       0.686
 442500         ,      31.613,       2.917,       6.380,       0.808
 443000         ,      28.295,       2.649,       4.656,       1.088
 443500         ,      27.729,       1.632,       6.102,       1.316
 444000         ,      31.093,       2.810,       5.554,       1.286
 444500         ,      31.929,       1.753,       5.874,       1.226
 445000         ,      32.497,       2.793,       7.866,       0.679
 445500         ,      29.293,       2.490,       5.153,       0.890
 446000         ,      27.730,       1.514,       4.548,       1.836
 446500         ,      28.209,       2.973,       4.624,       1.112
 447000         ,      32.214,       1.659,       5.910,       1.444
 447500         ,      30.295,       2.482,       5.751,       0.658
 448000         ,      30.512,       1.706,       6.598,       1.349
 448500         ,      30.079,       2.354,       5.403,       0.890
 449000         ,      33.247,       1.713,       6.431,       0.730
 449500         ,      33.166,       1.278,       8.077,       0.742
 450000         ,      30.902,       2.064,       5.850,       0.679
 450500         ,      31.145,       1.742,       6.006,       1.461
 451000         ,      29.183,       1.234,       7.294,       1.655
 451500         ,      33.485,       1.975,       7.249,       0.464
 452000         ,      29.118,       2.219,       4.905,       1.103
 452500         ,      26.165,       2.844,       4.684,       1.389
 453000         ,      33.709,       1.935,       7.194,       0.676
 453500         ,      32.084,       1.592,       7.175,       0.511
 454000         ,      32.659,       2.879,       6.605,       0.415
 454500         ,      32.429,       2.353,       5.703,       0.938
 455000         ,      26.972,       2.438,       3.904,       1.427
 455500         ,      31.935,       1.647,       7.498,       0.739
 456000         ,      30.345,       3.098,       4.476,       0.955
 456500         ,      24.914,       3.292,       2.407,       2.355
 457000         ,      32.389,       2.109,       7.312,       0.462
 457500         ,      31.840,       0.835,       7.177,       1.553
 458000         ,      25.787,       2.134,       4.360,       1.704
 458500         ,      33.297,       1.995,       7.097,       0.537
 459000         ,      29.361,       1.929,       6.850,       0.744
 459500         ,      29.981,       2.173,       5.779,       1.032
 460000         ,      30.345,       1.753,       6.291,       0.708
 460500         ,      33.619,       2.112,       7.554,       0.450
 461000         ,      32.201,       2.339,       6.907,       0.459
 461500         ,      26.521,       2.831,       3.820,       2.207
 462000         ,      31.007,       2.629,       5.494,       1.019
 462500         ,      30.681,       2.783,       4.988,       1.113
 463000         ,      30.207,       2.591,       6.895,       0.519
 463500         ,      31.676,       2.504,       5.951,       0.810
 464000         ,      32.141,       2.261,       7.006,       0.430
 464500         ,      30.800,       1.540,       5.748,       1.209
 465000         ,      30.773,       2.345,       5.029,       1.324
 465500         ,      29.238,       0.282,       8.046,       3.480
 466000         ,      32.416,       2.163,       7.152,       0.425
 466500         ,      30.614,       0.450,       7.782,       3.084
 467000         ,      28.884,       2.064,       5.038,       1.985
 467500         ,      32.748,       1.786,       6.582,       0.654
 468000         ,      33.272,       1.816,       7.615,       0.380
 468500         ,      29.733,       2.100,       5.113,       1.355
 469000         ,      32.148,       2.948,       6.037,       0.432
 469500         ,      32.457,       2.848,       5.817,       0.509
 470000         ,      30.402,       2.993,       6.298,       0.383
 470500         ,      30.768,       3.010,       5.083,       0.722
 471000         ,      29.825,       1.949,       5.008,       1.094
 471500         ,      29.997,       1.983,       5.898,       0.875
 472000         ,      32.246,       1.845,       7.476,       0.814
 472500         ,      31.890,       1.255,       6.771,       0.978
 473000         ,      30.891,       1.834,       7.274,       0.658
 473500         ,      19.869,       7.727,       0.944,       6.927
 474000         ,      30.834,       2.939,       5.525,       1.089
 474500         ,      24.984,       2.953,       3.250,       1.945
 475000         ,      29.906,       2.973,       4.818,       0.966
 475500         ,      30.752,       2.033,       5.451,       0.723
 476000         ,      31.813,       1.776,       6.190,       0.941
 476500         ,      32.704,       1.658,       6.422,       0.856
 477000         ,      30.303,       1.247,       5.740,       1.721
 477500         ,      31.913,       1.934,       6.164,       0.714
 478000         ,      33.402,       1.885,       7.413,       0.547
 478500         ,      32.169,       2.451,       5.991,       0.934
 479000         ,      29.313,       1.846,       6.078,       0.901
 479500         ,      29.938,       2.276,       6.247,       0.607
 480000         ,      32.048,       2.204,       6.008,       0.592
 480500         ,      33.902,       1.360,       7.253,       1.056
 481000         ,      33.418,       1.741,       7.517,       0.483
 481500         ,      32.475,       1.637,       7.053,       0.774
 482000         ,      32.276,       1.777,       6.994,       0.681
 482500         ,      32.049,       1.913,       6.908,       0.571
 483000         ,      33.708,       2.135,       6.498,       0.648
 483500         ,      28.600,       2.879,       4.308,       1.468
 484000         ,      26.857,       2.360,       4.084,       1.784
 484500         ,      30.745,       2.954,       6.075,       0.858
 485000         ,      31.395,       2.181,       6.149,       0.421
 485500         ,      25.791,       3.721,       2.915,       2.106
 486000         ,      18.682,       8.100,       0.372,       6.657
 486500         ,      19.170,       7.889,       0.322,       6.829
 487000         ,      28.776,       0.715,       7.774,       2.421
 487500         ,      30.544,       2.809,       5.521,       0.795
 488000         ,      32.085,       2.611,       5.427,       1.048
 488500         ,      21.466,       6.360,       1.119,       5.586
 489000         ,      31.733,       0.584,       7.341,       2.181
 489500         ,      29.206,       0.981,       7.285,       1.896
 490000         ,      31.452,       2.288,       5.939,       0.492
 490500         ,      32.260,       2.003,       6.232,       0.920
 491000         ,      29.238,       2.497,       6.616,       1.110
 491500         ,      28.772,       2.743,       4.283,       1.393
 492000         ,      32.183,       2.482,       6.013,       0.600
 492500         ,      28.556,       3.160,       4.296,       0.934
 493000         ,      29.189,       3.075,       5.657,       0.795
 493500         ,      32.847,       1.336,       7.194,       0.923
 494000         ,      27.399,       2.271,       4.795,       1.105
 494500         ,      30.552,       2.043,       6.682,       0.567
 495000         ,      26.637,       0.907,       6.879,       3.513
 495500         ,      22.565,       3.847,       2.873,       2.728
 496000         ,      28.510,       2.128,       6.019,       0.989
 496500         ,      29.719,       1.756,       5.631,       0.810
 497000         ,      31.106,       2.142,       6.786,       0.768
 497500         ,      30.630,       2.077,       6.687,       0.907
 498000         ,      31.328,       1.971,       6.359,       0.647
 498500         ,      32.483,       1.423,       7.195,       0.868
 499000         ,      17.778,       8.859,       0.310,       7.417
 499500         ,      18.246,       8.394,       0.336,       7.232
 500000         ,      17.985,       9.881,       0.494,       7.965
