--------------------------------------------------------------------------------
S H A P E   v2.1         Continuous Shape Measures calculation
(c) 2013  Electronic Structure Group, Universitat de Barcelona
                   Contact:  llunell@ub.edu                   
--------------------------------------------------------------------------------

coordination ZF1 

SP-4            1 D4h   Square                                             
T-4             2 Td    Tetrahedron                                        
SS-4            3 C2v   Seesaw                                             
vTBPY-4         4 C3v   Vacant trigonal bipyramid                          

Structure [ML4 ]         SP-4          T-4         SS-4      vTBPY-4
 0              ,      29.793,       0.552,       8.427,       2.844
 1000           ,      29.740,       0.700,       6.189,       2.269
 2000           ,      32.095,       0.391,       7.647,       1.884
 3000           ,      31.514,       0.242,       8.494,       2.834
 4000           ,      29.706,       0.957,       5.631,       2.371
 5000           ,      33.312,       0.502,       7.730,       2.448
 6000           ,      30.559,       0.702,       7.385,       2.525
 7000           ,      31.718,       0.087,       8.887,       3.404
 8000           ,      31.758,       0.667,       8.388,       1.766
 9000           ,      30.974,       0.346,       8.484,       2.398
 10000          ,      27.505,       0.899,       6.302,       2.881
 11000          ,      26.684,       0.968,       5.795,       2.708
 12000          ,      30.967,       0.612,       7.198,       2.054
 13000          ,      25.103,       1.320,       5.995,       3.383
 14000          ,      31.825,       0.683,       7.674,       2.114
 15000          ,      30.945,       0.351,       8.667,       2.886
 16000          ,      30.169,       0.487,       7.797,       3.340
 17000          ,      33.053,       0.820,       7.178,       1.377
 18000          ,      29.262,       0.734,       6.373,       2.932
 19000          ,      28.419,       0.940,       6.406,       3.325
 20000          ,      28.353,       1.288,       7.302,       1.906
 21000          ,      32.216,       0.445,       8.409,       1.958
 22000          ,      26.546,       0.783,       6.532,       3.758
 23000          ,      30.512,       0.543,       8.563,       2.320
 24000          ,      31.133,       0.324,       8.308,       2.748
 25000          ,      30.713,       0.630,       7.734,       1.690
 26000          ,      29.449,       1.672,       6.602,       0.883
 27000          ,      28.079,       0.709,       7.179,       3.196
 28000          ,      32.974,       0.164,       8.948,       2.696
 29000          ,      26.985,       0.798,       6.490,       3.004
 30000          ,      29.206,       1.079,       7.177,       2.849
 31000          ,      29.866,       0.834,       5.851,       2.121
 32000          ,      31.459,       0.617,       7.729,       1.679
 33000          ,      32.654,       0.798,       8.001,       1.542
 34000          ,      29.874,       0.847,       6.844,       2.331
 35000          ,      31.025,       0.244,       8.561,       3.083
 36000          ,      31.034,       0.148,       8.619,       2.948
 37000          ,      30.916,       1.050,       7.818,       1.277
 38000          ,      31.818,       0.269,       8.383,       3.007
 39000          ,      29.942,       0.635,       8.087,       2.189
 40000          ,      29.926,       0.777,       5.882,       2.770
 41000          ,      32.533,       0.323,       7.975,       2.228
 42000          ,      30.040,       0.459,       8.426,       3.324
 43000          ,      32.289,       0.090,       9.340,       3.026
 44000          ,      31.510,       0.260,       7.841,       2.639
 45000          ,      32.018,       0.259,       9.027,       2.624
 46000          ,      32.685,       0.252,       9.004,       2.756
 47000          ,      29.889,       0.273,       8.230,       3.061
 48000          ,      31.858,       0.184,       8.386,       2.690
 49000          ,      31.840,       0.455,       7.449,       2.128
 50000          ,      32.618,       0.191,       8.966,       2.353
 51000          ,      29.115,       0.797,       7.124,       2.008
 52000          ,      30.574,       0.334,       8.327,       3.249
 53000          ,      31.590,       0.683,       7.812,       1.994
 54000          ,      31.733,       0.450,       7.359,       2.673
 55000          ,      25.187,       1.410,       6.725,       2.467
 56000          ,      28.456,       1.021,       5.011,       2.636
 57000          ,      30.407,       0.711,       7.983,       1.879
 58000          ,      32.445,       0.328,       8.043,       1.976
 59000          ,      25.929,       1.286,       5.175,       3.281
 60000          ,      32.472,       0.149,       8.936,       2.848
 61000          ,      29.934,       0.381,       7.505,       2.669
 62000          ,      31.452,       0.225,       8.415,       3.288
 63000          ,      32.846,       0.286,       8.786,       2.536
 64000          ,      32.091,       0.195,       8.841,       3.379
 65000          ,      29.688,       0.833,       6.645,       2.055
 66000          ,      28.820,       0.342,       7.667,       3.286
 67000          ,      31.292,       0.279,       8.298,       2.857
 68000          ,      25.830,       0.963,       7.103,       3.774
 69000          ,      28.304,       1.051,       6.440,       1.962
 70000          ,      29.583,       0.517,       7.239,       2.080
 71000          ,      32.354,       0.191,       8.889,       2.786
 72000          ,      29.252,       0.740,       7.868,       2.536
 73000          ,      31.236,       0.517,       8.066,       2.223
 74000          ,      31.570,       0.854,       7.381,       1.787
 75000          ,      27.581,       1.060,       5.510,       2.463
 76000          ,      33.439,       0.593,       8.145,       1.687
 77000          ,      31.254,       0.493,       8.128,       1.994
 78000          ,      29.895,       1.498,       6.720,       1.776
 79000          ,      28.549,       0.796,       7.373,       3.166
 80000          ,      29.111,       0.371,       6.709,       3.011
 81000          ,      32.154,       0.345,       9.100,       2.391
 82000          ,      31.858,       0.083,       8.734,       3.092
 83000          ,      32.215,       0.329,       8.088,       2.700
 84000          ,      28.342,       0.825,       7.793,       2.407
 85000          ,      28.935,       0.950,       5.522,       2.434
 86000          ,      32.277,       0.595,       8.047,       2.595
 87000          ,      30.517,       0.403,       8.534,       2.834
 88000          ,      28.219,       1.165,       7.908,       2.835
 89000          ,      29.859,       0.674,       8.031,       2.427
 90000          ,      31.629,       0.161,       9.151,       3.645
 91000          ,      32.250,       0.702,       8.394,       2.063
 92000          ,      31.394,       0.446,       7.857,       1.884
 93000          ,      28.813,       0.513,       6.341,       2.936
 94000          ,      29.071,       0.823,       6.750,       1.932
 95000          ,      32.119,       0.542,       8.564,       1.773
 96000          ,      29.589,       0.734,       7.836,       2.496
 97000          ,      28.325,       0.891,       5.764,       2.164
 98000          ,      32.256,       0.164,       8.924,       3.225
 99000          ,      30.890,       0.940,       6.936,       1.233
 100000         ,      32.595,       0.384,       8.280,       1.811
 101000         ,      32.892,       0.382,       8.075,       2.729
 102000         ,      31.594,       0.333,       8.760,       2.776
 103000         ,      31.217,       1.033,       6.624,       2.249
 104000         ,      25.786,       1.134,       7.185,       3.004
 105000         ,      29.894,       0.503,       8.385,       2.453
 106000         ,      32.347,       0.781,       7.875,       1.671
 107000         ,      30.438,       0.261,       7.920,       3.227
 108000         ,      26.968,       1.597,       6.285,       3.130
 109000         ,      30.897,       0.331,       7.549,       2.782
 110000         ,      29.327,       0.503,       7.029,       2.293
 111000         ,      27.397,       0.977,       6.618,       2.847
 112000         ,      28.669,       0.563,       7.771,       3.063
 113000         ,      25.425,       1.152,       6.256,       3.581
 114000         ,      31.095,       0.441,       7.338,       2.550
 115000         ,      27.571,       0.880,       7.879,       2.620
 116000         ,      29.580,       0.578,       7.364,       3.466
 117000         ,      31.086,       0.916,       7.875,       1.487
 118000         ,      32.413,       0.381,       8.329,       2.551
 119000         ,      30.952,       0.264,       8.562,       3.197
 120000         ,      31.753,       0.413,       8.601,       2.529
 121000         ,      28.928,       0.590,       8.272,       2.635
 122000         ,      31.064,       0.272,       7.671,       2.613
 123000         ,      31.609,       0.657,       7.518,       1.817
 124000         ,      29.498,       0.673,       7.145,       2.610
 125000         ,      30.821,       0.519,       7.220,       2.617
 126000         ,      31.368,       0.233,       7.770,       3.054
 127000         ,      31.372,       0.777,       8.092,       1.569
 128000         ,      31.960,       0.277,       8.391,       2.482
 129000         ,      28.572,       0.406,       7.736,       2.884
 130000         ,      31.457,       0.549,       8.926,       2.846
 131000         ,      28.236,       0.389,       7.290,       3.055
 132000         ,      30.047,       0.680,       8.133,       2.207
 133000         ,      29.240,       0.294,       7.772,       3.478
 134000         ,      30.881,       1.023,       7.460,       1.394
 135000         ,      30.075,       0.279,       8.432,       3.219
 136000         ,      29.211,       0.736,       7.355,       3.044
 137000         ,      32.373,       0.349,       8.018,       2.212
 138000         ,      31.661,       0.229,       7.702,       2.860
 139000         ,      27.467,       0.624,       6.178,       2.777
 140000         ,      31.302,       0.428,       8.432,       2.170
 141000         ,      31.850,       0.349,       7.879,       2.293
 142000         ,      30.604,       0.350,       8.033,       2.344
 143000         ,      26.428,       1.177,       5.318,       2.433
 144000         ,      31.189,       0.399,       8.137,       2.222
 145000         ,      26.652,       1.138,       6.779,       3.037
 146000         ,      27.613,       1.277,       7.242,       1.723
 147000         ,      31.426,       0.223,       8.991,       2.864
 148000         ,      30.005,       0.232,       8.185,       3.291
 149000         ,      31.398,       0.523,       7.588,       3.083
 150000         ,      31.629,       0.533,       7.808,       1.687
 151000         ,      30.691,       0.401,       8.196,       2.199
 152000         ,      31.089,       0.252,       7.499,       2.687
 153000         ,      29.475,       0.727,       7.374,       2.071
 154000         ,      29.949,       1.154,       7.274,       2.767
 155000         ,      29.652,       0.570,       8.408,       2.746
 156000         ,      32.439,       0.632,       7.406,       1.932
 157000         ,      32.601,       0.507,       7.485,       2.033
 158000         ,      31.325,       0.568,       6.962,       1.850
 159000         ,      27.993,       0.675,       7.720,       2.558
 160000         ,      28.026,       0.866,       5.908,       3.040
 161000         ,      32.176,       0.162,       8.691,       2.708
 162000         ,      27.255,       0.682,       7.219,       3.315
 163000         ,      30.891,       0.680,       6.849,       1.902
 164000         ,      30.995,       0.505,       7.925,       2.756
 165000         ,      31.323,       0.207,       8.092,       2.757
 166000         ,      29.419,       0.658,       7.620,       2.450
 167000         ,      31.134,       0.729,       7.606,       2.275
 168000         ,      29.316,       1.058,       6.602,       1.870
 169000         ,      27.842,       0.818,       6.425,       2.374
 170000         ,      32.670,       0.559,       8.583,       1.690
 171000         ,      32.706,       0.111,       9.230,       3.291
 172000         ,      25.872,       1.066,       6.420,       3.696
 173000         ,      29.634,       0.360,       7.493,       2.952
 174000         ,      30.898,       0.115,       8.754,       3.358
 175000         ,      30.872,       0.449,       7.811,       2.442
 176000         ,      31.695,       0.511,       7.908,       2.554
 177000         ,      31.604,       0.173,       8.793,       3.090
 178000         ,      28.137,       0.508,       7.169,       3.225
 179000         ,      28.892,       0.908,       7.574,       2.545
 180000         ,      29.900,       1.296,       6.378,       1.249
 181000         ,      30.398,       0.727,       8.307,       2.326
 182000         ,      29.707,       0.979,       7.750,       2.155
 183000         ,      30.857,       0.699,       6.588,       2.226
 184000         ,      28.253,       0.902,       6.218,       2.209
 185000         ,      29.919,       0.749,       6.315,       1.631
 186000         ,      32.289,       0.579,       7.281,       2.247
 187000         ,      30.317,       0.702,       8.061,       2.241
 188000         ,      29.881,       0.623,       8.189,       2.838
 189000         ,      32.056,       0.476,       7.648,       1.967
 190000         ,      32.068,       0.149,       8.935,       3.558
 191000         ,      29.630,       0.405,       8.180,       3.464
 192000         ,      27.341,       0.960,       5.846,       2.378
 193000         ,      30.859,       0.272,       7.605,       2.631
 194000         ,      29.838,       0.561,       8.288,       2.449
 195000         ,      32.214,       0.169,       9.402,       3.142
 196000         ,      24.964,       1.163,       5.399,       3.720
 197000         ,      29.282,       0.280,       7.984,       3.636
 198000         ,      29.740,       0.452,       8.167,       2.911
 199000         ,      28.228,       0.674,       7.731,       2.492
 200000         ,      29.458,       0.436,       7.806,       3.084
 201000         ,      28.993,       1.023,       7.211,       1.841
 202000         ,      29.700,       0.689,       7.750,       2.889
 203000         ,      30.724,       0.701,       7.116,       2.197
 204000         ,      29.347,       0.793,       8.325,       2.510
 205000         ,      30.387,       0.648,       8.852,       2.577
 206000         ,      32.443,       0.366,       8.187,       2.913
 207000         ,      29.349,       0.626,       6.553,       2.282
 208000         ,      29.152,       0.729,       6.149,       2.288
 209000         ,      30.413,       0.223,       8.496,       3.034
 210000         ,      30.729,       0.942,       8.293,       1.704
 211000         ,      33.115,       1.076,       6.914,       1.423
 212000         ,      27.918,       0.935,       6.771,       2.731
 213000         ,      31.284,       0.119,       8.791,       3.513
 214000         ,      31.849,       0.321,       8.272,       2.540
 215000         ,      30.756,       0.234,       8.086,       3.084
 216000         ,      26.734,       0.612,       7.275,       3.637
 217000         ,      31.198,       0.725,       6.952,       2.320
 218000         ,      27.259,       0.668,       7.461,       2.961
 219000         ,      28.508,       0.660,       7.088,       2.460
 220000         ,      31.674,       0.510,       8.161,       2.353
 221000         ,      31.052,       0.484,       8.554,       2.924
 222000         ,      31.598,       0.673,       8.187,       2.120
 223000         ,      29.555,       0.509,       8.189,       2.867
 224000         ,      33.189,       0.171,       8.846,       2.517
 225000         ,      32.452,       0.846,       8.178,       1.458
 226000         ,      31.502,       0.996,       6.230,       1.559
 227000         ,      32.226,       0.349,       8.852,       2.374
 228000         ,      27.147,       0.771,       6.583,       3.143
 229000         ,      30.319,       0.349,       7.502,       2.849
 230000         ,      33.004,       0.291,       8.119,       2.564
 231000         ,      27.359,       0.891,       7.573,       2.564
 232000         ,      29.868,       0.688,       7.043,       2.215
 233000         ,      30.405,       0.606,       7.851,       2.873
 234000         ,      28.836,       0.738,       8.161,       3.171
 235000         ,      27.507,       0.883,       7.181,       3.816
 236000         ,      27.514,       0.649,       7.340,       3.245
 237000         ,      30.278,       0.394,       8.453,       2.676
 238000         ,      29.697,       0.414,       7.927,       2.847
 239000         ,      26.436,       0.925,       6.502,       2.809
 240000         ,      22.552,       2.132,       5.806,       4.110
 241000         ,      30.270,       0.294,       8.046,       2.646
 242000         ,      31.542,       0.522,       8.090,       2.735
 243000         ,      30.134,       1.210,       8.120,       1.332
 244000         ,      29.492,       0.593,       8.373,       2.468
 245000         ,      30.003,       0.985,       7.553,       3.388
 246000         ,      32.015,       0.399,       8.090,       2.787
 247000         ,      30.443,       0.563,       8.085,       3.580
 248000         ,      30.933,       0.460,       8.151,       2.446
 249000         ,      31.323,       0.619,       6.794,       2.455
 250000         ,      31.681,       0.218,       8.488,       2.980
 251000         ,      30.228,       0.433,       8.647,       2.525
 252000         ,      31.249,       0.497,       7.918,       2.308
 253000         ,      27.851,       1.012,       5.869,       2.162
 254000         ,      27.496,       0.708,       7.376,       3.141
 255000         ,      31.157,       0.383,       8.533,       2.901
 256000         ,      32.531,       0.101,       9.318,       3.156
 257000         ,      28.529,       0.420,       7.742,       3.032
 258000         ,      23.969,       1.462,       5.028,       3.096
 259000         ,      28.953,       0.634,       6.137,       2.970
 260000         ,      29.623,       0.749,       7.285,       2.047
 261000         ,      26.500,       1.462,       5.061,       2.370
 262000         ,      32.316,       0.426,       7.844,       2.568
 263000         ,      31.441,       0.307,       8.095,       2.633
 264000         ,      30.198,       0.520,       8.190,       3.373
 265000         ,      27.332,       0.951,       5.533,       2.234
 266000         ,      31.970,       0.361,       8.265,       2.655
 267000         ,      31.758,       0.183,       9.152,       3.134
 268000         ,      29.810,       0.524,       6.394,       2.920
 269000         ,      25.287,       1.380,       5.750,       2.950
 270000         ,      28.113,       1.014,       6.018,       1.986
 271000         ,      32.767,       1.000,       7.059,       2.816
 272000         ,      24.485,       1.152,       6.464,       4.126
 273000         ,      29.905,       0.397,       8.012,       3.179
 274000         ,      28.748,       0.592,       7.301,       3.310
 275000         ,      29.729,       0.327,       8.297,       3.115
 276000         ,      32.160,       0.345,       7.434,       2.543
 277000         ,      31.610,       0.298,       8.228,       2.692
 278000         ,      31.831,       0.615,       6.768,       2.221
 279000         ,      31.663,       0.386,       7.877,       2.337
 280000         ,      28.858,       0.642,       7.538,       2.812
 281000         ,      33.105,       0.171,       9.095,       2.921
 282000         ,      31.335,       0.439,       8.402,       2.023
 283000         ,      30.179,       0.528,       7.682,       2.806
 284000         ,      31.908,       0.278,       8.835,       2.690
 285000         ,      32.710,       0.359,       8.615,       2.481
 286000         ,      32.340,       0.618,       7.214,       1.979
 287000         ,      32.103,       0.170,       8.951,       2.774
 288000         ,      31.005,       0.339,       7.178,       2.871
 289000         ,      30.084,       0.281,       8.418,       3.078
 290000         ,      29.987,       0.756,       8.690,       3.456
 291000         ,      28.579,       0.596,       7.615,       2.827
 292000         ,      30.686,       0.852,       7.826,       2.318
 293000         ,      30.120,       0.442,       8.413,       2.955
 294000         ,      25.046,       1.034,       6.140,       3.214
 295000         ,      31.447,       0.389,       8.168,       1.938
 296000         ,      32.116,       0.280,       8.146,       2.422
 297000         ,      32.023,       0.661,       7.557,       1.725
 298000         ,      30.503,       0.370,       7.581,       3.103
 299000         ,      28.056,       0.715,       6.828,       2.577
 300000         ,      29.278,       1.223,       7.634,       2.281
 301000         ,      31.138,       1.357,       7.906,       1.009
 302000         ,      29.885,       0.490,       7.015,       2.562
 303000         ,      28.950,       0.680,       6.117,       2.638
 304000         ,      32.451,       0.296,       8.414,       2.040
 305000         ,      31.137,       0.310,       8.526,       2.870
 306000         ,      29.631,       0.354,       8.331,       2.905
 307000         ,      29.666,       0.379,       7.154,       2.922
 308000         ,      31.699,       0.808,       7.250,       1.886
 309000         ,      29.926,       0.592,       6.262,       2.827
 310000         ,      32.245,       0.238,       9.288,       3.007
 311000         ,      29.324,       1.017,       5.652,       2.235
 312000         ,      28.567,       0.839,       6.826,       1.917
 313000         ,      32.572,       1.119,       7.833,       1.288
 314000         ,      30.945,       0.190,       8.000,       3.262
 315000         ,      23.127,       1.739,       5.806,       3.917
 316000         ,      31.995,       1.071,       7.116,       1.106
 317000         ,      27.978,       0.742,       6.646,       2.259
 318000         ,      28.969,       0.640,       6.238,       2.283
 319000         ,      31.981,       0.335,       8.271,       2.187
 320000         ,      31.225,       0.374,       9.073,       2.626
 321000         ,      30.918,       0.322,       8.427,       3.197
 322000         ,      32.141,       0.142,       9.014,       2.749
 323000         ,      29.873,       0.623,       7.437,       2.131
 324000         ,      32.260,       0.281,       7.940,       2.707
 325000         ,      30.543,       0.379,       7.470,       2.348
 326000         ,      30.868,       0.505,       7.767,       2.561
 327000         ,      28.005,       0.531,       7.135,       3.064
 328000         ,      25.218,       1.195,       6.748,       3.432
 329000         ,      27.008,       0.620,       6.876,       3.698
 330000         ,      27.106,       0.901,       6.661,       2.721
 331000         ,      30.172,       0.323,       8.168,       3.354
 332000         ,      29.210,       0.521,       7.559,       3.260
 333000         ,      32.508,       0.942,       7.607,       1.189
 334000         ,      28.840,       0.593,       7.189,       3.249
 335000         ,      31.430,       0.410,       8.826,       2.259
 336000         ,      30.446,       0.231,       7.903,       3.129
 337000         ,      30.958,       0.477,       8.457,       3.000
 338000         ,      28.336,       1.303,       5.847,       2.750
 339000         ,      27.438,       0.650,       7.441,       3.284
 340000         ,      29.237,       0.532,       6.760,       2.262
 341000         ,      31.817,       0.559,       6.926,       1.964
 342000         ,      31.180,       0.418,       7.757,       3.022
 343000         ,      30.653,       0.393,       8.454,       2.815
 344000         ,      29.455,       0.486,       7.954,       2.694
 345000         ,      27.017,       0.823,       7.008,       2.609
 346000         ,      32.444,       0.535,       8.547,       1.785
 347000         ,      31.705,       0.195,       8.745,       2.852
 348000         ,      27.641,       0.875,       5.974,       2.229
 349000         ,      24.765,       1.409,       5.055,       3.018
 350000         ,      32.765,       0.138,       9.087,       3.174
 351000         ,      29.456,       0.415,       8.236,       2.673
 352000         ,      29.817,       0.812,       7.382,       1.647
 353000         ,      27.551,       0.808,       7.488,       3.060
 354000         ,      29.138,       0.839,       7.384,       1.784
 355000         ,      27.395,       0.993,       6.863,       2.943
 356000         ,      31.012,       0.176,       8.311,       2.702
 357000         ,      28.670,       0.602,       6.468,       2.353
 358000         ,      31.549,       0.219,       8.768,       2.696
 359000         ,      32.107,       0.408,       8.290,       1.883
 360000         ,      31.257,       0.948,       7.936,       1.393
 361000         ,      29.982,       0.286,       8.464,       2.794
 362000         ,      28.333,       0.723,       6.988,       2.602
 363000         ,      30.385,       0.387,       8.372,       2.890
 364000         ,      25.292,       1.334,       5.484,       3.581
 365000         ,      31.738,       0.721,       7.466,       1.674
 366000         ,      31.897,       0.764,       6.904,       1.517
 367000         ,      32.870,       0.700,       7.125,       1.809
 368000         ,      26.551,       1.014,       6.374,       2.884
 369000         ,      31.170,       0.418,       8.564,       3.143
 370000         ,      31.790,       0.925,       7.649,       1.160
 371000         ,      31.476,       0.515,       8.491,       2.658
 372000         ,      30.146,       0.467,       8.496,       3.213
 373000         ,      30.132,       0.834,       8.043,       2.004
 374000         ,      33.038,       0.276,       8.159,       2.945
 375000         ,      32.933,       0.611,       8.526,       1.569
 376000         ,      28.386,       0.653,       6.784,       2.304
 377000         ,      24.197,       1.553,       6.684,       3.993
 378000         ,      29.387,       0.469,       7.570,       2.706
 379000         ,      31.509,       0.207,       8.740,       3.183
 380000         ,      31.498,       0.410,       8.445,       2.459
 381000         ,      30.979,       0.524,       8.529,       1.938
 382000         ,      30.240,       0.468,       8.526,       2.261
 383000         ,      27.508,       0.636,       7.502,       3.455
 384000         ,      26.098,       1.068,       6.202,       3.124
 385000         ,      31.542,       0.468,       7.813,       2.591
 386000         ,      28.105,       0.956,       5.739,       2.812
 387000         ,      27.975,       0.575,       7.117,       2.665
 388000         ,      31.174,       0.384,       8.833,       2.989
 389000         ,      26.555,       0.655,       6.400,       3.389
 390000         ,      32.600,       0.245,       8.635,       2.414
 391000         ,      27.771,       0.605,       6.726,       3.249
 392000         ,      30.146,       0.245,       8.070,       3.308
 393000         ,      31.780,       0.346,       8.637,       2.295
 394000         ,      28.523,       0.938,       7.800,       3.190
 395000         ,      29.604,       0.408,       6.812,       2.898
 396000         ,      29.508,       1.056,       6.217,       1.662
 397000         ,      30.442,       0.347,       8.233,       2.887
 398000         ,      29.970,       0.751,       8.018,       3.738
 399000         ,      30.750,       1.013,       7.245,       1.436
 400000         ,      28.020,       0.759,       6.508,       2.360
 401000         ,      30.875,       0.773,       7.200,       2.303
 402000         ,      30.616,       0.660,       7.731,       1.847
 403000         ,      31.981,       0.233,       8.794,       2.650
 404000         ,      32.336,       0.499,       7.870,       1.905
 405000         ,      31.789,       0.274,       8.693,       2.948
 406000         ,      27.771,       0.529,       7.204,       3.603
 407000         ,      29.388,       1.063,       8.343,       2.026
 408000         ,      29.923,       0.323,       7.629,       2.969
 409000         ,      30.819,       0.388,       7.740,       2.900
 410000         ,      29.799,       0.330,       8.326,       3.163
 411000         ,      30.518,       0.476,       7.180,       2.264
 412000         ,      30.985,       0.238,       8.445,       3.173
 413000         ,      28.827,       0.544,       7.772,       3.341
 414000         ,      31.777,       0.286,       8.928,       2.690
 415000         ,      28.548,       1.104,       6.173,       2.525
 416000         ,      31.053,       0.968,       7.343,       1.695
 417000         ,      32.484,       0.263,       7.990,       2.904
 418000         ,      28.554,       0.644,       7.213,       2.313
 419000         ,      29.947,       0.916,       7.552,       2.351
 420000         ,      29.053,       0.337,       7.870,       3.302
 421000         ,      30.075,       0.775,       8.053,       2.593
 422000         ,      30.848,       0.163,       8.756,       3.419
 423000         ,      30.284,       0.392,       8.695,       2.969
 424000         ,      29.069,       0.380,       7.262,       3.147
 425000         ,      32.984,       0.129,       9.352,       3.085
 426000         ,      29.169,       0.773,       6.440,       2.268
 427000         ,      31.086,       0.201,       8.937,       3.331
 428000         ,      28.001,       0.887,       6.863,       2.121
 429000         ,      32.715,       0.568,       8.169,       1.839
 430000         ,      31.748,       0.867,       7.905,       1.726
 431000         ,      31.794,       0.120,       8.715,       3.355
 432000         ,      32.123,       0.258,       8.189,       2.605
 433000         ,      28.111,       0.537,       7.205,       3.335
 434000         ,      30.284,       0.399,       8.568,       2.763
 435000         ,      32.708,       0.127,       8.528,       3.124
 436000         ,      32.711,       0.557,       8.381,       1.797
 437000         ,      31.862,       0.317,       7.858,       3.069
 438000         ,      25.922,       1.226,       5.137,       3.303
 439000         ,      29.871,       0.581,       7.172,       2.535
 440000         ,      31.643,       0.369,       7.525,       2.763
 441000         ,      30.920,       0.506,       7.871,       2.259
 442000         ,      30.179,       0.482,       7.374,       2.896
 443000         ,      30.721,       0.361,       8.715,       2.670
 444000         ,      30.252,       0.347,       7.806,       2.829
 445000         ,      29.493,       0.918,       7.502,       1.622
 446000         ,      30.169,       0.475,       6.799,       2.188
 447000         ,      32.674,       0.173,       8.941,       2.908
 448000         ,      30.119,       0.434,       8.614,       2.430
 449000         ,      30.701,       0.357,       8.527,       2.478
 450000         ,      31.595,       0.272,       7.964,       2.729
 451000         ,      29.447,       0.293,       8.228,       3.785
 452000         ,      29.812,       1.089,       8.279,       1.747
 453000         ,      31.901,       0.528,       8.962,       2.312
 454000         ,      31.217,       1.435,       6.140,       1.095
 455000         ,      30.113,       0.239,       7.964,       2.983
 456000         ,      30.485,       0.243,       8.515,       3.113
 457000         ,      31.179,       0.807,       8.071,       2.070
 458000         ,      30.504,       0.462,       8.019,       2.831
 459000         ,      33.392,       0.662,       7.682,       1.651
 460000         ,      24.051,       1.209,       5.705,       4.190
 461000         ,      31.036,       0.784,       8.846,       1.996
 462000         ,      29.596,       0.384,       8.387,       3.202
 463000         ,      24.943,       1.240,       5.042,       3.729
 464000         ,      26.430,       1.096,       6.925,       3.617
 465000         ,      30.429,       0.341,       7.575,       2.795
 466000         ,      31.525,       0.380,       7.903,       2.491
 467000         ,      31.594,       1.472,       6.451,       1.243
 468000         ,      29.525,       0.609,       7.098,       2.007
 469000         ,      31.685,       0.202,       8.135,       2.814
 470000         ,      31.523,       0.471,       8.781,       2.219
 471000         ,      29.223,       1.080,       6.719,       3.513
 472000         ,      32.623,       0.370,       8.712,       2.198
 473000         ,      31.190,       0.532,       7.801,       1.895
 474000         ,      30.420,       0.347,       8.086,       2.332
 475000         ,      28.210,       0.420,       7.277,       3.401
 476000         ,      29.220,       0.583,       7.659,       2.579
 477000         ,      30.411,       0.453,       7.290,       2.288
 478000         ,      26.944,       0.669,       6.417,       3.459
 479000         ,      25.554,       1.344,       5.053,       3.055
 480000         ,      30.890,       0.290,       8.551,       2.530
 481000         ,      30.209,       0.309,       7.569,       2.685
 482000         ,      29.672,       0.743,       6.985,       3.175
 483000         ,      31.543,       0.305,       8.722,       2.766
 484000         ,      31.999,       0.572,       8.109,       2.148
 485000         ,      28.943,       0.630,       7.233,       2.127
 486000         ,      29.904,       0.346,       7.729,       3.293
 487000         ,      31.329,       0.634,       7.375,       2.261
 488000         ,      29.795,       0.867,       7.003,       1.500
 489000         ,      32.213,       0.199,       7.985,       2.915
 490000         ,      24.020,       1.478,       5.926,       3.689
 491000         ,      28.883,       0.787,       7.059,       2.689
 492000         ,      31.028,       0.345,       7.346,       2.617
 493000         ,      26.344,       0.711,       7.256,       3.383
 494000         ,      30.685,       0.621,       7.868,       2.923
 495000         ,      32.002,       0.175,       9.063,       3.084
 496000         ,      27.089,       0.818,       5.697,       3.229
 497000         ,      31.767,       0.496,       8.142,       2.031
 498000         ,      31.626,       0.767,       7.687,       1.414
 499000         ,      30.120,       0.419,       8.461,       2.868
 500000         ,      26.270,       0.906,       6.668,       3.079
 501000         ,      25.328,       1.273,       4.534,       3.428
 502000         ,      33.214,       0.341,       8.029,       2.627
 503000         ,      30.614,       0.233,       8.714,       3.022
 504000         ,      29.243,       0.740,       8.226,       3.086
 505000         ,      29.975,       0.363,       8.189,       2.637
 506000         ,      30.733,       0.688,       7.059,       2.141
 507000         ,      28.841,       0.628,       8.254,       3.195
 508000         ,      30.039,       0.574,       7.004,       2.722
 509000         ,      32.104,       0.275,       8.660,       2.415
 510000         ,      27.755,       0.877,       7.035,       3.235
 511000         ,      28.643,       0.581,       6.756,       2.418
 512000         ,      30.324,       0.660,       8.374,       2.233
 513000         ,      27.912,       0.490,       7.561,       3.473
 514000         ,      28.175,       0.935,       8.020,       3.177
 515000         ,      30.245,       0.293,       7.573,       2.980
 516000         ,      27.780,       0.590,       7.573,       3.375
 517000         ,      32.135,       0.486,       7.224,       2.159
 518000         ,      31.782,       0.410,       8.290,       1.887
 519000         ,      27.490,       0.606,       7.130,       3.658
 520000         ,      30.485,       0.435,       8.172,       2.976
 521000         ,      28.787,       0.554,       7.436,       3.321
 522000         ,      27.168,       1.156,       6.451,       1.922
 523000         ,      30.051,       0.834,       7.957,       2.611
 524000         ,      30.998,       0.341,       8.007,       2.857
 525000         ,      31.784,       0.513,       7.378,       2.725
 526000         ,      28.561,       0.812,       7.225,       3.039
 527000         ,      30.945,       0.780,       7.659,       1.517
 528000         ,      29.866,       0.312,       8.452,       3.225
 529000         ,      27.747,       1.036,       6.755,       1.849
 530000         ,      24.933,       1.171,       5.566,       3.865
 531000         ,      27.108,       0.970,       7.492,       3.086
 532000         ,      29.446,       0.650,       6.874,       2.191
 533000         ,      28.308,       0.627,       6.615,       2.627
 534000         ,      31.201,       0.221,       8.648,       2.830
 535000         ,      32.144,       0.252,       9.092,       2.534
 536000         ,      32.504,       0.508,       8.836,       2.599
 537000         ,      30.091,       0.787,       7.486,       3.122
 538000         ,      32.305,       0.469,       6.999,       2.425
 539000         ,      28.809,       0.441,       7.447,       2.794
 540000         ,      29.409,       0.780,       7.831,       2.903
 541000         ,      32.223,       0.289,       7.775,       2.707
 542000         ,      31.070,       1.083,       6.452,       1.545
 543000         ,      30.064,       0.183,       8.482,       3.368
 544000         ,      29.611,       0.452,       8.411,       2.781
 545000         ,      29.686,       0.800,       5.902,       2.730
 546000         ,      27.301,       0.599,       7.464,       3.570
 547000         ,      27.228,       0.805,       7.538,       2.746
 548000         ,      31.321,       0.262,       7.923,       2.553
 549000         ,      30.110,       0.477,       7.754,       2.783
 550000         ,      30.192,       0.197,       8.187,       2.974
 551000         ,      30.487,       0.765,       6.533,       2.165
 552000         ,      31.017,       0.623,       6.932,       2.019
 553000         ,      31.589,       0.225,       8.880,       3.017
 554000         ,      31.473,       0.484,       8.073,       2.269
 555000         ,      31.916,       0.256,       8.401,       2.621
 556000         ,      32.657,       0.277,       8.619,       2.656
 557000         ,      30.816,       0.611,       7.606,       2.291
 558000         ,      29.609,       0.677,       7.054,       3.230
 559000         ,      30.979,       0.255,       8.874,       3.070
 560000         ,      30.478,       0.342,       7.395,       2.846
 561000         ,      30.493,       0.166,       7.986,       3.343
 562000         ,      29.127,       1.335,       5.995,       1.318
 563000         ,      32.507,       0.540,       7.267,       1.942
 564000         ,      32.059,       0.910,       6.190,       2.143
 565000         ,      30.292,       0.196,       8.537,       3.457
 566000         ,      27.522,       0.702,       6.836,       2.719
 567000         ,      30.656,       0.773,       7.785,       1.914
 568000         ,      29.155,       0.558,       6.645,       3.178
 569000         ,      30.175,       1.346,       5.741,       2.446
 570000         ,      31.509,       0.392,       8.503,       2.576
 571000         ,      33.431,       0.421,       8.086,       2.568
 572000         ,      30.260,       0.488,       7.353,       2.991
 573000         ,      25.847,       1.001,       7.050,       4.078
 574000         ,      32.447,       0.349,       7.496,       2.634
 575000         ,      30.037,       0.572,       8.582,       2.974
 576000         ,      31.641,       0.376,       7.290,       2.806
 577000         ,      29.468,       0.421,       7.269,       2.530
 578000         ,      30.677,       0.394,       7.901,       2.989
 579000         ,      24.286,       1.356,       6.509,       3.798
 580000         ,      25.778,       0.838,       6.168,       3.149
 581000         ,      32.416,       0.258,       8.948,       2.761
 582000         ,      28.159,       0.660,       6.604,       3.184
 583000         ,      29.373,       0.463,       7.229,       2.499
 584000         ,      28.755,       0.718,       6.774,       2.227
 585000         ,      32.591,       0.139,       8.394,       2.759
 586000         ,      31.780,       0.452,       8.108,       1.831
 587000         ,      27.547,       0.560,       7.037,       3.140
 588000         ,      26.701,       0.752,       5.935,       3.247
 589000         ,      31.399,       0.206,       8.807,       3.143
 590000         ,      32.281,       0.220,       8.476,       3.153
 591000         ,      30.020,       0.605,       6.404,       2.867
 592000         ,      29.586,       0.486,       8.077,       3.209
 593000         ,      29.475,       0.323,       7.429,       2.970
 594000         ,      24.639,       1.213,       5.542,       2.934
 595000         ,      29.717,       0.317,       7.732,       3.053
 596000         ,      30.646,       0.419,       8.088,       2.189
 597000         ,      31.855,       0.217,       8.308,       3.215
 598000         ,      28.088,       0.495,       7.139,       3.482
 599000         ,      32.179,       0.519,       8.518,       2.545
 600000         ,      31.162,       0.752,       7.093,       2.232
 601000         ,      30.835,       0.738,       7.320,       1.545
 602000         ,      28.410,       0.603,       6.249,       3.133
 603000         ,      31.357,       0.570,       7.828,       2.688
 604000         ,      28.082,       0.847,       7.151,       2.634
 605000         ,      33.078,       0.198,       8.397,       2.844
 606000         ,      32.837,       0.214,       8.804,       2.545
 607000         ,      30.750,       0.231,       8.580,       2.906
 608000         ,      30.412,       0.614,       8.234,       2.687
 609000         ,      25.853,       1.252,       6.520,       2.653
 610000         ,      31.456,       0.434,       8.177,       2.159
 611000         ,      27.495,       0.519,       7.283,       3.227
 612000         ,      31.592,       0.614,       7.222,       2.498
 613000         ,      28.133,       1.271,       6.140,       1.478
 614000         ,      29.400,       0.510,       7.322,       2.489
 615000         ,      29.017,       0.481,       8.236,       3.300
 616000         ,      30.508,       0.328,       8.041,       3.290
 617000         ,      30.375,       0.479,       7.987,       3.019
 618000         ,      30.678,       0.485,       8.028,       2.124
 619000         ,      29.531,       0.283,       7.459,       3.258
 620000         ,      31.898,       0.315,       8.220,       2.648
 621000         ,      31.695,       0.167,       8.811,       2.817
 622000         ,      31.135,       0.429,       7.651,       2.300
 623000         ,      31.453,       0.602,       7.308,       2.365
 624000         ,      32.505,       0.172,       8.805,       3.114
 625000         ,      29.428,       0.425,       8.022,       2.750
 626000         ,      30.615,       0.287,       7.910,       3.250
 627000         ,      31.836,       0.466,       7.438,       2.517
 628000         ,      28.901,       0.671,       7.991,       2.736
 629000         ,      27.907,       0.690,       6.436,       2.541
 630000         ,      29.346,       0.818,       6.956,       3.253
 631000         ,      29.518,       0.860,       7.827,       2.324
 632000         ,      30.243,       0.404,       8.433,       2.815
 633000         ,      32.146,       0.414,       8.705,       2.042
 634000         ,      30.131,       0.300,       7.547,       2.709
 635000         ,      32.231,       0.452,       7.431,       2.244
 636000         ,      29.290,       0.351,       7.535,       3.129
 637000         ,      30.261,       0.814,       5.931,       2.640
 638000         ,      28.821,       0.418,       7.300,       3.344
 639000         ,      31.818,       0.908,       7.816,       1.823
 640000         ,      30.728,       0.602,       8.309,       3.105
 641000         ,      31.058,       0.162,       8.869,       3.075
 642000         ,      31.125,       0.408,       8.095,       2.287
 643000         ,      31.607,       0.444,       8.284,       2.489
 644000         ,      30.744,       0.365,       8.480,       2.559
 645000         ,      28.681,       0.594,       7.218,       2.341
 646000         ,      30.738,       0.511,       8.120,       2.344
 647000         ,      32.402,       0.304,       8.812,       2.638
 648000         ,      32.677,       0.604,       8.167,       1.461
 649000         ,      28.329,       0.458,       7.560,       2.749
 650000         ,      29.761,       0.567,       7.339,       3.003
 651000         ,      29.795,       0.265,       7.984,       2.723
 652000         ,      28.012,       0.596,       7.061,       3.047
 653000         ,      30.612,       0.313,       8.385,       3.108
 654000         ,      31.583,       0.399,       7.273,       2.253
 655000         ,      31.434,       0.142,       8.556,       3.062
 656000         ,      26.203,       0.872,       6.739,       3.533
 657000         ,      30.911,       0.366,       7.588,       2.615
 658000         ,      32.318,       0.094,       9.305,       3.159
 659000         ,      31.838,       0.595,       6.953,       2.475
 660000         ,      29.203,       0.535,       8.094,       2.558
 661000         ,      29.450,       0.413,       7.632,       2.660
 662000         ,      32.213,       0.440,       8.508,       2.377
 663000         ,      30.054,       0.685,       8.556,       2.227
 664000         ,      29.322,       0.699,       7.867,       1.956
 665000         ,      30.376,       0.407,       8.253,       2.699
 666000         ,      30.394,       0.255,       8.544,       2.852
 667000         ,      28.511,       0.676,       6.410,       2.324
 668000         ,      29.136,       0.289,       7.929,       3.318
 669000         ,      28.459,       0.622,       6.657,       3.064
 670000         ,      29.632,       0.464,       7.664,       3.253
 671000         ,      32.761,       0.089,       8.658,       3.117
 672000         ,      29.842,       0.263,       8.315,       3.295
 673000         ,      32.098,       0.713,       8.291,       1.580
 674000         ,      25.038,       1.114,       6.888,       3.460
 675000         ,      28.741,       0.844,       6.648,       3.294
 676000         ,      30.324,       0.964,       6.683,       1.858
 677000         ,      25.113,       1.490,       6.024,       2.253
 678000         ,      30.832,       0.890,       6.613,       1.463
 679000         ,      30.786,       1.152,       7.560,       1.607
 680000         ,      28.026,       0.644,       6.517,       2.752
 681000         ,      28.070,       0.620,       6.803,       2.843
 682000         ,      33.103,       0.293,       8.043,       2.763
 683000         ,      26.569,       1.059,       5.741,       2.442
 684000         ,      30.338,       0.694,       7.690,       2.380
 685000         ,      29.255,       0.282,       7.824,       3.573
 686000         ,      30.258,       0.334,       8.202,       2.686
 687000         ,      32.058,       0.301,       9.110,       2.531
 688000         ,      30.595,       0.423,       8.103,       2.486
 689000         ,      28.861,       0.414,       8.003,       3.595
 690000         ,      30.088,       0.901,       7.592,       2.691
 691000         ,      31.698,       0.150,       8.647,       3.316
 692000         ,      31.809,       0.359,       7.631,       2.667
 693000         ,      30.995,       0.244,       7.971,       3.058
 694000         ,      28.145,       0.777,       6.593,       2.161
 695000         ,      30.938,       0.375,       7.703,       3.215
 696000         ,      30.746,       0.461,       8.903,       2.669
 697000         ,      31.223,       0.270,       7.968,       2.400
 698000         ,      32.395,       0.254,       8.852,       2.610
 699000         ,      31.294,       0.263,       8.537,       2.445
 700000         ,      28.333,       0.725,       7.763,       2.881
 701000         ,      29.501,       1.282,       5.701,       1.830
 702000         ,      31.446,       0.269,       8.735,       3.042
 703000         ,      28.447,       0.777,       8.028,       2.937
 704000         ,      25.497,       0.797,       6.515,       3.753
 705000         ,      27.752,       0.669,       6.870,       2.594
 706000         ,      30.401,       0.623,       7.826,       2.676
 707000         ,      30.227,       0.353,       8.497,       3.003
 708000         ,      28.421,       0.873,       7.126,       3.174
 709000         ,      31.644,       0.334,       8.198,       2.093
 710000         ,      31.699,       0.429,       7.907,       2.319
 711000         ,      30.033,       0.795,       7.744,       3.216
 712000         ,      29.992,       0.426,       7.953,       2.913
 713000         ,      26.814,       1.047,       5.076,       3.255
 714000         ,      29.707,       0.314,       7.041,       2.696
 715000         ,      31.160,       0.610,       7.399,       2.436
 716000         ,      29.673,       0.563,       7.098,       2.831
 717000         ,      30.537,       0.240,       8.732,       3.119
 718000         ,      30.556,       0.734,       7.095,       2.684
 719000         ,      29.054,       0.427,       7.813,       3.044
 720000         ,      31.576,       0.298,       8.302,       2.144
 721000         ,      29.367,       0.871,       7.090,       2.468
 722000         ,      29.650,       0.632,       8.168,       2.475
 723000         ,      30.285,       0.730,       7.476,       2.001
 724000         ,      29.913,       0.387,       7.658,       2.316
 725000         ,      27.723,       0.848,       6.640,       2.730
 726000         ,      32.355,       0.149,       8.429,       2.993
 727000         ,      29.461,       0.447,       8.186,       2.667
 728000         ,      28.218,       0.782,       6.041,       2.995
 729000         ,      31.118,       0.158,       8.024,       3.143
 730000         ,      32.010,       0.406,       8.239,       2.630
 731000         ,      31.235,       0.621,       7.239,       2.415
 732000         ,      28.024,       0.444,       7.713,       3.703
 733000         ,      29.025,       0.513,       7.959,       3.021
 734000         ,      26.061,       1.133,       6.407,       2.357
 735000         ,      32.733,       0.251,       8.479,       2.619
 736000         ,      31.130,       0.577,       7.086,       2.388
 737000         ,      33.356,       0.221,       8.767,       2.750
 738000         ,      31.361,       0.172,       8.047,       3.141
 739000         ,      27.435,       0.738,       7.260,       3.187
 740000         ,      30.525,       0.467,       7.949,       3.101
 741000         ,      31.329,       0.220,       7.856,       2.690
 742000         ,      28.799,       0.561,       8.018,       2.775
 743000         ,      31.778,       0.248,       9.072,       2.588
 744000         ,      26.550,       1.160,       5.723,       2.384
 745000         ,      29.271,       0.935,       6.279,       2.583
 746000         ,      30.786,       0.546,       8.438,       2.402
 747000         ,      26.676,       0.869,       5.683,       3.379
 748000         ,      28.527,       0.760,       8.024,       3.278
 749000         ,      28.998,       0.736,       7.489,       2.332
 750000         ,      26.828,       1.031,       5.965,       2.440
 751000         ,      32.499,       0.238,       8.919,       2.436
 752000         ,      31.182,       0.548,       8.190,       2.185
 753000         ,      26.291,       1.111,       5.029,       2.441
 754000         ,      31.791,       0.311,       8.692,       2.295
 755000         ,      32.594,       0.084,       9.037,       2.702
 756000         ,      26.522,       0.992,       5.137,       3.012
 757000         ,      31.633,       0.516,       8.129,       2.405
 758000         ,      30.927,       0.245,       8.662,       2.505
 759000         ,      28.721,       1.164,       5.734,       2.385
 760000         ,      29.804,       0.719,       7.915,       1.850
 761000         ,      32.190,       0.357,       8.268,       2.618
 762000         ,      30.867,       0.326,       7.316,       2.531
 763000         ,      32.713,       0.367,       8.811,       2.701
 764000         ,      30.311,       0.492,       8.012,       3.144
 765000         ,      31.465,       0.642,       7.136,       2.229
 766000         ,      30.607,       0.650,       7.911,       2.815
 767000         ,      25.943,       0.905,       5.629,       3.611
 768000         ,      31.693,       0.379,       7.223,       2.464
 769000         ,      31.138,       0.349,       7.487,       2.924
 770000         ,      30.390,       0.637,       7.721,       2.334
 771000         ,      29.501,       0.970,       7.108,       1.692
 772000         ,      29.895,       0.707,       8.118,       3.316
 773000         ,      28.222,       0.819,       7.222,       2.270
 774000         ,      31.454,       0.355,       8.333,       2.550
 775000         ,      28.855,       0.753,       6.398,       2.720
 776000         ,      31.908,       0.606,       8.237,       1.641
 777000         ,      30.846,       1.177,       6.651,       1.227
 778000         ,      29.107,       0.379,       7.174,       2.968
 779000         ,      26.760,       0.752,       6.296,       3.032
 780000         ,      31.099,       0.282,       7.988,       3.049
 781000         ,      31.810,       0.226,       8.639,       2.578
 782000         ,      31.624,       0.280,       8.733,       3.015
 783000         ,      32.272,       0.300,       8.894,       2.679
 784000         ,      27.416,       0.647,       7.213,       3.208
 785000         ,      29.989,       0.331,       8.051,       3.106
 786000         ,      29.446,       0.694,       7.351,       2.180
 787000         ,      29.067,       0.383,       7.838,       3.150
 788000         ,      31.403,       0.347,       8.489,       2.762
 789000         ,      31.325,       0.585,       8.999,       2.532
 790000         ,      31.163,       0.482,       7.493,       1.986
 791000         ,      33.158,       0.253,       8.540,       2.505
 792000         ,      31.997,       0.245,       8.684,       2.920
 793000         ,      28.550,       0.407,       7.960,       3.537
 794000         ,      32.159,       0.099,       8.841,       3.136
 795000         ,      25.325,       1.483,       5.426,       2.800
 796000         ,      29.314,       0.365,       7.992,       2.762
 797000         ,      26.575,       0.996,       5.963,       3.410
 798000         ,      27.991,       0.692,       6.340,       2.524
 799000         ,      32.681,       0.132,       9.058,       2.626
 800000         ,      29.596,       0.912,       7.554,       1.882
 801000         ,      31.725,       0.512,       8.318,       2.098
 802000         ,      30.962,       0.167,       7.820,       2.931
 803000         ,      31.191,       0.734,       8.162,       2.131
 804000         ,      30.973,       0.175,       8.529,       3.396
 805000         ,      24.651,       1.213,       5.647,       3.352
 806000         ,      32.082,       0.363,       8.248,       2.424
 807000         ,      28.970,       0.486,       7.257,       2.749
 808000         ,      30.285,       0.486,       7.681,       2.060
 809000         ,      29.241,       0.582,       6.837,       2.116
 810000         ,      27.211,       1.087,       7.815,       2.522
 811000         ,      33.317,       0.369,       8.493,       2.100
 812000         ,      28.523,       0.754,       6.650,       2.611
 813000         ,      31.984,       0.187,       8.894,       2.685
 814000         ,      30.979,       0.410,       8.906,       3.065
 815000         ,      28.562,       0.536,       7.436,       2.617
 816000         ,      31.996,       1.335,       6.205,       1.045
 817000         ,      32.294,       0.499,       8.232,       1.873
 818000         ,      27.485,       0.654,       6.658,       3.479
 819000         ,      31.680,       0.474,       7.726,       2.836
 820000         ,      32.550,       0.068,       9.000,       3.273
 821000         ,      26.599,       1.663,       5.759,       2.065
 822000         ,      30.212,       0.814,       6.121,       2.049
 823000         ,      32.037,       0.177,       8.184,       2.647
 824000         ,      24.466,       1.658,       5.057,       2.800
 825000         ,      30.996,       0.328,       8.153,       2.988
 826000         ,      25.967,       0.881,       6.958,       3.068
 827000         ,      31.837,       0.472,       8.186,       3.172
 828000         ,      30.775,       0.486,       8.278,       2.095
 829000         ,      33.347,       0.371,       8.409,       2.440
 830000         ,      31.464,       0.574,       7.896,       1.981
 831000         ,      27.858,       0.687,       7.176,       3.667
 832000         ,      27.432,       0.925,       5.809,       3.188
 833000         ,      32.715,       0.427,       7.689,       2.716
 834000         ,      31.512,       0.469,       7.015,       2.397
 835000         ,      29.987,       1.163,       6.029,       2.147
 836000         ,      28.865,       0.471,       7.916,       2.841
 837000         ,      30.310,       0.860,       6.807,       2.537
 838000         ,      32.780,       0.254,       8.423,       2.603
 839000         ,      28.611,       0.823,       6.804,       1.772
 840000         ,      30.105,       0.310,       7.499,       2.896
 841000         ,      28.699,       0.969,       5.656,       1.872
 842000         ,      28.069,       0.903,       5.838,       2.058
 843000         ,      32.953,       0.114,       9.031,       2.652
 844000         ,      27.871,       0.471,       6.817,       3.212
 845000         ,      32.380,       0.400,       8.129,       2.408
 846000         ,      30.854,       0.130,       8.711,       3.349
 847000         ,      31.300,       0.414,       8.570,       2.862
 848000         ,      31.775,       0.577,       7.631,       2.075
 849000         ,      29.237,       0.318,       7.474,       3.177
 850000         ,      28.640,       1.042,       6.441,       1.793
 851000         ,      31.401,       0.411,       7.215,       2.674
 852000         ,      29.024,       0.778,       7.809,       3.221
 853000         ,      28.637,       0.431,       7.751,       3.183
 854000         ,      30.482,       0.478,       7.579,       1.973
 855000         ,      31.871,       0.701,       7.330,       1.581
 856000         ,      30.355,       0.286,       8.306,       2.724
 857000         ,      29.870,       0.370,       7.421,       2.543
 858000         ,      30.985,       0.267,       7.907,       2.954
 859000         ,      31.096,       0.320,       8.854,       2.790
 860000         ,      30.325,       0.797,       7.582,       2.202
 861000         ,      31.831,       0.584,       7.048,       2.159
 862000         ,      29.795,       0.851,       6.521,       2.467
 863000         ,      33.054,       0.518,       8.449,       1.675
 864000         ,      32.173,       0.789,       7.827,       1.257
 865000         ,      30.982,       0.368,       8.218,       2.271
 866000         ,      29.373,       0.919,       6.017,       2.732
 867000         ,      31.157,       0.384,       7.887,       3.168
 868000         ,      27.524,       0.965,       6.543,       2.747
 869000         ,      31.116,       0.502,       8.915,       2.367
 870000         ,      30.387,       0.988,       5.968,       1.554
 871000         ,      30.062,       0.953,       6.767,       2.226
 872000         ,      32.978,       0.729,       7.983,       1.460
 873000         ,      26.265,       1.048,       7.213,       2.855
 874000         ,      27.226,       0.716,       6.305,       2.621
 875000         ,      31.148,       0.372,       8.600,       2.748
 876000         ,      32.098,       0.383,       9.084,       2.464
 877000         ,      27.265,       0.957,       7.061,       3.047
 878000         ,      27.541,       0.582,       7.367,       3.047
 879000         ,      28.058,       0.848,       7.678,       2.760
 880000         ,      31.210,       0.278,       8.532,       3.064
 881000         ,      28.164,       0.830,       7.627,       3.474
 882000         ,      28.940,       0.399,       8.119,       3.321
 883000         ,      31.114,       0.185,       8.397,       3.125
 884000         ,      32.911,       0.412,       8.196,       2.754
 885000         ,      31.545,       0.261,       7.973,       3.176
 886000         ,      32.550,       0.447,       7.285,       2.663
 887000         ,      31.062,       0.189,       8.532,       3.003
 888000         ,      32.770,       0.611,       8.224,       1.503
 889000         ,      32.261,       0.208,       8.536,       2.942
 890000         ,      30.854,       0.574,       8.855,       2.327
 891000         ,      27.404,       0.744,       6.344,       3.504
 892000         ,      30.384,       0.505,       7.284,       3.025
 893000         ,      32.220,       0.877,       8.328,       1.685
 894000         ,      27.046,       1.452,       5.531,       2.465
 895000         ,      30.792,       0.929,       7.002,       1.988
 896000         ,      29.666,       0.621,       8.232,       2.844
 897000         ,      30.429,       0.378,       8.061,       3.237
 898000         ,      32.696,       0.209,       8.636,       2.423
 899000         ,      30.613,       0.326,       8.679,       2.842
 900000         ,      28.993,       0.340,       7.298,       2.955
 901000         ,      30.171,       0.319,       7.875,       3.268
 902000         ,      30.626,       0.889,       7.419,       1.701
 903000         ,      31.254,       0.156,       8.920,       3.164
 904000         ,      32.224,       0.727,       7.336,       1.818
 905000         ,      29.626,       0.442,       7.602,       2.658
 906000         ,      32.757,       0.178,       8.580,       2.794
 907000         ,      30.939,       0.452,       8.878,       2.381
 908000         ,      30.603,       0.320,       7.503,       2.829
 909000         ,      27.754,       0.681,       7.461,       3.560
 910000         ,      30.386,       0.244,       8.175,       3.390
 911000         ,      23.366,       2.182,       4.447,       2.743
 912000         ,      28.308,       0.738,       6.650,       2.091
 913000         ,      30.580,       0.639,       7.455,       2.067
 914000         ,      31.591,       0.573,       7.806,       1.930
 915000         ,      28.564,       2.245,       4.180,       1.484
 916000         ,      30.776,       0.954,       6.812,       1.963
 917000         ,      30.771,       0.264,       8.698,       2.986
 918000         ,      31.512,       0.369,       7.260,       2.547
 919000         ,      31.435,       0.589,       8.252,       1.972
 920000         ,      29.601,       0.769,       6.949,       2.097
 921000         ,      27.363,       0.977,       7.577,       2.350
 922000         ,      27.839,       1.310,       6.533,       1.518
 923000         ,      24.522,       1.374,       5.034,       2.802
 924000         ,      29.399,       1.155,       6.779,       1.339
 925000         ,      28.852,       0.551,       7.966,       3.351
 926000         ,      31.318,       0.293,       7.715,       2.679
 927000         ,      30.300,       0.217,       7.958,       2.810
 928000         ,      29.757,       0.340,       7.123,       3.117
 929000         ,      29.106,       0.344,       7.389,       2.867
 930000         ,      28.328,       1.264,       6.624,       2.582
 931000         ,      30.971,       0.616,       8.768,       2.962
 932000         ,      31.941,       0.366,       8.044,       2.293
 933000         ,      29.725,       0.855,       7.128,       3.031
 934000         ,      29.765,       0.980,       7.544,       1.615
 935000         ,      31.574,       0.209,       8.796,       2.815
 936000         ,      28.112,       0.612,       7.157,       3.241
 937000         ,      30.524,       0.523,       7.010,       2.141
 938000         ,      32.163,       0.122,       9.090,       2.990
 939000         ,      32.097,       0.464,       8.294,       2.056
 940000         ,      30.450,       0.448,       8.513,       2.728
 941000         ,      30.851,       0.221,       7.635,       3.027
 942000         ,      31.524,       0.466,       8.646,       2.343
 943000         ,      31.185,       0.407,       7.826,       2.576
 944000         ,      30.553,       0.362,       8.817,       2.718
 945000         ,      32.468,       0.298,       8.017,       2.265
 946000         ,      27.740,       0.534,       6.512,       3.343
 947000         ,      26.471,       0.877,       6.068,       2.771
 948000         ,      28.565,       0.543,       7.703,       2.913
 949000         ,      28.851,       0.427,       7.764,       2.978
 950000         ,      29.595,       0.705,       7.562,       3.463
 951000         ,      30.027,       0.332,       7.887,       2.725
 952000         ,      29.282,       0.456,       6.431,       2.853
 953000         ,      31.752,       0.315,       8.520,       2.650
 954000         ,      28.190,       0.610,       7.851,       2.921
 955000         ,      29.266,       0.532,       7.487,       3.288
 956000         ,      29.870,       0.447,       8.012,       2.455
 957000         ,      30.981,       0.331,       7.547,       2.620
 958000         ,      31.841,       0.110,       8.898,       3.189
 959000         ,      28.490,       0.605,       7.775,       2.849
 960000         ,      31.110,       0.560,       7.815,       2.094
 961000         ,      30.468,       0.747,       7.301,       2.336
 962000         ,      30.523,       0.382,       8.319,       2.756
 963000         ,      32.192,       0.411,       8.823,       2.849
 964000         ,      29.882,       0.237,       7.934,       3.474
 965000         ,      30.180,       0.771,       6.696,       1.763
 966000         ,      28.846,       0.360,       7.717,       3.206
 967000         ,      30.139,       0.477,       8.460,       2.686
 968000         ,      32.928,       0.192,       8.518,       2.831
 969000         ,      30.285,       0.329,       7.988,       2.372
 970000         ,      28.170,       0.540,       6.476,       3.299
 971000         ,      30.869,       0.596,       7.944,       2.864
 972000         ,      29.561,       0.511,       6.922,       2.646
 973000         ,      31.477,       0.466,       8.973,       2.515
 974000         ,      31.590,       0.441,       7.168,       2.708
 975000         ,      31.383,       0.565,       6.830,       2.397
 976000         ,      31.469,       0.524,       8.535,       1.961
 977000         ,      26.409,       0.809,       6.845,       3.037
 978000         ,      26.720,       0.814,       7.441,       3.634
 979000         ,      31.970,       0.279,       8.397,       2.578
 980000         ,      29.728,       1.002,       7.520,       2.417
 981000         ,      30.228,       0.669,       7.557,       1.877
 982000         ,      25.942,       0.765,       6.844,       3.635
 983000         ,      31.364,       0.329,       7.826,       2.623
 984000         ,      31.782,       0.297,       8.748,       2.370
 985000         ,      28.115,       0.581,       7.299,       3.042
 986000         ,      30.130,       0.764,       7.093,       2.074
 987000         ,      30.620,       0.211,       7.834,       2.923
 988000         ,      30.524,       0.230,       8.624,       3.388
 989000         ,      29.599,       0.381,       8.122,       2.704
 990000         ,      30.789,       0.545,       7.291,       2.646
 991000         ,      29.828,       0.314,       8.082,       2.869
 992000         ,      27.636,       1.050,       5.672,       2.279
 993000         ,      30.214,       0.472,       7.170,       3.017
 994000         ,      31.903,       0.882,       6.454,       1.716
 995000         ,      28.008,       0.701,       6.693,       2.415
 996000         ,      30.524,       0.698,       7.094,       2.379
 997000         ,      29.993,       0.749,       7.676,       2.978
 998000         ,      30.107,       0.611,       7.044,       2.670
 999000         ,      29.479,       0.579,       7.481,       2.257
 1000000        ,      31.430,       0.512,       6.849,       2.299
