   148    150     0.017270      2
   112    113     0.017276      2
   152    153     0.017529      2
    75     76     0.017651      2
   149    501     0.017760      3
   244    245     0.017873      2
   237    238     0.017951      2
   165    166     0.018065      2
   233    234     0.018088      2
   169    170     0.018093      2
    87     88     0.018110      2
   445    446     0.018164      2
   425    426     0.018207      2
   192    194     0.018267      2
   472    473     0.018302      2
    59     60     0.018306      2
   496    497     0.018311      2
   283    284     0.018349      2
   296    297     0.018359      2
   335    336     0.018385      2
    90     91     0.018393      2
   154    155     0.018400      2
   415    416     0.018422      2
    92     93     0.018429      2
   172    173     0.018433      2
   393    394     0.018446      2
   242    243     0.018454      2
   229    230     0.018456      2
   128    129     0.018481      2
   417    418     0.018521      2
   423    424     0.018530      2
   190    191     0.018561      2
   117    118     0.018563      2
    68     69     0.018584      2
   240    241     0.018603      2
   198    199     0.018655      2
   203    204     0.018675      2
    23     24     0.018709      2
   250    251     0.018732      2
   177    178     0.018734      2
   161    162     0.018759      2
    77     78     0.018764      2
   139    140     0.018802      2
   260    261     0.018808      2
   195    514     0.018832      3
   110    111     0.018849      2
   408    409     0.018870      2
    53     54     0.018877      2
   158    159     0.018880      2
    27     28     0.018935      2
   239    507     0.018940      3
   147    505     0.018966      4
   349    350     0.018970      2
   402    403     0.019006      2
   301    302     0.019013      2
    30     31     0.019013      2
   145    146     0.019017      2
   420    421     0.019019      2
   448    449     0.019066      2
   384    387     0.019080      2
    82     83     0.019081      2
   303    304     0.019084      2
   130    131     0.019087      2
    21     22     0.019093      2
   443    444     0.019099      2
    46     47     0.019110      2
   433    434     0.019122      2
   435    436     0.019135      2
   342    343     0.019159      2
   175    176     0.019163      2
   235    509     0.019188      3
   330    331     0.019198      2
   102    103     0.019199      2
   185    186     0.019202      2
   458    459     0.019203      2
   285    518     0.019218      3
   288    289     0.019223      2
   143    144     0.019225      2
   212    213     0.019281      2
   136    137     0.019285      2
   151    503     0.019307      3
    89    521     0.019325      3
   347    348     0.019351      2
   321    322     0.019359      2
   389    390     0.019359      2
   318    319     0.019362      2
   276    277     0.019368      2
   208    209     0.019379      2
   498    500     0.019379      2
   475    476     0.019388      2
   377    378     0.019393      2
    66     67     0.019412      2
   427    429     0.019419      2
   114    115     0.019425      2
   465    466     0.019435      2
   141    142     0.019456      2
   231    232     0.019462      2
   406    407     0.019463      2
    95     96     0.019468      2
   422    558     0.019471      3
    50     51     0.019495      2
   246    247     0.019501      2
   273    274     0.019506      2
   179    180     0.019542      2
   107    108     0.019542      2
   119    120     0.019547      2
   292    293     0.019547      2
   287    577     0.019548      3
     9     10     0.019549      2
   338    339     0.019555      2
   481    482     0.019560      2
   197    536     0.019567      3
    70     71     0.019570      2
    38     39     0.019572      2
    33     35     0.019581      2
   362    363     0.019622      2
   499    589     0.019645      3
   205    206     0.019646      2
    80     81     0.019646      2
   370    371     0.019647      2
   193    545     0.019650      4
   540    570     0.019680      4
   477    478     0.019681      2
    64     65     0.019690      2
   215    216     0.019732      2
   121    122     0.019741      2
   280    281     0.019757      2
   295    519     0.019759      3
   419    530     0.019761      3
   226    227     0.019768      2
    97     98     0.019772      2
   351    352     0.019784      2
   254    255     0.019785      2
   257    258     0.019794      2
   455    456     0.019801      2
   156    157     0.019816      2
     7      8     0.019831      2
   437    438     0.019831      2
   493    494     0.019848      2
   447    512     0.019854      3
   345    346     0.019854      2
   474    590     0.019861      3
   372    373     0.019872      2
   116    533     0.019882      3
   124    126     0.019896      2
   219    220     0.019910      2
   187    188     0.019911      2
   312    313     0.019927      2
   252    253     0.019944      2
   109    546     0.019951      3
    84     85     0.019952      2
   391    392     0.019976      2
   397    398     0.019981      2
   210    588     0.019986      3
   326    327     0.019993      2
    48     49     0.020003      2
   163    541     0.020006      3
    11     12     0.020006      2
    61     62     0.020011      2
    73     74     0.020036      2
    45    566     0.020038      3
   489    490     0.020049      2
   355    357     0.020052      2
   441    442     0.020058      2
   309    310     0.020058      2
   374    375     0.020059      2
   359    360     0.020067      2
   299    300     0.020088      2
   461    462     0.020097      2
   164    508     0.020103      3
   432    567     0.020104      3
   450    451     0.020106      2
   171    525     0.020123      3
   430    431     0.020145      2
   269    270     0.020152      2
   412    547     0.020161      3
    72    613     0.020174      3
   368    369     0.020198      2
   201    202     0.020202      2
   134    135     0.020239      2
   467    468     0.020251      2
   361    616     0.020258      3
   316    317     0.020272      2
   470    471     0.020272      2
   502    594     0.020273      4
   249    539     0.020279      3
   381    382     0.020280      2
    34    615     0.020316      3
   479    480     0.020326      2
   266    267     0.020342      2
   183    184     0.020370      2
   314    315     0.020374      2
   264    265     0.020377      2
   395    526     0.020394      3
   217    218     0.020404      2
   279    587     0.020425      3
   160    549     0.020438      3
   483    484     0.020453      2
   328    655     0.020457      3
   453    454     0.020459      2
   259    544     0.020472      3
    52    548     0.020481      3
   486    487     0.020481      2
   366    367     0.020486      2
   344    641     0.020488      3
   410    676     0.020504      4
    29    556     0.020517      3
   181    182     0.020519      2
    57     58     0.020531      2
   100    101     0.020535      2
   211    579     0.020547      3
   189    532     0.020560      3
   214    711     0.020565      4
   522    581     0.020599      5
   356    663     0.020606      3
   460    469     0.020611      2
   495    517     0.020612      3
    63    659     0.020629      3
   324    325     0.020637      2
   399    400     0.020644      2
   290    291     0.020649      2
   305    306     0.020654      2
   452    672     0.020661      3
   106    605     0.020662      3
   405    598     0.020675      3
   236    551     0.020678      4
   272    603     0.020740      3
   543    596     0.020757      4
    15     16     0.020789      2
   333    334     0.020818      2
   228    630     0.020819      3
   174    673     0.020831      4
    25     26     0.020836      2
    36     37     0.020862      2
    79    542     0.020866      3
   513    593     0.020904      4
   104    105     0.020911      2
    20    564     0.020926      3
    86    511     0.020931      3
   385    386     0.020933      2
   275    727     0.020938      4
   168    510     0.020946      3
   491    492     0.020947      2
     0      1     0.020952      2
   553    583     0.020959      4
   340    610     0.020962      3
    18     19     0.020968      2
   125    645     0.021026      3
   138    728     0.021033      5
     4      5     0.021067      2
   207    618     0.021074      3
   196    621     0.021086      5
   307    722     0.021105      3
    40    614     0.021117      3
   599    631     0.021120      4
   376    591     0.021164      3
   464    595     0.021170      3
   262    263     0.021176      2
   329    572     0.021182      3
   404    554     0.021196      3
   256    633     0.021203      3
   439    440     0.021220      2
   527    535     0.021231      4
   580    680     0.021238      4
   132    563     0.021256      3
   353    354     0.021264      2
   411    706     0.021278      5
    42     43     0.021278      2
   561    651     0.021282      4
   413    414     0.021300      2
   560    740     0.021315      4
   600    629     0.021317      6
   534    592     0.021335      4
   286    608     0.021353      4
   323    584     0.021377      3
   634    701     0.021403      5
   222    223     0.021403      2
   555    562     0.021421      4
   298    628     0.021432      4
   127    529     0.021486      3
   606    644     0.021529      5
   358    715     0.021540      4
    55     56     0.021555      2
   388    585     0.021570      3
    13     14     0.021618      2
   379    380     0.021650      2
   506    602     0.021735      4
   268    675     0.021749      3
   311    648     0.021755      3
   278    696     0.021769      4
   337    746     0.021787      4
   557    578     0.021789      4
   294    607     0.021806      3
   123    748     0.021807      4
   575    716     0.021870      4
   516    718     0.021887      5
    94    524     0.021928      3
   504    660     0.021948      4
    99    755     0.021973      5
   282    576     0.022035      4
   638    762     0.022116      4
   224    225     0.022118      2
   167    670     0.022150      4
   364    365     0.022155      2
   573    710     0.022164      4
   611    689     0.022167      4
    32    688     0.022167      4
    17    729     0.022173      3
   396    653     0.022196      3
   248    686     0.022205      4
   428    736     0.022207      5
   609    637     0.022224      4
   619    735     0.022239      5
   652    694     0.022274      5
   531    772     0.022293      8
   320    775     0.022295      4
   734    807     0.022334      6
    41    754     0.022338      4
   646    695     0.022345      4
   565    640     0.022366      5
   700    723     0.022373      5
   636    697     0.022427      5
   625    713     0.022439      6
   488    703     0.022521      3
   221    777     0.022522      3
   200    679     0.022527      3
     3    750     0.022550      3
   383    687     0.022551      3
   632    766     0.022551      4
   332    730     0.022601      3
   463    669     0.022605      3
   457    635     0.022634      3
   528    597     0.022641      4
   485    824     0.022646      4
   690    788     0.022654      5
    44    661     0.022711      4
   649    810     0.022773      6
   271    741     0.022782      5
   574    691     0.022881      4
   620    643     0.022882      4
   523    770     0.022891      4
   401    760     0.022899      4
   133    764     0.022933      5
   721    774     0.022945      6
   568    671     0.022951      5
     2    744     0.022991      3
   732    742     0.023014      7
   647    712     0.023025      5
   702    783     0.023044      5
   627    790     0.023074      6
   692    789     0.023169      5
   658    812     0.023183      6
   623    642     0.023184      5
   550    733     0.023290      4
   720    809     0.023291      5
   626    781     0.023328      7
   724    737     0.023384      5
   681    684     0.023411      4
   624    773     0.023528      6
   520    830     0.023566      5
   538    738     0.023645      5
   668    778     0.023661      6
   341    569     0.023720      3
     6    827     0.023725      4
   674    845     0.023857      7
   604    622     0.023886      6
   650    685     0.023919      7
   678    704     0.023940      4
   709    849     0.023986      7
   667    682     0.024051      5
   552    714     0.024142      9
   537    751     0.024190      5
   601    656     0.024248      4
   662    743     0.024262      4
   725    767     0.024409      8
   308    753     0.024464      4
   719    816     0.024490      6
   582    739     0.024553      6
   677    859     0.024569      9
   617    717     0.024608      6
   571    726     0.024671      7
   698    806     0.024740      6
   559    832     0.024756      5
   586    683     0.024826      4
   785    808     0.024880      5
   786    828     0.025048      5
   802    825     0.025165      5
   745    829     0.025217      8
   654    823     0.025330      9
   693    758     0.025387      4
   612    826     0.025507      6
   757    831     0.025617      6
   798    813     0.025691      9
   765    780     0.025757      6
   747    885     0.025769      7
   768    836     0.025889      6
   857    867     0.025905     12
   784    814     0.026190      8
   731    833     0.026267      7
   763    881     0.026306     11
   707    854     0.026311      7
   815    841     0.026396     12
   657    822     0.026454      8
   666    756     0.026520      5
   761    776     0.026672      8
   699    759     0.026715      6
   795    858     0.026786      8
   705    863     0.026812      6
   793    844     0.026868      9
   801    865     0.026885     11
   665    851     0.026933      7
   771    886     0.026966      9
   877    884     0.027045     10
   779    862     0.027231     10
   708    839     0.027266      6
   752    848     0.027294     10
   664    820     0.027313      7
   835    890     0.027330      9
   799    805     0.027446      9
   804    868     0.027665      6
   749    843     0.027970     10
   797    878     0.028160      9
   840    904     0.028276      9
   515    853     0.028324      7
   791    860     0.028328      9
   796    879     0.028485     14
   817    818     0.028699     10
   794    894     0.028718     10
   856    897     0.028785     19
   639    880     0.028965      8
   821    883     0.028980     10
   782    870     0.029049      9
   873    896     0.029195     10
   846    864     0.029317      7
   872    891     0.029409     11
   876    914     0.029441     14
   819    887     0.029472      9
   803    903     0.029708     12
   838    850     0.029765     11
   787    837     0.030094     10
   842    875     0.030126     12
   800    909     0.030393     13
   892    907     0.030504     14
   769    922     0.030643     13
   792    871     0.030948     13
   834    874     0.030953      8
   861    901     0.031430     12
   920    923     0.031649     15
   852    895     0.031785     13
   811    902     0.031996     17
   906    925     0.032572     15
   919    929     0.033034     28
   847    866     0.033143     13
   888    908     0.033271     14
   917    931     0.033439     17
   882    924     0.033604     13
   927    947     0.034411     22
   941    950     0.034537     29
   899    937     0.035059     16
   905    940     0.035763     18
   932    948     0.036111     24
   893    926     0.036584     23
   855    898     0.037073     13
   934    949     0.038714     20
   921    928     0.038833     20
   910    943     0.039037     25
   889    935     0.039155     20
   915    953     0.039317     19
   869    933     0.039436     17
   913    951     0.039574     25
   939    942     0.040133     24
   912    961     0.042307     33
   918    960     0.042680     27
   938    945     0.042746     25
   911    936     0.042996     21
   900    959     0.043578     27
   944    952     0.044288     41
   946    956     0.044355     21
   954    972     0.047879     47
   965    977     0.049746     61
   962    969     0.050399     40
   968    974     0.053241     44
   916    967     0.053338     30
   971    975     0.054522     45
   955    966     0.054565     42
   957    964     0.056310     42
   930    978     0.056652     29
   970    979     0.058431     72
   958    963     0.060203     42
   973    976     0.064635     54
   980    982     0.069022    105
   985    989     0.079933     84
   981    986     0.080398     82
   984    990     0.090022     99
   987    992     0.094907    113
   983    994     0.112346    129
   991    993     0.114385    187
   988    995     0.132840    185
   996    998     0.198282    314
   997    999     0.340005    501
