--------------------------------------------------------------------------------
S H A P E   v2.1         Continuous Shape Measures calculation
(c) 2013  Electronic Structure Group, Universitat de Barcelona
                   Contact:  llunell@ub.edu                   
--------------------------------------------------------------------------------

coordination ZF1 

SP-4            1 D4h   Square                                             
T-4             2 Td    Tetrahedron                                        
SS-4            3 C2v   Seesaw                                             
vTBPY-4         4 C3v   Vacant trigonal bipyramid                          

Structure [ML4 ]         SP-4          T-4         SS-4      vTBPY-4
 0              ,      15.988,      11.229,       0.690,       8.591
 1000           ,      21.488,      10.305,       0.849,       6.849
 2000           ,      19.295,       8.609,       0.635,       6.790
 3000           ,      17.676,      10.379,       0.297,       8.046
 4000           ,      18.703,      10.295,       0.437,       7.373
 5000           ,      19.099,       9.296,       0.660,       7.242
 6000           ,      20.076,       9.985,       0.579,       6.466
 7000           ,      19.022,      10.675,       0.653,       7.920
 8000           ,      15.329,      11.079,       0.648,       9.231
 9000           ,      18.613,       9.051,       0.711,       7.918
 10000          ,      20.936,       8.808,       0.621,       7.145
 11000          ,      18.944,      10.438,       0.639,       8.670
 12000          ,      17.189,       9.319,       0.886,       7.657
 13000          ,      17.254,       9.770,       0.604,       7.918
 14000          ,      16.320,      10.841,       1.060,       7.883
 15000          ,      12.859,      13.449,       1.239,      11.044
 16000          ,      18.591,      10.799,       0.787,       7.483
 17000          ,      13.963,      13.241,       0.855,      11.446
 18000          ,      16.994,       8.791,       0.634,       7.381
 19000          ,      13.774,      10.713,       1.021,       8.904
 20000          ,      16.269,      11.208,       0.484,       9.760
 21000          ,      24.691,       7.701,       1.265,       5.577
 22000          ,      15.033,      11.343,       0.960,       9.527
 23000          ,      19.745,       9.932,       0.567,       6.960
 24000          ,      12.699,      12.727,       1.447,       9.889
 25000          ,      17.665,      10.819,       0.429,       8.420
 26000          ,      24.076,       7.901,       1.393,       4.671
 27000          ,      16.626,       9.532,       0.434,       7.869
 28000          ,      14.536,      10.566,       0.657,       9.277
 29000          ,      17.931,       9.494,       0.255,       8.214
 30000          ,      22.359,       7.690,       1.214,       6.150
 31000          ,      15.610,      12.735,       0.902,       9.406
 32000          ,      15.600,      11.319,       0.737,       8.956
 33000          ,      18.731,       9.904,       0.771,       7.547
 34000          ,      21.310,       9.382,       0.868,       6.476
 35000          ,      18.859,       9.964,       0.465,       7.945
 36000          ,      17.755,      10.848,       0.633,       7.329
 37000          ,      18.942,      10.712,       0.772,       7.810
 38000          ,      21.380,       7.975,       1.056,       6.753
 39000          ,      17.057,       9.778,       0.498,       7.987
 40000          ,      20.461,       9.011,       0.727,       5.909
 41000          ,      18.296,       9.419,       0.478,       7.102
 42000          ,      16.804,      11.126,       0.438,       8.401
 43000          ,      18.661,       9.136,       0.551,       7.271
 44000          ,      20.606,       9.269,       0.506,       7.036
 45000          ,      15.264,      10.629,       0.494,       8.870
 46000          ,      18.735,       8.266,       0.670,       6.166
 47000          ,      16.496,      11.972,       0.757,       8.351
 48000          ,      21.912,       9.654,       0.989,       6.435
 49000          ,      19.729,       8.497,       0.773,       6.139
 50000          ,      22.298,       9.082,       0.589,       6.721
 51000          ,      18.095,       9.935,       0.761,       7.169
 52000          ,      19.982,       9.034,       0.398,       7.306
 53000          ,      16.830,      10.420,       0.564,       8.080
 54000          ,      19.489,      10.322,       0.314,       7.071
 55000          ,      20.349,       8.866,       0.344,       7.448
 56000          ,      18.202,       9.344,       0.720,       7.040
 57000          ,      17.515,      12.414,       0.909,       9.145
 58000          ,      21.631,       8.227,       1.346,       4.972
 59000          ,      20.171,       9.267,       1.041,       6.454
 60000          ,      21.494,       8.786,       1.115,       5.578
 61000          ,      21.400,       8.831,       0.775,       5.709
 62000          ,      20.274,       8.934,       0.604,       6.031
 63000          ,      19.494,       9.079,       0.848,       6.781
 64000          ,      19.836,       9.598,       0.402,       7.589
 65000          ,      17.632,       8.434,       0.299,       7.114
 66000          ,      19.169,      10.039,       0.454,       6.736
 67000          ,      20.924,       9.266,       0.701,       6.496
 68000          ,      19.139,       9.908,       0.967,       6.998
 69000          ,      17.649,       9.625,       0.722,       6.572
 70000          ,      21.966,       9.583,       0.678,       7.608
 71000          ,      22.244,       8.175,       1.432,       5.481
 72000          ,      19.694,       8.139,       0.781,       6.135
 73000          ,      17.381,      10.519,       0.532,       7.916
 74000          ,      20.481,       9.078,       0.452,       6.414
 75000          ,      19.674,      10.014,       0.510,       7.320
 76000          ,      13.513,      11.558,       1.420,       8.973
 77000          ,      21.506,       8.866,       0.752,       6.629
 78000          ,      17.949,      13.767,       1.270,       9.307
 79000          ,      23.333,       8.948,       1.514,       4.697
 80000          ,      19.613,       8.907,       0.502,       6.353
 81000          ,      23.566,       8.618,       1.247,       5.225
 82000          ,      24.386,       7.447,       1.169,       4.799
 83000          ,      22.322,       8.376,       0.818,       5.215
 84000          ,      20.439,       8.506,       0.614,       6.284
 85000          ,      18.001,      10.182,       0.660,       8.045
 86000          ,      21.461,       8.933,       0.905,       5.688
 87000          ,      20.939,       8.830,       0.660,       5.585
 88000          ,      18.868,       9.795,       0.401,       8.112
 89000          ,      19.721,       9.901,       0.342,       7.835
 90000          ,      20.898,       9.810,       0.554,       6.819
 91000          ,      18.573,      10.387,       0.718,       7.084
 92000          ,      20.284,       7.516,       1.031,       4.848
 93000          ,      17.859,      10.158,       0.722,       7.419
 94000          ,      20.588,       8.806,       0.674,       6.822
 95000          ,      18.971,       9.321,       0.383,       7.363
 96000          ,      15.986,      12.267,       0.771,       9.086
 97000          ,      21.235,      10.413,       1.142,       6.308
 98000          ,      20.207,       9.172,       0.989,       5.977
 99000          ,      20.380,       9.756,       0.806,       6.971
 100000         ,      22.263,       8.616,       0.841,       6.087
 101000         ,      18.740,       9.624,       0.791,       6.569
 102000         ,      17.547,      10.184,       0.452,       7.524
 103000         ,      18.585,      12.862,       1.285,       8.618
 104000         ,      22.456,       8.503,       0.906,       6.674
 105000         ,      22.702,       8.912,       1.059,       5.299
 106000         ,      16.679,      12.252,       0.517,       9.423
 107000         ,      21.076,       8.790,       0.628,       6.951
 108000         ,      22.021,       8.918,       0.564,       5.890
 109000         ,      21.134,       7.644,       1.196,       5.014
 110000         ,      21.907,       7.525,       1.165,       4.682
 111000         ,      20.071,      10.120,       0.551,       7.191
 112000         ,      17.738,       9.374,       0.591,       7.112
 113000         ,      21.075,       8.130,       0.511,       6.034
 114000         ,      19.040,       9.344,       0.885,       7.245
 115000         ,      20.300,      10.433,       0.698,       7.575
 116000         ,      21.124,      11.896,       1.799,       7.804
 117000         ,      16.002,       9.377,       0.769,       8.219
 118000         ,      19.704,       9.337,       0.569,       6.790
 119000         ,      20.784,       8.502,       0.389,       5.949
 120000         ,      17.929,      10.927,       0.905,       8.439
 121000         ,      21.643,       9.685,       0.636,       6.278
 122000         ,      22.633,       8.380,       1.378,       5.121
 123000         ,      21.363,       9.220,       1.155,       5.534
 124000         ,      20.925,      11.048,       0.901,       8.232
 125000         ,      23.993,       7.616,       1.401,       5.230
 126000         ,      20.862,      10.944,       0.637,       7.731
 127000         ,      20.115,       8.990,       1.115,       5.478
 128000         ,      22.424,       9.943,       0.569,       7.844
 129000         ,      21.231,       9.879,       0.689,       6.285
 130000         ,      17.671,      12.676,       1.112,       8.613
 131000         ,      21.219,       9.492,       0.831,       6.660
 132000         ,      17.960,      12.190,       0.582,       8.880
 133000         ,      19.718,       9.358,       0.282,       7.451
 134000         ,      17.390,      11.223,       0.695,       8.013
 135000         ,      19.627,       9.583,       0.498,       6.613
 136000         ,      16.347,      10.771,       0.334,       8.626
 137000         ,      19.385,       8.690,       0.648,       6.044
 138000         ,      18.415,      10.641,       0.833,       7.460
 139000         ,      21.646,       8.198,       1.278,       5.423
 140000         ,      20.468,       8.668,       0.538,       5.736
 141000         ,      19.551,      10.404,       0.651,       6.877
 142000         ,      18.875,      10.831,       0.432,       7.927
 143000         ,      19.578,       9.802,       1.274,       6.214
 144000         ,      23.695,       9.200,       0.932,       5.742
 145000         ,      19.545,      10.789,       0.743,       7.449
 146000         ,      20.749,      10.873,       0.501,       8.040
 147000         ,      22.945,       8.455,       0.689,       5.513
 148000         ,      16.944,      11.391,       1.257,       7.591
 149000         ,      18.317,       9.180,       0.760,       7.205
 150000         ,      19.514,      11.436,       0.829,       7.709
 151000         ,      21.247,      10.468,       0.556,       7.448
 152000         ,      15.231,      12.623,       0.896,       9.256
 153000         ,      19.416,      10.291,       0.705,       7.178
 154000         ,      19.794,       8.608,       0.637,       6.454
 155000         ,      22.149,       9.983,       0.789,       6.574
 156000         ,      22.139,       8.271,       0.975,       5.279
 157000         ,      22.380,       7.314,       0.663,       5.458
 158000         ,      18.958,       9.733,       0.423,       7.080
 159000         ,      13.428,      13.024,       1.260,       9.954
 160000         ,      20.485,       9.648,       0.777,       6.118
 161000         ,      19.362,      10.369,       0.673,       7.247
 162000         ,      15.934,      10.562,       0.699,       8.394
 163000         ,      15.722,      10.971,       0.798,       8.020
 164000         ,      20.528,      10.488,       0.955,       6.746
 165000         ,      22.104,      11.527,       0.729,       8.619
 166000         ,      15.430,      11.595,       0.905,       8.540
 167000         ,      16.821,      11.633,       0.806,       8.288
 168000         ,      19.622,       9.703,       0.438,       6.843
 169000         ,      18.873,      10.699,       0.606,       7.687
 170000         ,      20.603,       9.160,       0.383,       6.820
 171000         ,      20.769,       9.809,       0.954,       7.251
 172000         ,      20.687,       9.014,       0.407,       6.647
 173000         ,      20.613,      10.579,       0.951,       6.214
 174000         ,      14.571,      12.449,       0.845,      10.183
 175000         ,      20.353,      10.080,       1.044,       6.516
 176000         ,      19.925,       9.041,       0.701,       5.987
 177000         ,      19.911,       7.845,       1.016,       4.823
 178000         ,      19.411,      11.614,       0.672,       8.059
 179000         ,      18.648,      11.409,       0.702,       7.825
 180000         ,      18.578,      11.774,       0.734,       8.127
 181000         ,      20.044,       9.714,       0.568,       7.216
 182000         ,      18.496,      11.076,       0.459,       7.949
 183000         ,      16.708,       9.699,       0.900,       6.877
 184000         ,      21.648,       8.618,       0.704,       5.696
 185000         ,      19.730,       9.349,       1.072,       5.996
 186000         ,      17.774,       9.073,       0.512,       7.055
 187000         ,      16.700,      11.429,       0.374,       8.760
 188000         ,      15.416,      10.994,       1.012,       7.944
 189000         ,      17.281,      10.851,       0.665,       8.358
 190000         ,      19.726,      12.073,       1.494,       7.889
 191000         ,      19.601,       9.358,       0.448,       7.274
 192000         ,      19.726,      10.667,       0.873,       7.370
 193000         ,      19.194,       9.915,       0.848,       6.158
 194000         ,      18.709,       9.433,       0.432,       6.800
 195000         ,      20.404,       9.492,       0.477,       7.050
 196000         ,      17.262,      11.080,       0.722,       8.044
 197000         ,      17.838,      10.644,       0.970,       6.981
 198000         ,      21.056,      10.134,       0.788,       6.546
 199000         ,      19.971,       9.463,       0.984,       5.802
 200000         ,      22.016,       8.642,       0.862,       5.893
 201000         ,      21.408,      10.690,       1.005,       6.944
 202000         ,      24.761,       8.804,       1.303,       5.729
 203000         ,      21.211,       9.734,       0.304,       6.759
 204000         ,      19.936,       9.901,       0.546,       6.904
 205000         ,      17.863,      11.537,       0.791,       7.745
 206000         ,      20.412,       8.255,       0.994,       5.414
 207000         ,      16.715,      12.434,       1.167,       8.117
 208000         ,      19.596,      11.168,       0.499,       7.830
 209000         ,      15.855,      10.663,       0.516,       8.618
 210000         ,      19.305,       9.414,       0.758,       7.398
 211000         ,      18.560,      10.751,       0.697,       7.385
 212000         ,      20.249,       9.597,       0.649,       6.525
 213000         ,      18.734,       9.760,       0.475,       7.037
 214000         ,      18.463,       9.342,       0.687,       6.360
 215000         ,      16.510,      10.519,       0.475,       8.557
 216000         ,      16.083,      12.635,       0.843,       9.257
 217000         ,      13.124,      12.408,       0.963,      10.274
 218000         ,      16.711,      11.543,       0.846,       9.029
 219000         ,      18.321,       8.189,       0.473,       5.877
 220000         ,      15.192,      13.084,       1.197,       9.765
 221000         ,      18.024,       8.795,       0.309,       7.124
 222000         ,      16.576,      10.031,       0.578,       7.840
 223000         ,      17.114,      11.102,       0.974,       7.635
 224000         ,      16.863,      10.611,       0.637,       7.900
 225000         ,      23.873,       7.158,       1.324,       3.954
 226000         ,      21.508,       9.065,       0.883,       6.116
 227000         ,      17.965,       9.895,       0.458,       7.319
 228000         ,      15.704,      10.751,       0.607,       8.232
 229000         ,      20.918,       7.506,       0.728,       5.597
 230000         ,      16.200,      10.093,       0.506,       8.198
 231000         ,      22.429,       8.116,       1.040,       5.679
 232000         ,      19.938,       9.810,       0.509,       6.739
 233000         ,      23.032,       8.220,       1.014,       5.919
 234000         ,      15.440,      10.249,       0.481,       9.155
 235000         ,      19.058,       9.250,       0.296,       7.559
 236000         ,      20.936,       9.540,       0.718,       6.029
 237000         ,      19.656,      11.064,       0.451,       7.887
 238000         ,      18.970,       8.928,       0.558,       6.629
 239000         ,      13.939,      11.628,       0.747,       9.625
 240000         ,      21.258,       8.904,       0.672,       6.978
 241000         ,      17.414,      11.052,       1.053,       7.566
 242000         ,      19.978,       8.634,       0.579,       7.244
 243000         ,      23.145,       8.899,       0.733,       6.945
 244000         ,      19.212,       9.919,       1.050,       6.794
 245000         ,      17.601,       9.336,       0.502,       8.072
 246000         ,      15.888,       9.942,       0.773,       7.667
 247000         ,      19.834,       9.396,       0.583,       6.673
 248000         ,      19.040,      11.129,       0.898,       7.567
 249000         ,      21.963,       9.125,       1.290,       5.702
 250000         ,      23.527,       8.098,       1.141,       5.045
 251000         ,      23.420,       7.688,       1.364,       4.754
 252000         ,      18.753,       9.536,       0.274,       7.176
 253000         ,      21.453,      10.034,       0.504,       7.127
 254000         ,      18.749,       9.673,       0.382,       7.496
 255000         ,      23.585,       8.531,       1.178,       6.168
 256000         ,      22.024,       8.776,       1.131,       6.199
 257000         ,      21.297,      10.606,       0.853,       8.017
 258000         ,      21.421,       8.687,       1.366,       5.486
 259000         ,      21.092,       9.751,       1.521,       6.835
 260000         ,      18.080,      10.502,       0.647,       7.754
 261000         ,      24.381,       9.089,       1.574,       5.490
 262000         ,      21.768,       7.869,       0.812,       5.808
 263000         ,      20.826,       8.626,       0.700,       5.719
 264000         ,      21.920,       8.200,       0.941,       5.810
 265000         ,      20.999,      10.670,       0.838,       7.571
 266000         ,      17.913,      10.667,       0.910,       7.970
 267000         ,      20.816,       9.177,       0.739,       6.782
 268000         ,      22.012,       9.338,       0.961,       6.817
 269000         ,      19.508,       8.437,       0.578,       6.068
 270000         ,      19.032,      10.386,       1.053,       6.643
 271000         ,      20.622,       8.639,       0.768,       5.879
 272000         ,      21.594,      10.041,       0.775,       6.326
 273000         ,      18.952,       9.453,       1.150,       6.640
 274000         ,      22.625,       8.316,       1.190,       5.261
 275000         ,      22.705,       9.400,       0.850,       6.350
 276000         ,      21.422,       7.906,       1.278,       5.145
 277000         ,      18.587,      10.026,       0.448,       8.288
 278000         ,      18.279,      10.691,       1.956,       6.123
 279000         ,      20.937,       9.364,       0.770,       6.233
 280000         ,      21.964,       9.908,       1.261,       6.215
 281000         ,      23.106,       7.455,       1.452,       5.482
 282000         ,      19.253,      10.081,       0.947,       6.746
 283000         ,      18.105,      11.230,       0.569,       8.176
 284000         ,      24.107,       8.104,       1.464,       4.382
 285000         ,      20.392,      11.686,       0.951,       7.719
 286000         ,      23.979,       9.503,       2.113,       4.912
 287000         ,      19.683,      10.199,       0.661,       7.095
 288000         ,      21.950,       8.553,       0.771,       5.754
 289000         ,      22.966,       9.452,       1.248,       5.465
 290000         ,      19.004,      10.053,       0.364,       7.210
 291000         ,      17.053,      11.210,       0.571,       8.485
 292000         ,      22.191,       8.429,       1.294,       6.418
 293000         ,      21.294,       8.652,       0.318,       6.405
 294000         ,      19.759,       8.406,       0.448,       6.424
 295000         ,      21.222,       7.838,       0.940,       5.844
 296000         ,      18.444,       8.569,       0.704,       6.448
 297000         ,      23.035,      10.274,       1.227,       6.306
 298000         ,      20.485,       9.288,       1.076,       6.071
 299000         ,      18.797,      11.266,       0.802,       8.740
 300000         ,      22.837,       7.652,       1.206,       4.954
 301000         ,      19.741,      10.779,       1.117,       7.576
 302000         ,      23.449,       9.123,       1.944,       5.948
 303000         ,      16.889,      11.890,       0.805,       8.982
 304000         ,      24.559,       7.556,       1.514,       4.319
 305000         ,      20.944,      11.090,       0.769,       8.292
 306000         ,      19.310,      10.063,       0.630,       6.652
 307000         ,      20.755,       9.191,       0.678,       6.120
 308000         ,      24.554,       7.707,       1.094,       5.422
 309000         ,      22.860,       9.200,       1.049,       5.878
 310000         ,      22.534,       8.334,       0.748,       5.782
 311000         ,      24.020,       7.768,       1.439,       5.171
 312000         ,      20.624,       9.128,       0.656,       6.849
 313000         ,      18.322,      11.047,       1.013,       7.538
 314000         ,      23.281,       8.508,       1.385,       5.174
 315000         ,      19.743,      11.646,       1.018,       7.516
 316000         ,      21.151,       8.801,       1.394,       5.097
 317000         ,      23.879,       9.745,       2.037,       6.292
 318000         ,      18.245,       9.992,       0.504,       7.619
 319000         ,      24.430,       7.655,       1.589,       5.000
 320000         ,      19.162,      10.099,       1.136,       7.545
 321000         ,      18.877,       9.033,       0.682,       6.420
 322000         ,      21.820,       9.633,       0.785,       6.177
 323000         ,      22.285,      10.087,       1.891,       5.888
 324000         ,      26.958,       7.320,       1.696,       5.546
 325000         ,      25.835,       7.735,       2.499,       4.111
 326000         ,      23.560,       8.529,       1.204,       5.838
 327000         ,      23.647,       9.834,       1.437,       6.451
 328000         ,      22.736,       8.948,       1.502,       5.110
 329000         ,      24.890,       7.138,       1.383,       5.275
 330000         ,      22.582,       9.680,       1.042,       6.422
 331000         ,      22.709,       8.706,       1.624,       5.392
 332000         ,      22.792,       8.414,       0.826,       6.686
 333000         ,      23.687,       8.961,       1.562,       5.659
 334000         ,      20.355,       9.909,       0.884,       7.050
 335000         ,      19.018,       9.647,       1.005,       7.572
 336000         ,      19.150,       9.741,       0.440,       7.818
 337000         ,      20.434,      10.291,       0.540,       8.368
 338000         ,      19.043,       9.537,       0.794,       6.563
 339000         ,      21.726,       7.521,       1.118,       5.436
 340000         ,      25.228,       7.359,       1.768,       5.189
 341000         ,      18.486,      10.436,       0.772,       8.160
 342000         ,      20.827,       9.654,       0.740,       7.331
 343000         ,      22.995,       7.900,       1.548,       5.516
 344000         ,      22.166,       8.349,       0.700,       6.842
 345000         ,      20.536,       8.818,       0.815,       6.716
 346000         ,      20.870,       9.692,       1.098,       6.964
 347000         ,      19.480,      10.206,       0.864,       6.903
 348000         ,      22.556,       8.205,       1.260,       4.888
 349000         ,      23.163,       8.669,       1.409,       5.127
 350000         ,      22.346,       8.844,       1.054,       6.435
 351000         ,      18.507,      11.886,       0.732,       8.574
 352000         ,      16.569,      12.332,       0.901,       8.633
 353000         ,      23.976,       6.714,       2.015,       4.615
 354000         ,      19.868,      11.293,       1.499,       7.196
 355000         ,      22.272,       9.493,       1.480,       6.396
 356000         ,      20.452,       8.799,       0.892,       5.595
 357000         ,      22.242,       9.571,       1.264,       6.246
 358000         ,      23.827,       8.309,       1.195,       6.031
 359000         ,      41.431,      44.738,      37.813,      38.547
 360000         ,      38.293,      33.960,      23.418,      25.186
 361000         ,      29.582,      46.956,      26.328,      37.737
 362000         ,      39.032,      44.382,      38.723,      38.360
 363000         ,      34.157,      32.694,      20.329,      23.605
 364000         ,      31.556,      40.141,      23.845,      30.119
 365000         ,      39.934,      45.958,      38.842,      39.798
 366000         ,      36.787,      44.999,      29.357,      35.043
 367000         ,      36.874,      46.985,      36.154,      41.026
 368000         ,      27.435,      28.719,      14.027,      20.022
 369000         ,      35.891,      48.939,      31.151,      38.108
 370000         ,      42.029,      45.842,      39.632,      39.503
 371000         ,      27.857,      43.954,      24.421,      36.478
 372000         ,      41.047,      42.337,      36.624,      36.587
 373000         ,      40.588,      44.459,      37.956,      39.135
 374000         ,      42.827,      48.820,      39.836,      40.968
 375000         ,      45.274,      43.056,      38.780,      38.666
 376000         ,      44.973,      48.427,      42.061,      42.804
 377000         ,      44.535,      48.023,      38.753,      38.632
 378000         ,      38.835,      46.227,      31.270,      35.218
 379000         ,      44.988,      48.524,      41.641,      42.250
 380000         ,      46.920,      46.018,      40.947,      40.285
 381000         ,      40.647,      48.485,      34.588,      36.096
 382000         ,      45.853,      44.737,      40.202,      39.563
 383000         ,      44.297,      44.891,      40.780,      38.401
 384000         ,      45.143,      47.029,      39.748,      42.068
 385000         ,      45.373,      46.475,      41.479,      40.772
 386000         ,      45.478,      41.752,      36.184,      37.953
 387000         ,      44.252,      42.719,      37.643,      38.081
 388000         ,      42.784,      42.305,      37.222,      37.069
 389000         ,      47.057,      48.424,      42.934,      42.460
 390000         ,      45.144,      52.812,      39.588,      42.556
 391000         ,      41.992,      41.022,      36.402,      36.590
 392000         ,      42.097,      50.581,      39.945,      46.931
 393000         ,      42.212,      49.888,      40.001,      46.417
 394000         ,      48.100,      43.904,      35.316,      36.393
 395000         ,      39.128,      52.033,      38.832,      50.142
 396000         ,      38.259,      49.177,      38.240,      47.360
 397000         ,      35.390,      44.903,      35.097,      43.706
 398000         ,      44.843,      45.948,      40.381,      40.129
 399000         ,      40.142,      44.159,      36.673,      40.940
 400000         ,      36.323,      50.929,      35.821,      47.212
 401000         ,      38.480,      43.539,      35.080,      41.319
 402000         ,      43.469,      44.187,      37.756,      42.830
 403000         ,      35.322,      51.137,      34.756,      48.467
 404000         ,      36.175,      51.796,      35.099,      48.561
 405000         ,      34.725,      47.925,      36.888,      45.494
 406000         ,      34.116,      45.183,      34.631,      42.069
 407000         ,      37.484,      49.601,      38.706,      47.947
 408000         ,      33.872,      42.922,      34.234,      41.956
 409000         ,      38.986,      53.522,      37.502,      49.036
 410000         ,      37.287,      49.503,      38.143,      45.924
 411000         ,      36.726,      47.180,      37.918,      45.363
 412000         ,      36.736,      51.798,      35.843,      48.633
 413000         ,      34.003,      48.978,      34.502,      46.241
 414000         ,      37.972,      42.354,      34.256,      40.288
 415000         ,      30.236,      49.144,      30.617,      44.610
 416000         ,      38.181,      51.402,      37.715,      47.604
 417000         ,      36.833,      46.767,      36.491,      44.204
 418000         ,      36.167,      45.373,      30.371,      34.407
 419000         ,      31.506,      48.327,      32.201,      44.996
 420000         ,      35.296,      45.179,      36.321,      41.865
 421000         ,      48.061,      47.787,      41.432,      44.178
 422000         ,      41.684,      46.700,      38.410,      43.220
 423000         ,      37.206,      42.680,      34.615,      41.512
 424000         ,      43.542,      46.407,      39.100,      44.454
 425000         ,      41.695,      53.249,      40.436,      49.840
 426000         ,      46.323,      49.205,      41.981,      45.302
 427000         ,      44.105,      54.659,      41.029,      48.029
 428000         ,      44.380,      49.538,      41.589,      46.078
 429000         ,      44.448,      55.338,      41.059,      48.155
 430000         ,      40.212,      49.495,      40.049,      45.995
 431000         ,      44.861,      49.744,      40.755,      45.633
 432000         ,      41.453,      52.752,      37.394,      46.105
 433000         ,      38.415,      49.277,      33.653,      42.047
 434000         ,      43.696,      45.568,      38.381,      42.504
 435000         ,      46.021,      48.845,      41.663,      45.305
 436000         ,      49.037,      45.732,      40.640,      44.012
 437000         ,      47.060,      48.460,      42.073,      45.086
 438000         ,      50.965,      47.800,      43.072,      43.840
 439000         ,      44.325,      39.714,      35.547,      37.701
 440000         ,      44.442,      41.794,      37.129,      38.891
 441000         ,      45.594,      46.250,      39.878,      42.255
 442000         ,      47.277,      42.704,      38.046,      38.725
 443000         ,      49.170,      43.815,      39.299,      39.689
 444000         ,      48.444,      42.577,      38.666,      39.183
 445000         ,      42.073,      42.146,      36.427,      39.185
 446000         ,      49.729,      44.673,      40.026,      41.564
 447000         ,      47.131,      44.906,      39.401,      43.394
 448000         ,      49.783,      40.487,      38.379,      39.413
 449000         ,      48.153,      41.995,      38.497,      40.676
 450000         ,      44.700,      42.207,      36.531,      39.913
 451000         ,      33.456,      46.263,      34.770,      41.804
 452000         ,      46.873,      53.252,      42.376,      45.603
 453000         ,      47.629,      53.493,      43.390,      46.010
 454000         ,      51.164,      54.945,      44.792,      45.972
 455000         ,      53.047,      53.477,      46.599,      48.458
 456000         ,      47.544,      47.296,      40.941,      44.237
 457000         ,      49.627,      53.206,      45.402,      48.071
 458000         ,      45.241,      44.633,      38.292,      42.571
 459000         ,      53.600,      50.493,      45.407,      47.100
 460000         ,      51.493,      54.131,      47.133,      48.484
 461000         ,      42.707,      44.461,      36.810,      42.422
 462000         ,      49.984,      45.692,      41.246,      43.763
 463000         ,      45.627,      43.748,      37.995,      42.043
 464000         ,      53.290,      54.191,      46.818,      49.768
 465000         ,      54.481,      48.402,      44.071,      44.832
 466000         ,      52.634,      47.248,      43.137,      44.007
 467000         ,      49.454,      46.579,      41.264,      44.517
 468000         ,      47.851,      54.975,      42.566,      46.002
 469000         ,      53.544,      49.553,      44.735,      45.557
 470000         ,      50.840,      51.762,      41.578,      43.098
 471000         ,      50.814,      50.784,      40.952,      41.733
 472000         ,      45.275,      46.076,      34.351,      38.913
 473000         ,      52.026,      52.191,      45.996,      47.095
 474000         ,      38.791,      42.600,      34.899,      41.120
 475000         ,      48.950,      44.038,      39.149,      41.764
 476000         ,      52.192,      41.542,      40.032,      39.676
 477000         ,      44.301,      48.551,      40.776,      43.387
 478000         ,      45.756,      54.679,      39.823,      47.104
 479000         ,      52.163,      45.632,      41.948,      42.364
 480000         ,      46.635,      39.687,      36.522,      37.997
 481000         ,      40.902,      46.544,      37.860,      44.540
 482000         ,      51.831,      52.692,      44.891,      48.380
 483000         ,      48.049,      52.308,      43.064,      43.902
 484000         ,      51.554,      51.334,      44.633,      47.044
 485000         ,      43.259,      42.957,      36.192,      40.211
 486000         ,      47.401,      49.886,      41.712,      46.425
 487000         ,      45.071,      36.827,      34.779,      35.494
 488000         ,      49.858,      49.956,      43.031,      46.209
 489000         ,      52.823,      46.617,      42.978,      43.676
 490000         ,      47.284,      48.832,      41.022,      45.585
 491000         ,      47.980,      43.035,      38.501,      41.118
 492000         ,      45.897,      46.932,      40.374,      45.074
 493000         ,      49.108,      42.280,      39.028,      40.181
 494000         ,      46.905,      45.063,      39.746,      42.867
 495000         ,      48.814,      39.417,      36.980,      37.699
 496000         ,      40.279,      26.198,      27.280,      24.355
 497000         ,      45.943,      37.447,      35.566,      34.705
 498000         ,      43.046,      31.147,      31.571,      28.761
 499000         ,      28.082,      31.959,      25.431,      31.206
 500000         ,      52.437,      54.955,      46.029,      46.875
 501000         ,      53.532,      51.688,      45.139,      47.346
 502000         ,      52.864,      52.103,      43.085,      43.684
 503000         ,      49.665,      51.368,      44.379,      46.285
 504000         ,      42.163,      48.645,      39.113,      41.195
 505000         ,      36.613,      46.577,      37.108,      43.027
 506000         ,      41.989,      48.384,      39.342,      44.162
 507000         ,      50.807,      52.221,      41.908,      43.600
 508000         ,      49.191,      47.058,      41.494,      43.567
 509000         ,      44.498,      50.316,      41.653,      46.397
 510000         ,      45.528,      47.537,      40.330,      45.101
 511000         ,      35.213,      42.722,      25.751,      37.209
 512000         ,      48.219,      48.227,      37.888,      39.687
 513000         ,      47.876,      42.812,      38.323,      40.967
 514000         ,      52.099,      47.110,      43.077,      44.390
 515000         ,      53.943,      50.057,      45.017,      46.550
 516000         ,      50.456,      51.787,      44.585,      46.821
 517000         ,      52.219,      55.072,      44.314,      47.632
 518000         ,      43.290,      52.984,      40.042,      45.230
 519000         ,      50.629,      48.619,      43.065,      45.186
 520000         ,      42.707,      51.174,      41.387,      48.038
 521000         ,      54.222,      53.166,      46.739,      48.078
 522000         ,      51.258,      53.186,      45.976,      47.766
 523000         ,      40.957,      39.157,      34.127,      37.071
 524000         ,      52.337,      51.678,      44.491,      47.314
 525000         ,      50.819,      54.225,      45.343,      47.949
 526000         ,      43.906,      41.607,      32.118,      32.038
 527000         ,      53.352,      52.949,      46.732,      47.863
 528000         ,      36.988,      48.169,      30.509,      40.051
 529000         ,      51.238,      46.971,      42.286,      43.584
 530000         ,      54.056,      51.756,      45.744,      47.196
 531000         ,      52.065,      45.269,      41.681,      42.374
 532000         ,      50.329,      41.850,      39.904,      40.920
 533000         ,      47.939,      52.323,      43.040,      44.683
 534000         ,      41.867,      35.574,      27.167,      29.611
 535000         ,      44.258,      49.581,      35.343,      42.302
 536000         ,      54.460,      53.634,      47.764,      48.920
 537000         ,      51.012,      41.233,      39.200,      39.241
 538000         ,      53.347,      52.543,      45.997,      47.217
 539000         ,      47.792,      48.051,      41.126,      45.167
 540000         ,      44.647,      46.963,      38.752,      44.658
 541000         ,      41.421,      45.912,      37.654,      44.400
 542000         ,      35.758,      50.099,      35.126,      44.967
 543000         ,      39.384,      48.585,      38.395,      46.069
 544000         ,      35.570,      42.717,      33.491,      41.493
 545000         ,      44.969,      46.106,      39.684,      43.262
 546000         ,      53.090,      44.945,      42.180,      43.223
 547000         ,      48.604,      45.933,      40.793,      44.257
 548000         ,      49.014,      46.146,      41.107,      42.739
 549000         ,      44.989,      46.130,      39.351,      42.947
 550000         ,      33.237,      40.947,      31.866,      38.053
 551000         ,      37.851,      48.473,      38.250,      45.566
 552000         ,      50.087,      50.399,      44.575,      44.759
 553000         ,      47.302,      46.559,      40.584,      42.404
 554000         ,      47.017,      52.967,      44.659,      47.984
 555000         ,      52.582,      50.752,      41.373,      42.436
 556000         ,      52.068,      45.587,      41.575,      43.713
 557000         ,      43.823,      37.859,      34.500,      36.264
 558000         ,      45.188,      43.247,      37.835,      41.827
 559000         ,      36.672,      42.799,      34.964,      40.402
 560000         ,      42.882,      47.807,      38.920,      45.336
 561000         ,      42.778,      49.820,      41.176,      45.610
 562000         ,      51.145,      48.039,      42.530,      44.831
 563000         ,      52.969,      44.537,      42.081,      42.254
 564000         ,      49.054,      47.398,      41.773,      45.636
 565000         ,      37.497,      49.181,      38.028,      46.304
 566000         ,      34.137,      45.966,      36.323,      43.959
 567000         ,      40.227,      48.125,      39.248,      45.898
 568000         ,      34.109,      50.554,      33.667,      45.526
 569000         ,      37.582,      49.372,      38.500,      47.133
 570000         ,      34.388,      47.506,      35.725,      45.821
 571000         ,      36.228,      48.789,      37.608,      46.772
 572000         ,      35.909,      49.636,      36.895,      47.010
 573000         ,      36.534,      49.334,      38.025,      46.253
 574000         ,      36.516,      52.943,      35.025,      48.475
 575000         ,      36.692,      48.572,      38.385,      46.074
 576000         ,      37.392,      48.950,      38.435,      45.301
 577000         ,      35.671,      51.186,      33.857,      44.669
 578000         ,      34.250,      51.532,      32.648,      46.851
 579000         ,      38.093,      49.993,      38.612,      46.503
 580000         ,      35.027,      51.314,      33.742,      47.046
 581000         ,      36.476,      50.329,      37.156,      48.563
 582000         ,      35.643,      50.366,      36.344,      47.846
 583000         ,      37.140,      50.446,      37.403,      47.145
 584000         ,      36.441,      49.214,      38.038,      46.733
 585000         ,      37.774,      51.325,      37.620,      49.125
 586000         ,      37.949,      47.588,      37.347,      44.687
 587000         ,      34.980,      49.956,      35.365,      46.909
 588000         ,      36.409,      51.972,      35.449,      47.772
 589000         ,      42.926,      53.336,      41.332,      49.194
 590000         ,      40.446,      46.937,      38.396,      45.465
 591000         ,      36.378,      49.256,      37.869,      47.059
 592000         ,      36.267,      52.254,      34.996,      46.587
 593000         ,      33.592,      47.318,      36.282,      45.885
 594000         ,      36.821,      51.120,      34.317,      45.078
 595000         ,      39.035,      44.900,      36.547,      43.443
 596000         ,      37.676,      51.411,      36.958,      46.784
 597000         ,      36.835,      50.660,      34.171,      45.131
 598000         ,      34.939,      47.314,      36.287,      45.521
 599000         ,      35.018,      51.772,      34.092,      48.168
 600000         ,      31.556,      48.890,      30.908,      45.006
 601000         ,      32.137,      46.687,      34.618,      45.058
 602000         ,      38.570,      50.887,      38.451,      47.692
 603000         ,      41.617,      48.115,      39.188,      45.859
 604000         ,      34.069,      49.420,      34.922,      47.349
 605000         ,      36.028,      50.113,      36.641,      47.859
 606000         ,      35.795,      49.846,      36.519,      47.658
 607000         ,      41.451,      47.512,      38.638,      45.862
 608000         ,      35.641,      52.033,      34.073,      47.152
 609000         ,      35.969,      49.303,      37.658,      47.075
 610000         ,      35.182,      49.619,      35.958,      46.836
 611000         ,      40.473,      49.192,      40.450,      45.590
 612000         ,      37.020,      46.943,      37.059,      43.624
 613000         ,      38.403,      49.265,      33.375,      41.390
 614000         ,      38.227,      41.104,      33.100,      39.177
 615000         ,      36.073,      53.068,      34.302,      47.640
 616000         ,      38.080,      44.982,      35.280,      43.390
 617000         ,      37.220,      51.240,      36.628,      47.035
 618000         ,      38.724,      53.123,      37.870,      51.072
 619000         ,      35.345,      51.553,      34.766,      49.149
 620000         ,      34.802,      47.410,      36.806,      45.644
 621000         ,      38.039,      52.089,      35.199,      45.187
 622000         ,      40.229,      50.063,      40.456,      46.934
 623000         ,      34.640,      50.442,      33.111,      43.726
 624000         ,      37.217,      52.362,      35.768,      49.046
 625000         ,      37.272,      52.305,      35.933,      47.201
 626000         ,      42.090,      50.820,      40.647,      48.906
 627000         ,      43.318,      43.815,      37.528,      42.441
 628000         ,      43.013,      46.768,      38.755,      44.335
 629000         ,      39.715,      48.570,      38.656,      46.513
 630000         ,      40.806,      48.304,      39.174,      45.518
 631000         ,      40.235,      52.652,      40.166,      50.266
 632000         ,      38.362,      47.874,      37.883,      44.931
 633000         ,      45.716,      45.455,      39.017,      43.155
 634000         ,      39.630,      44.968,      36.036,      43.208
 635000         ,      40.894,      47.837,      39.382,      46.286
 636000         ,      34.604,      51.411,      33.828,      46.328
 637000         ,      36.035,      51.841,      34.699,      47.236
 638000         ,      38.526,      43.868,      35.359,      42.487
 639000         ,      40.450,      50.302,      39.916,      46.200
 640000         ,      40.750,      50.750,      40.777,      47.227
 641000         ,      39.961,      52.218,      38.715,      47.373
 642000         ,      38.991,      51.944,      38.879,      49.222
 643000         ,      38.482,      51.762,      37.777,      48.441
 644000         ,      49.882,      48.938,      42.555,      44.230
 645000         ,      39.721,      52.220,      38.143,      46.858
 646000         ,      44.658,      53.297,      40.855,      45.539
 647000         ,      39.763,      46.294,      37.454,      41.430
 648000         ,      39.148,      44.176,      35.748,      41.955
 649000         ,      43.159,      49.477,      41.081,      45.405
 650000         ,      42.335,      43.869,      36.894,      41.045
 651000         ,      44.417,      46.041,      39.264,      43.198
 652000         ,      44.585,      48.088,      40.005,      45.468
 653000         ,      48.480,      44.872,      39.617,      42.997
 654000         ,      42.475,      45.777,      37.989,      43.331
 655000         ,      49.455,      45.596,      40.803,      42.844
 656000         ,      53.364,      52.720,      46.454,      48.036
 657000         ,      54.509,      55.077,      48.232,      48.781
 658000         ,      45.018,      46.112,      39.633,      43.063
 659000         ,      48.564,      46.913,      40.782,      44.487
 660000         ,      49.981,      47.612,      42.271,      44.233
 661000         ,      52.632,      52.559,      43.335,      43.924
 662000         ,      49.599,      43.929,      40.047,      40.805
 663000         ,      53.038,      55.960,      48.082,      50.969
 664000         ,      31.808,      46.182,      34.581,      42.596
 665000         ,      46.023,      41.220,      36.409,      38.738
 666000         ,      39.818,      39.238,      33.805,      38.327
 667000         ,      44.137,      43.270,      37.194,      41.421
 668000         ,      39.332,      44.627,      36.360,      42.499
 669000         ,      42.388,      45.120,      36.973,      43.189
 670000         ,      43.873,      44.238,      37.493,      41.816
 671000         ,      41.019,      44.004,      36.982,      41.762
 672000         ,      44.191,      43.022,      36.841,      40.657
 673000         ,      39.734,      45.933,      36.820,      43.440
 674000         ,      35.543,      41.590,      32.973,      39.457
 675000         ,      45.402,      44.909,      38.546,      43.194
 676000         ,      48.907,      43.964,      39.681,      41.464
 677000         ,      46.437,      45.707,      39.508,      43.605
 678000         ,      46.509,      46.948,      40.101,      42.516
 679000         ,      38.894,      45.105,      36.630,      43.621
 680000         ,      51.109,      50.326,      41.036,      41.168
 681000         ,      53.050,      52.511,      46.459,      47.811
 682000         ,      44.763,      46.620,      39.319,      44.520
 683000         ,      51.318,      49.472,      43.308,      47.161
 684000         ,      48.961,      42.430,      38.815,      40.248
 685000         ,      50.413,      50.847,      43.993,      45.938
 686000         ,      42.082,      46.239,      38.863,      41.677
 687000         ,      47.167,      47.019,      40.330,      45.174
 688000         ,      47.799,      49.201,      41.750,      46.388
 689000         ,      41.780,      44.556,      37.939,      42.732
 690000         ,      44.898,      47.062,      39.552,      43.238
 691000         ,      38.926,      46.365,      37.265,      43.347
 692000         ,      40.251,      40.341,      33.994,      37.910
 693000         ,      48.193,      49.877,      42.509,      46.630
 694000         ,      51.180,      53.851,      45.938,      47.681
 695000         ,      44.397,      53.371,      42.290,      48.312
 696000         ,      50.233,      53.015,      45.421,      47.725
 697000         ,      51.296,      52.150,      45.392,      45.290
 698000         ,      53.122,      49.452,      44.291,      45.431
 699000         ,      50.442,      45.238,      41.211,      41.937
 700000         ,      52.852,      57.487,      46.452,      49.187
 701000         ,      39.015,      48.493,      39.196,      43.902
 702000         ,      52.077,      52.277,      45.966,      46.841
 703000         ,      51.707,      51.396,      44.893,      47.613
 704000         ,      54.122,      53.195,      46.840,      48.509
 705000         ,      53.594,      54.326,      47.420,      49.066
 706000         ,      46.198,      49.275,      41.783,      45.890
 707000         ,      45.387,      49.265,      36.972,      40.786
 708000         ,      48.593,      53.978,      45.356,      49.066
 709000         ,      54.560,      55.135,      48.730,      49.256
 710000         ,      54.083,      49.902,      45.006,      46.030
 711000         ,      52.719,      51.184,      45.544,      45.951
 712000         ,      53.092,      48.134,      43.551,      45.115
 713000         ,      45.635,      46.827,      40.108,      44.973
 714000         ,      42.261,      45.788,      38.225,      44.190
 715000         ,      44.016,      46.718,      39.065,      44.073
 716000         ,      55.071,      52.476,      46.849,      47.750
 717000         ,      46.469,      43.204,      37.844,      41.725
 718000         ,      52.797,      46.360,      42.831,      44.699
 719000         ,      41.882,      48.514,      39.306,      46.767
 720000         ,      42.814,      47.731,      39.132,      45.611
 721000         ,      46.339,      55.015,      43.467,      50.220
 722000         ,      35.494,      49.197,      32.412,      38.122
 723000         ,      44.633,      44.907,      38.407,      42.417
 724000         ,      43.023,      44.412,      37.261,      42.930
 725000         ,      51.096,      50.502,      43.890,      46.312
 726000         ,      43.737,      50.215,      40.629,      47.228
 727000         ,      48.668,      51.278,      43.475,      46.383
 728000         ,      36.624,      49.705,      38.005,      47.806
 729000         ,      35.863,      49.765,      36.808,      47.189
 730000         ,      43.146,      46.339,      38.083,      42.845
 731000         ,      40.934,      45.544,      37.413,      43.563
 732000         ,      54.063,      49.513,      44.208,      45.386
 733000         ,      50.153,      51.105,      44.133,      45.803
 734000         ,      46.704,      47.713,      40.557,      44.188
 735000         ,      51.098,      49.310,      43.149,      45.354
 736000         ,      49.650,      53.337,      42.220,      43.758
 737000         ,      40.778,      52.401,      36.210,      43.747
 738000         ,      46.240,      42.066,      37.446,      40.525
 739000         ,      44.288,      53.528,      39.356,      44.267
 740000         ,      53.299,      43.817,      41.331,      41.677
 741000         ,      56.069,      55.881,      49.847,      50.787
 742000         ,      56.420,      54.407,      48.384,      49.934
 743000         ,      51.740,      47.243,      42.365,      43.913
 744000         ,      54.396,      49.406,      44.591,      46.021
 745000         ,      52.600,      45.808,      42.094,      43.718
 746000         ,      49.927,      47.546,      41.874,      45.711
 747000         ,      38.121,      42.659,      35.029,      38.953
 748000         ,      40.326,      43.676,      36.207,      41.367
 749000         ,      46.826,      48.458,      40.969,      45.589
 750000         ,      44.565,      46.858,      39.574,      43.940
 751000         ,      50.044,      47.837,      41.971,      45.901
 752000         ,      46.651,      45.579,      39.325,      43.236
 753000         ,      47.333,      43.593,      38.401,      41.872
 754000         ,      48.956,      46.973,      40.956,      44.748
 755000         ,      51.741,      46.596,      42.350,      44.730
 756000         ,      50.031,      48.713,      42.476,      46.630
 757000         ,      49.122,      47.724,      41.341,      44.406
 758000         ,      50.660,      48.260,      42.684,      46.375
 759000         ,      48.568,      46.726,      40.982,      44.439
 760000         ,      50.927,      47.788,      42.252,      45.618
 761000         ,      49.543,      48.152,      41.893,      45.656
 762000         ,      50.603,      48.206,      42.466,      45.744
 763000         ,      49.882,      49.016,      42.735,      46.511
 764000         ,      50.020,      47.797,      42.231,      45.873
 765000         ,      49.051,      48.239,      41.888,      45.278
 766000         ,      48.560,      50.509,      42.790,      47.555
 767000         ,      49.178,      48.185,      41.671,      45.773
 768000         ,      50.566,      47.579,      42.374,      45.120
 769000         ,      49.772,      46.509,      41.513,      44.049
 770000         ,      48.545,      46.560,      41.054,      44.513
 771000         ,      50.142,      46.637,      41.555,      44.356
 772000         ,      46.804,      49.180,      41.522,      46.545
 773000         ,      51.460,      48.364,      42.954,      46.233
 774000         ,      48.935,      48.581,      42.174,      45.850
 775000         ,      50.628,      44.645,      40.680,      42.944
 776000         ,      50.358,      47.161,      41.828,      45.149
 777000         ,      50.397,      46.855,      41.404,      43.923
 778000         ,      47.324,      48.203,      41.071,      45.623
 779000         ,      48.265,      46.189,      40.506,      43.873
 780000         ,      48.095,      43.659,      39.503,      41.221
 781000         ,      47.880,      49.387,      42.031,      47.348
 782000         ,      50.081,      47.870,      41.706,      45.362
 783000         ,      49.128,      47.124,      41.347,      44.887
 784000         ,      50.605,      47.358,      42.423,      45.130
 785000         ,      51.250,      47.442,      42.012,      44.866
 786000         ,      50.983,      48.523,      42.940,      46.394
 787000         ,      46.820,      44.280,      38.950,      42.208
 788000         ,      51.214,      46.853,      41.616,      44.530
 789000         ,      52.115,      49.029,      43.655,      47.011
 790000         ,      48.491,      46.045,      39.917,      44.088
 791000         ,      51.396,      47.303,      41.996,      45.055
 792000         ,      47.341,      45.614,      39.649,      42.789
 793000         ,      51.241,      49.259,      43.779,      47.005
 794000         ,      50.466,      46.974,      41.767,      45.083
 795000         ,      49.118,      47.658,      42.036,      45.846
 796000         ,      49.241,      47.434,      41.312,      45.579
 797000         ,      49.072,      51.453,      44.188,      49.296
 798000         ,      48.980,      48.178,      41.629,      45.680
 799000         ,      46.938,      46.569,      40.010,      43.792
 800000         ,      50.919,      45.943,      41.176,      44.052
 801000         ,      48.198,      46.351,      40.550,      43.350
 802000         ,      47.932,      45.882,      39.633,      43.931
 803000         ,      50.394,      49.344,      42.805,      46.352
 804000         ,      47.636,      48.178,      40.593,      45.724
 805000         ,      46.408,      43.167,      37.629,      41.264
 806000         ,      50.216,      48.358,      42.843,      46.130
 807000         ,      49.013,      48.262,      42.273,      45.843
 808000         ,      46.147,      47.709,      40.766,      45.219
 809000         ,      49.192,      50.188,      43.247,      48.108
 810000         ,      50.427,      47.167,      41.716,      44.711
 811000         ,      52.337,      47.109,      42.354,      44.254
 812000         ,      47.611,      47.713,      41.401,      44.801
 813000         ,      43.511,      49.722,      40.811,      45.886
 814000         ,      46.625,      52.252,      44.665,      47.228
 815000         ,      50.886,      48.093,      43.016,      43.935
 816000         ,      50.766,      50.560,      44.891,      45.607
 817000         ,      47.379,      51.038,      43.135,      46.694
 818000         ,      42.273,      53.709,      39.220,      46.292
 819000         ,      47.619,      52.593,      44.469,      47.830
 820000         ,      47.444,      52.620,      44.233,      47.614
 821000         ,      43.415,      53.853,      41.532,      49.221
 822000         ,      52.050,      49.282,      43.862,      44.767
 823000         ,      47.893,      52.714,      44.566,      47.960
 824000         ,      49.716,      51.503,      44.789,      46.178
 825000         ,      45.891,      51.795,      43.242,      46.912
 826000         ,      39.129,      52.075,      35.516,      46.659
 827000         ,      41.975,      53.995,      38.573,      45.804
 828000         ,      40.569,      52.387,      38.565,      46.219
 829000         ,      40.590,      50.699,      36.245,      42.935
 830000         ,      38.107,      50.254,      33.682,      43.449
 831000         ,      39.558,      52.483,      36.016,      45.031
 832000         ,      40.720,      53.076,      37.273,      45.765
 833000         ,      51.278,      49.354,      43.985,      44.533
 834000         ,      40.443,      50.839,      36.491,      43.739
 835000         ,      40.770,      53.458,      38.104,      46.530
 836000         ,      49.202,      50.571,      42.495,      46.268
 837000         ,      42.285,      53.477,      38.335,      46.598
 838000         ,      37.990,      49.960,      34.775,      42.834
 839000         ,      48.643,      53.228,      45.835,      48.185
 840000         ,      42.619,      51.038,      40.715,      48.128
 841000         ,      43.570,      54.821,      39.858,      46.933
 842000         ,      42.549,      51.946,      37.482,      45.526
 843000         ,      43.242,      44.203,      32.898,      39.297
 844000         ,      42.323,      41.289,      30.676,      35.636
 845000         ,      40.981,      46.386,      32.728,      38.990
 846000         ,      43.325,      39.491,      29.648,      33.362
 847000         ,      42.266,      38.882,      28.964,      33.986
 848000         ,      44.930,      39.632,      31.217,      32.529
 849000         ,      45.925,      45.100,      34.333,      39.579
 850000         ,      43.330,      40.442,      30.734,      34.163
 851000         ,      41.366,      39.805,      29.702,      33.063
 852000         ,      46.128,      43.577,      34.392,      37.542
 853000         ,      41.557,      40.282,      29.884,      34.447
 854000         ,      44.438,      43.036,      32.517,      36.875
 855000         ,      45.584,      47.895,      36.166,      41.689
 856000         ,      43.570,      43.002,      32.360,      36.855
 857000         ,      43.363,      40.222,      30.356,      34.424
 858000         ,      45.125,      44.029,      33.385,      39.561
 859000         ,      43.123,      43.027,      32.240,      36.904
 860000         ,      43.276,      45.198,      32.899,      41.329
 861000         ,      41.077,      41.436,      30.379,      36.394
 862000         ,      43.571,      41.704,      31.458,      36.027
 863000         ,      43.436,      42.391,      31.656,      37.846
 864000         ,      44.005,      43.185,      32.283,      35.142
 865000         ,      41.069,      42.656,      30.827,      37.035
 866000         ,      44.679,      46.133,      34.607,      40.649
 867000         ,      44.077,      42.531,      31.589,      36.590
 868000         ,      40.021,      47.280,      32.659,      40.987
 869000         ,      46.179,      52.211,      43.776,      47.628
 870000         ,      43.610,      51.302,      41.999,      47.103
 871000         ,      51.965,      53.041,      46.411,      47.317
 872000         ,      39.381,      51.842,      35.869,      44.312
 873000         ,      49.641,      50.508,      43.445,      46.016
 874000         ,      45.054,      52.377,      43.646,      49.506
 875000         ,      49.825,      49.945,      44.025,      45.739
 876000         ,      46.239,      54.505,      42.309,      46.574
 877000         ,      49.348,      50.124,      43.243,      45.359
 878000         ,      44.565,      51.853,      42.946,      47.372
 879000         ,      42.322,      52.015,      38.203,      45.068
 880000         ,      44.237,      54.375,      39.805,      47.324
 881000         ,      45.983,      49.499,      41.421,      45.956
 882000         ,      43.934,      55.038,      40.629,      47.524
 883000         ,      49.981,      52.257,      44.819,      48.182
 884000         ,      47.487,      52.056,      43.905,      48.381
 885000         ,      46.253,      51.921,      43.546,      48.172
 886000         ,      43.408,      53.241,      41.363,      48.297
 887000         ,      47.349,      51.748,      44.091,      47.685
 888000         ,      48.776,      55.301,      45.659,      50.158
 889000         ,      49.928,      48.966,      43.342,      45.459
 890000         ,      42.806,      52.868,      38.463,      46.242
 891000         ,      44.808,      52.100,      38.189,      47.697
 892000         ,      44.695,      50.434,      37.199,      45.074
 893000         ,      43.645,      54.379,      41.557,      50.556
 894000         ,      42.353,      53.431,      38.244,      49.411
 895000         ,      45.719,      55.589,      42.453,      49.754
 896000         ,      47.147,      54.047,      41.186,      47.432
 897000         ,      42.045,      53.919,      38.772,      48.522
 898000         ,      42.666,      51.629,      41.679,      48.157
 899000         ,      40.018,      53.098,      37.094,      47.229
 900000         ,      43.849,      51.919,      38.406,      45.369
 901000         ,      46.572,      52.507,      44.417,      48.636
 902000         ,      47.838,      54.464,      43.838,      47.203
 903000         ,      42.303,      52.861,      37.864,      46.915
 904000         ,      46.009,      54.220,      44.203,      49.732
 905000         ,      46.408,      55.253,      43.366,      50.118
 906000         ,      43.744,      54.319,      39.303,      47.163
 907000         ,      49.457,      46.500,      41.631,      43.872
 908000         ,      46.533,      53.787,      43.980,      48.483
 909000         ,      48.430,      52.613,      44.059,      48.129
 910000         ,      44.534,      54.197,      40.507,      46.638
 911000         ,      46.111,      55.371,      42.148,      48.637
 912000         ,      45.922,      55.909,      42.305,      49.065
 913000         ,      43.641,      54.065,      39.780,      46.743
 914000         ,      43.910,      52.897,      38.744,      45.890
 915000         ,      45.686,      54.274,      42.953,      49.166
 916000         ,      49.899,      47.442,      41.995,      45.066
 917000         ,      47.670,      51.453,      43.764,      47.250
 918000         ,      48.674,      50.940,      43.662,      46.768
 919000         ,      49.963,      53.289,      46.271,      47.795
 920000         ,      46.770,      54.653,      42.987,      48.143
 921000         ,      45.441,      49.633,      37.600,      42.090
 922000         ,      43.604,      52.861,      38.885,      45.051
 923000         ,      44.935,      54.556,      41.518,      48.044
 924000         ,      50.311,      54.051,      46.723,      48.677
 925000         ,      43.498,      54.340,      40.803,      48.778
 926000         ,      43.678,      55.260,      40.428,      48.713
 927000         ,      48.357,      52.614,      45.195,      48.771
 928000         ,      49.179,      54.838,      45.172,      48.357
 929000         ,      47.957,      54.142,      45.060,      49.652
 930000         ,      42.887,      52.894,      38.070,      45.436
 931000         ,      41.840,      52.290,      36.880,      47.870
 932000         ,      48.710,      51.776,      44.407,      47.515
 933000         ,      48.946,      51.522,      44.255,      46.805
 934000         ,      44.710,      49.306,      36.590,      42.603
 935000         ,      44.777,      54.417,      40.396,      46.675
 936000         ,      40.943,      48.942,      35.029,      42.192
 937000         ,      47.462,      54.997,      44.033,      49.271
 938000         ,      48.808,      50.155,      42.651,      46.125
 939000         ,      41.256,      49.045,      34.258,      41.752
 940000         ,      42.708,      52.389,      38.258,      44.923
 941000         ,      42.892,      55.090,      39.491,      47.621
 942000         ,      48.015,      52.824,      44.356,      48.463
 943000         ,      45.467,      54.897,      43.150,      50.915
 944000         ,      43.217,      54.794,      39.637,      47.813
 945000         ,      39.824,      53.055,      37.646,      47.243
 946000         ,      45.412,      49.489,      41.975,      45.939
 947000         ,      46.147,      51.229,      42.751,      47.750
 948000         ,      46.051,      54.677,      43.339,      49.760
 949000         ,      42.614,      50.227,      40.997,      47.676
 950000         ,      40.471,      51.750,      40.224,      48.281
 951000         ,      40.781,      53.188,      37.443,      47.399
 952000         ,      43.800,      49.006,      40.624,      45.394
 953000         ,      44.812,      54.061,      41.224,      46.637
 954000         ,      43.102,      52.651,      40.592,      46.496
 955000         ,      45.515,      46.228,      39.267,      43.823
 956000         ,      36.746,      39.979,      32.843,      38.383
 957000         ,      44.297,      47.124,      40.256,      43.096
 958000         ,      40.762,      44.535,      37.036,      41.139
 959000         ,      45.295,      44.816,      39.156,      40.846
 960000         ,      42.353,      48.630,      40.687,      43.979
 961000         ,      45.467,      44.443,      38.872,      40.351
 962000         ,      41.501,      46.792,      39.326,      42.207
 963000         ,      38.599,      45.677,      36.935,      41.790
 964000         ,      31.880,      46.476,      28.491,      40.813
 965000         ,      39.012,      52.247,      38.504,      49.155
 966000         ,      41.291,      47.363,      33.830,      40.008
 967000         ,      48.119,      50.962,      43.530,      45.856
 968000         ,      46.122,      48.229,      41.491,      44.172
 969000         ,      48.374,      45.247,      40.328,      42.676
 970000         ,      42.601,      44.031,      37.561,      39.679
 971000         ,      41.310,      45.601,      38.678,      41.429
 972000         ,      46.199,      47.097,      40.729,      43.004
 973000         ,      43.106,      40.273,      36.292,      37.409
 974000         ,      43.475,      40.328,      35.028,      37.838
 975000         ,      40.485,      39.652,      33.216,      37.963
 976000         ,      43.666,      41.445,      35.453,      38.493
 977000         ,      44.752,      45.846,      40.387,      41.335
 978000         ,      41.480,      48.513,      40.986,      43.836
 979000         ,      43.140,      47.660,      39.977,      42.487
 980000         ,      42.650,      45.704,      39.085,      41.570
 981000         ,      43.869,      46.672,      40.825,      42.089
 982000         ,      44.568,      46.514,      39.784,      42.730
 983000         ,      40.308,      44.297,      36.961,      41.202
 984000         ,      41.494,      42.630,      36.767,      38.924
 985000         ,      46.047,      46.562,      39.862,      42.876
 986000         ,      39.776,      46.259,      37.715,      43.749
 987000         ,      45.659,      42.589,      37.749,      40.982
 988000         ,      45.611,      41.113,      36.708,      39.502
 989000         ,      45.631,      43.691,      37.856,      42.207
 990000         ,      49.757,      44.009,      40.062,      42.245
 991000         ,      48.874,      44.595,      39.796,      42.727
 992000         ,      49.602,      44.702,      40.355,      43.043
 993000         ,      45.475,      48.853,      41.632,      46.044
 994000         ,      48.125,      48.734,      41.895,      45.754
 995000         ,      49.321,      42.177,      39.135,      40.096
 996000         ,      48.109,      49.327,      42.589,      45.048
 997000         ,      44.460,      46.098,      39.655,      43.061
 998000         ,      42.880,      48.613,      40.291,      44.580
 999000         ,      47.275,      38.815,      36.557,      36.658
 1000000        ,      45.478,      39.518,      35.867,      37.932
