--------------------------------------------------------------------------------
S H A P E   v2.1         Continuous Shape Measures calculation
(c) 2013  Electronic Structure Group, Universitat de Barcelona
                   Contact:  llunell@ub.edu                   
--------------------------------------------------------------------------------

coordination ZF1 

HP-6            1 D6h   Hexagon                                            
PPY-6           2 C5v   Pentagonal pyramid                                 
OC-6            3 Oh    Octahedron                                         
TPR-6           4 D3h   Trigonal prism                                     
JPPY-6          5 C5v   Johnson pentagonal pyramid J2                      

Structure [ML6 ]         HP-6        PPY-6         OC-6        TPR-6       JPPY-6
 0              ,      31.250,      26.585,       1.230,      14.743,      28.990
 1000           ,      31.274,      27.119,       1.136,      14.682,      29.620
 2000           ,      32.480,      27.627,       1.119,      14.884,      31.137
 3000           ,      31.527,      28.432,       0.888,      16.188,      31.284
 4000           ,      33.300,      28.509,       1.159,      17.019,      32.726
 5000           ,      29.905,      27.248,       1.464,      15.566,      29.148
 6000           ,      31.536,      25.941,       1.125,      15.342,      29.019
 7000           ,      32.395,      27.911,       1.818,      16.560,      31.602
 8000           ,      30.796,      25.199,       1.818,      15.552,      27.289
 9000           ,      31.430,      26.998,       1.250,      15.087,      29.089
 10000          ,      31.020,      24.354,       1.467,      13.186,      28.788
 11000          ,      32.352,      27.101,       1.715,      14.929,      29.162
 12000          ,      31.150,      24.993,       2.392,      14.098,      27.998
 13000          ,      33.446,      28.067,       1.197,      17.033,      31.233
 14000          ,      31.292,      27.733,       1.611,      15.850,      30.239
 15000          ,      29.615,      25.843,       1.729,      12.467,      28.526
 16000          ,      32.723,      27.227,       1.635,      16.473,      30.258
 17000          ,      31.597,      25.819,       1.358,      14.364,      27.991
 18000          ,      32.721,      27.155,       1.448,      15.908,      29.397
 19000          ,      29.344,      27.609,       1.935,      15.426,      28.980
 20000          ,      32.638,      25.255,       1.515,      15.288,      28.605
 21000          ,      31.829,      25.936,       2.025,      13.801,      29.004
 22000          ,      30.377,      24.417,       1.582,      15.368,      26.591
 23000          ,      31.956,      28.166,       1.244,      16.951,      31.205
 24000          ,      31.233,      25.797,       2.116,      14.017,      27.374
 25000          ,      32.290,      28.684,       0.976,      16.568,      31.010
 26000          ,      32.799,      26.138,       1.761,      13.285,      29.015
 27000          ,      30.855,      27.260,       1.386,      16.135,      30.445
 28000          ,      30.294,      27.789,       1.395,      15.448,      29.646
 29000          ,      32.391,      26.754,       1.563,      14.801,      29.405
 30000          ,      32.805,      23.510,       2.768,      11.952,      27.801
 31000          ,      33.213,      26.767,       1.741,      15.482,      30.456
 32000          ,      31.873,      27.849,       1.455,      16.081,      29.728
 33000          ,      32.169,      27.629,       1.621,      16.057,      30.081
 34000          ,      33.247,      26.875,       1.920,      15.066,      29.841
 35000          ,      33.263,      25.788,       1.796,      14.839,      29.414
 36000          ,      31.970,      26.864,       1.413,      14.384,      29.617
 37000          ,      32.439,      28.103,       1.343,      15.360,      30.210
 38000          ,      32.566,      22.173,       2.057,      11.412,      26.737
 39000          ,      32.648,      28.293,       1.959,      17.646,      31.004
 40000          ,      32.175,      25.607,       1.504,      14.683,      28.608
 41000          ,      32.369,      27.947,       1.524,      17.247,      31.314
 42000          ,      32.719,      26.691,       1.241,      15.875,      29.681
 43000          ,      32.011,      24.609,       1.924,      14.711,      29.002
 44000          ,      33.749,      26.619,       1.536,      14.530,      30.498
 45000          ,      31.863,      26.277,       1.198,      15.578,      28.619
 46000          ,      31.562,      26.692,       1.589,      14.663,      30.901
 47000          ,      32.304,      27.665,       1.235,      14.909,      30.279
 48000          ,      31.915,      26.518,       1.425,      13.929,      29.204
 49000          ,      32.172,      27.435,       1.357,      14.949,      30.384
 50000          ,      33.271,      27.657,       1.519,      15.543,      30.951
 51000          ,      32.752,      26.023,       1.745,      13.842,      29.046
 52000          ,      30.645,      25.562,       1.457,      13.644,      29.488
 53000          ,      32.627,      28.410,       1.326,      16.895,      30.615
 54000          ,      30.962,      25.289,       1.200,      13.856,      28.591
 55000          ,      33.143,      27.051,       0.982,      14.890,      30.482
 56000          ,      32.945,      24.800,       2.340,      15.029,      27.940
 57000          ,      33.170,      26.976,       1.753,      15.477,      30.051
 58000          ,      31.809,      27.022,       1.947,      14.187,      29.284
 59000          ,      33.914,      28.101,       2.500,      16.469,      31.777
 60000          ,      32.317,      25.351,       2.250,      13.128,      28.308
 61000          ,      31.849,      27.561,       1.724,      15.568,      30.884
 62000          ,      31.679,      27.183,       1.201,      14.612,      30.262
 63000          ,      32.611,      28.588,       1.578,      16.046,      30.510
 64000          ,      32.303,      28.218,       1.652,      16.447,      31.510
 65000          ,      32.390,      27.446,       1.096,      16.321,      31.174
 66000          ,      31.477,      26.060,       1.446,      14.995,      29.089
 67000          ,      31.915,      27.214,       1.308,      14.151,      29.716
 68000          ,      31.647,      25.209,       1.830,      14.536,      28.077
 69000          ,      30.613,      25.783,       1.543,      14.986,      28.681
 70000          ,      31.235,      27.850,       1.095,      15.977,      29.609
 71000          ,      31.649,      27.250,       2.269,      14.292,      29.561
 72000          ,      31.790,      27.052,       1.527,      15.367,      30.087
 73000          ,      31.627,      24.795,       1.441,      14.261,      28.171
 74000          ,      30.841,      25.950,       1.359,      13.023,      29.076
 75000          ,      31.080,      25.000,       1.361,      14.109,      28.266
 76000          ,      31.366,      24.385,       2.458,      12.272,      27.286
 77000          ,      31.645,      27.647,       1.401,      14.258,      29.629
 78000          ,      33.491,      26.909,       1.516,      15.509,      29.967
 79000          ,      32.897,      23.991,       1.920,      12.108,      26.297
 80000          ,      32.158,      28.064,       1.507,      15.608,      31.057
 81000          ,      32.563,      25.425,       2.098,      13.531,      27.329
 82000          ,      33.831,      24.491,       1.781,      11.838,      29.093
 83000          ,      33.058,      27.766,       1.599,      14.759,      30.624
 84000          ,      33.149,      26.764,       1.478,      14.775,      30.114
 85000          ,      32.668,      26.805,       1.722,      15.003,      29.399
 86000          ,      31.939,      26.169,       1.686,      13.735,      29.691
 87000          ,      33.162,      27.255,       1.288,      14.854,      30.491
 88000          ,      33.024,      28.262,       1.371,      16.514,      31.529
 89000          ,      32.414,      27.339,       0.993,      16.134,      30.665
 90000          ,      31.943,      26.602,       1.141,      15.372,      31.243
 91000          ,      31.944,      27.931,       1.293,      16.718,      30.297
 92000          ,      32.533,      26.919,       1.529,      13.931,      29.940
 93000          ,      32.417,      28.799,       1.476,      16.720,      31.410
 94000          ,      32.825,      27.031,       1.654,      14.831,      31.384
 95000          ,      33.269,      28.238,       1.095,      15.405,      31.622
 96000          ,      33.414,      25.640,       1.878,      14.472,      28.855
 97000          ,      33.658,      26.478,       1.823,      14.947,      29.241
 98000          ,      33.020,      25.099,       1.470,      13.468,      27.992
 99000          ,      32.695,      27.871,       1.938,      15.984,      30.018
 100000         ,      31.702,      27.286,       1.478,      14.122,      29.600
 101000         ,      33.846,      26.772,       1.747,      14.138,      30.603
 102000         ,      32.374,      28.596,       1.253,      17.255,      30.842
 103000         ,      32.405,      28.335,       1.926,      16.492,      31.325
 104000         ,      32.927,      26.583,       2.053,      14.781,      30.798
 105000         ,      33.070,      26.971,       1.595,      15.087,      29.857
 106000         ,      31.524,      26.784,       1.327,      15.043,      29.800
 107000         ,      33.630,      26.699,       1.705,      14.215,      30.271
 108000         ,      31.376,      28.644,       0.854,      15.642,      31.296
 109000         ,      32.387,      28.427,       2.175,      16.188,      30.278
 110000         ,      33.340,      27.386,       2.074,      14.798,      29.557
 111000         ,      31.568,      27.163,       1.036,      15.919,      29.852
 112000         ,      32.461,      27.805,       1.862,      17.011,      31.117
 113000         ,      32.611,      27.231,       1.213,      14.823,      31.035
 114000         ,      31.944,      24.928,       1.890,      12.714,      27.831
 115000         ,      31.366,      27.949,       1.207,      15.572,      30.483
 116000         ,      29.334,      26.327,       2.216,      14.921,      28.336
 117000         ,      30.985,      26.205,       1.843,      16.384,      28.283
 118000         ,      30.558,      24.327,       1.510,      13.655,      28.842
 119000         ,      32.196,      29.134,       1.084,      16.157,      31.264
 120000         ,      32.553,      27.613,       2.023,      17.025,      30.544
 121000         ,      32.677,      26.056,       1.137,      14.994,      29.145
 122000         ,      32.351,      27.612,       2.175,      15.350,      30.281
 123000         ,      30.074,      24.662,       1.944,      14.049,      27.348
 124000         ,      31.227,      26.064,       2.100,      13.168,      28.540
 125000         ,      31.964,      26.078,       2.084,      12.434,      28.194
 126000         ,      32.222,      27.941,       0.895,      15.632,      30.543
 127000         ,      32.293,      26.176,       1.784,      14.085,      30.638
 128000         ,      32.668,      26.733,       1.479,      14.712,      31.015
 129000         ,      32.410,      27.650,       1.190,      15.747,      30.448
 130000         ,      31.983,      25.436,       2.166,      14.454,      29.998
 131000         ,      29.701,      26.716,       1.638,      15.464,      28.502
 132000         ,      32.225,      28.083,       1.046,      16.209,      30.919
 133000         ,      32.166,      28.424,       0.970,      16.796,      31.922
 134000         ,      32.122,      28.053,       1.435,      15.908,      30.868
 135000         ,      33.345,      28.250,       1.236,      15.904,      31.494
 136000         ,      32.227,      28.367,       0.781,      15.842,      31.002
 137000         ,      32.701,      28.108,       1.244,      15.410,      31.257
 138000         ,      31.824,      26.532,       1.733,      14.582,      29.792
 139000         ,      31.013,      26.793,       1.578,      13.590,      29.289
 140000         ,      30.969,      28.098,       1.065,      16.618,      31.378
 141000         ,      33.022,      27.189,       1.542,      15.309,      30.222
 142000         ,      32.108,      26.086,       1.252,      15.045,      29.850
 143000         ,      30.836,      25.512,       2.001,      14.533,      28.224
 144000         ,      32.096,      27.359,       1.498,      13.956,      30.012
 145000         ,      32.336,      28.157,       1.257,      16.363,      30.652
 146000         ,      32.306,      26.605,       1.194,      15.033,      30.395
 147000         ,      31.980,      27.638,       1.492,      15.082,      30.909
 148000         ,      32.397,      25.991,       2.266,      14.510,      28.728
 149000         ,      32.683,      28.297,       2.103,      16.383,      31.331
 150000         ,      31.880,      26.027,       1.217,      14.987,      28.533
 151000         ,      33.201,      25.929,       1.555,      15.254,      30.499
 152000         ,      32.686,      26.397,       1.538,      14.114,      30.245
 153000         ,      33.172,      28.131,       1.591,      16.366,      31.025
 154000         ,      32.185,      27.255,       1.452,      14.338,      30.442
 155000         ,      32.884,      26.760,       1.384,      14.066,      29.113
 156000         ,      31.570,      27.711,       1.688,      15.732,      30.772
 157000         ,      33.523,      27.179,       1.727,      14.177,      30.966
 158000         ,      32.933,      27.489,       1.827,      16.611,      30.849
 159000         ,      30.468,      24.961,       1.429,      13.473,      27.764
 160000         ,      32.832,      27.268,       1.612,      15.884,      30.114
 161000         ,      32.423,      28.171,       1.590,      15.782,      30.883
 162000         ,      28.469,      25.568,       1.579,      15.356,      28.230
 163000         ,      31.558,      26.590,       1.727,      14.824,      29.791
 164000         ,      33.686,      25.640,       1.874,      12.966,      28.125
 165000         ,      30.997,      25.374,       1.533,      14.201,      28.339
 166000         ,      31.065,      27.146,       1.572,      15.862,      29.542
 167000         ,      32.139,      27.404,       1.501,      16.220,      31.323
 168000         ,      32.439,      27.262,       0.912,      14.743,      30.485
 169000         ,      31.880,      26.796,       1.400,      16.249,      30.849
 170000         ,      32.970,      26.947,       1.339,      15.517,      31.558
 171000         ,      32.147,      25.165,       1.698,      11.898,      28.004
 172000         ,      33.004,      27.571,       1.326,      14.620,      31.103
 173000         ,      33.408,      26.534,       1.534,      13.499,      29.828
 174000         ,      31.390,      27.306,       1.399,      14.812,      29.389
 175000         ,      32.716,      25.887,       1.938,      13.452,      28.893
 176000         ,      32.307,      27.598,       1.251,      15.062,      29.781
 177000         ,      32.762,      28.632,       1.326,      15.584,      31.697
 178000         ,      32.241,      27.335,       1.116,      16.413,      30.091
 179000         ,      30.888,      26.170,       1.413,      13.817,      28.949
 180000         ,      30.754,      26.777,       1.576,      15.475,      29.362
 181000         ,      31.889,      26.915,       1.279,      14.262,      30.057
 182000         ,      32.015,      28.462,       1.072,      16.509,      31.218
 183000         ,      32.528,      25.990,       1.348,      14.421,      30.986
 184000         ,      31.375,      28.668,       1.143,      16.148,      30.962
 185000         ,      32.995,      27.332,       1.856,      15.091,      29.987
 186000         ,      31.254,      27.841,       1.668,      16.668,      31.135
 187000         ,      32.743,      27.425,       0.984,      15.381,      31.255
 188000         ,      32.485,      26.912,       1.309,      14.440,      29.398
 189000         ,      29.657,      22.769,       2.234,      14.401,      25.672
 190000         ,      32.525,      27.499,       2.479,      15.537,      29.436
 191000         ,      32.870,      27.762,       1.219,      15.665,      31.997
 192000         ,      32.016,      27.684,       1.708,      15.489,      29.644
 193000         ,      32.574,      27.532,       1.370,      15.160,      31.592
 194000         ,      32.720,      28.484,       0.870,      16.042,      31.644
 195000         ,      33.607,      26.217,       1.489,      14.217,      29.787
 196000         ,      33.511,      28.144,       1.279,      16.529,      30.884
 197000         ,      32.719,      27.395,       1.235,      15.003,      30.811
 198000         ,      31.435,      27.376,       1.343,      14.804,      29.601
 199000         ,      33.316,      27.640,       1.782,      15.076,      30.514
 200000         ,      31.485,      27.970,       1.279,      15.349,      30.510
 201000         ,      33.101,      27.578,       1.859,      15.834,      29.507
 202000         ,      33.383,      26.526,       2.128,      14.338,      29.537
 203000         ,      33.481,      27.558,       0.773,      14.918,      31.632
 204000         ,      31.767,      28.280,       1.239,      15.860,      31.228
 205000         ,      32.879,      27.713,       1.028,      15.111,      31.867
 206000         ,      32.069,      27.144,       1.458,      14.804,      30.020
 207000         ,      31.599,      28.107,       1.599,      15.328,      30.968
 208000         ,      32.375,      28.046,       0.937,      16.076,      31.284
 209000         ,      31.807,      27.584,       1.441,      16.005,      30.317
 210000         ,      31.572,      26.305,       1.333,      14.549,      29.405
 211000         ,      30.849,      27.026,       1.377,      16.514,      30.905
 212000         ,      32.030,      26.570,       1.491,      14.731,      29.352
 213000         ,      32.712,      27.080,       1.266,      15.069,      30.585
 214000         ,      32.888,      27.439,       1.504,      15.367,      30.665
 215000         ,      32.514,      27.811,       1.289,      16.067,      30.831
 216000         ,      33.135,      26.096,       1.538,      15.003,      30.777
 217000         ,      30.183,      25.789,       1.215,      13.052,      28.420
 218000         ,      32.593,      27.615,       1.683,      16.363,      30.701
 219000         ,      33.369,      27.632,       1.193,      15.423,      31.859
 220000         ,      31.612,      26.361,       1.925,      14.744,      29.169
 221000         ,      33.631,      26.888,       1.517,      16.239,      31.581
 222000         ,      29.667,      28.097,       1.389,      16.184,      30.493
 223000         ,      31.404,      28.475,       1.816,      16.491,      30.657
 224000         ,      31.780,      27.532,       1.487,      15.328,      30.467
 225000         ,      33.215,      25.100,       2.044,      13.857,      28.409
 226000         ,      33.214,      27.632,       1.613,      15.077,      29.864
 227000         ,      31.627,      28.128,       1.617,      16.351,      31.644
 228000         ,      33.391,      26.215,       1.276,      14.795,      29.517
 229000         ,      30.134,      24.845,       1.641,      13.403,      29.276
 230000         ,      31.165,      28.180,       1.362,      16.656,      30.434
 231000         ,      30.201,      26.998,       1.655,      14.306,      29.021
 232000         ,      32.903,      28.063,       1.475,      16.134,      32.041
 233000         ,      33.113,      25.213,       2.183,      14.108,      26.880
 234000         ,      33.114,      27.140,       1.231,      15.278,      29.463
 235000         ,      32.979,      25.843,       1.462,      14.072,      29.302
 236000         ,      32.578,      27.461,       0.832,      15.045,      30.295
 237000         ,      32.786,      28.426,       1.013,      16.429,      31.529
 238000         ,      32.689,      27.737,       1.619,      16.428,      30.985
 239000         ,      31.390,      27.182,       1.484,      14.643,      29.570
 240000         ,      31.586,      26.127,       1.485,      14.305,      30.452
 241000         ,      32.790,      27.604,       1.907,      15.087,      30.083
 242000         ,      32.136,      25.638,       1.682,      14.193,      28.688
 243000         ,      33.524,      26.034,       1.494,      13.444,      30.209
 244000         ,      33.634,      27.720,       2.355,      15.858,      30.578
 245000         ,      32.386,      27.533,       1.851,      15.267,      29.705
 246000         ,      30.955,      28.432,       1.510,      16.776,      30.586
 247000         ,      31.678,      27.458,       1.144,      14.853,      30.796
 248000         ,      33.096,      27.019,       1.554,      16.800,      29.678
 249000         ,      33.728,      27.835,       2.221,      15.693,      30.211
 250000         ,      33.508,      27.117,       2.045,      13.784,      29.899
 251000         ,      33.160,      26.108,       2.404,      14.567,      29.335
 252000         ,      32.450,      27.288,       1.223,      15.771,      30.869
 253000         ,      32.873,      27.224,       1.320,      15.447,      31.768
 254000         ,      32.369,      27.442,       1.341,      15.779,      30.340
 255000         ,      30.499,      27.242,       1.533,      14.493,      29.211
 256000         ,      29.725,      26.995,       1.835,      14.799,      28.788
 257000         ,      32.693,      26.267,       1.583,      13.983,      29.020
 258000         ,      32.253,      27.980,       1.890,      16.177,      31.394
 259000         ,      30.697,      25.317,       2.508,      14.115,      28.209
 260000         ,      31.349,      27.554,       1.651,      16.585,      30.117
 261000         ,      31.102,      26.135,       2.488,      12.945,      28.350
 262000         ,      31.472,      25.637,       1.758,      13.209,      29.677
 263000         ,      32.525,      28.516,       1.377,      15.796,      31.148
 264000         ,      32.634,      26.244,       1.704,      13.223,      29.500
 265000         ,      33.498,      26.693,       1.945,      15.403,      30.753
 266000         ,      30.076,      27.485,       1.423,      15.974,      30.243
 267000         ,      32.623,      26.707,       1.384,      14.274,      29.299
 268000         ,      32.357,      27.976,       2.171,      15.783,      30.015
 269000         ,      30.263,      25.235,       1.646,      13.896,      28.416
 270000         ,      31.048,      27.159,       1.596,      14.947,      30.470
 271000         ,      32.189,      27.644,       1.550,      15.021,      30.409
 272000         ,      32.806,      25.725,       1.114,      14.180,      28.431
 273000         ,      33.077,      28.233,       2.317,      16.183,      31.515
 274000         ,      32.029,      25.346,       1.885,      14.559,      28.432
 275000         ,      31.208,      26.327,       1.565,      15.319,      29.330
 276000         ,      32.307,      24.750,       2.239,      12.259,      27.834
 277000         ,      33.216,      26.996,       1.371,      15.063,      30.340
 278000         ,      32.559,      24.382,       3.158,      11.634,      27.700
 279000         ,      32.191,      27.312,       1.589,      15.226,      30.169
 280000         ,      31.462,      24.672,       1.632,      13.510,      27.326
 281000         ,      32.979,      26.664,       2.615,      14.477,      29.515
 282000         ,      33.761,      28.699,       1.572,      16.285,      31.440
 283000         ,      32.270,      26.749,       1.473,      15.651,      29.541
 284000         ,      32.767,      27.002,       2.036,      13.725,      29.817
 285000         ,      31.911,      26.656,       1.312,      15.135,      29.138
 286000         ,      31.137,      24.446,       2.381,      13.792,      26.339
 287000         ,      32.849,      28.102,       1.214,      15.853,      31.559
 288000         ,      33.410,      27.792,       1.361,      15.130,      30.251
 289000         ,      31.611,      26.149,       1.598,      14.907,      28.331
 290000         ,      32.915,      27.306,       1.096,      15.746,      30.427
 291000         ,      31.438,      27.177,       1.287,      15.811,      29.893
 292000         ,      30.156,      25.772,       1.861,      14.126,      27.745
 293000         ,      32.709,      26.850,       1.092,      14.075,      31.026
 294000         ,      32.555,      28.861,       1.365,      16.380,      31.311
 295000         ,      32.604,      26.802,       1.975,      15.008,      29.935
 296000         ,      32.481,      28.486,       1.762,      16.784,      31.314
 297000         ,      31.631,      27.334,       1.942,      14.737,      29.362
 298000         ,      32.267,      27.715,       2.069,      15.957,      30.890
 299000         ,      32.589,      26.456,       2.135,      16.107,      29.372
 300000         ,      32.646,      25.822,       1.976,      12.468,      29.450
 301000         ,      31.424,      27.562,       1.828,      16.171,      30.051
 302000         ,      32.721,      25.122,       2.630,      12.341,      27.382
 303000         ,      30.116,      27.495,       1.520,      16.585,      29.651
 304000         ,      33.207,      25.302,       2.443,      14.035,      26.964
 305000         ,      30.574,      27.054,       1.505,      16.121,      29.698
 306000         ,      32.714,      28.637,       1.357,      16.684,      31.547
 307000         ,      31.723,      26.427,       1.663,      15.111,      29.362
 308000         ,      32.575,      25.025,       2.306,      12.160,      28.876
 309000         ,      30.820,      26.313,       1.508,      14.065,      28.466
 310000         ,      33.494,      27.269,       1.477,      14.784,      29.911
 311000         ,      33.687,      25.560,       2.848,      13.384,      30.286
 312000         ,      30.684,      28.369,       1.521,      15.955,      30.471
 313000         ,      33.083,      27.567,       1.903,      14.977,      29.988
 314000         ,      30.772,      24.645,       1.909,      12.015,      28.223
 315000         ,      31.443,      26.891,       1.927,      14.401,      29.595
 316000         ,      31.638,      26.336,       2.191,      13.865,      29.500
 317000         ,      29.809,      25.141,       2.742,      13.677,      26.929
 318000         ,      31.936,      27.295,       1.434,      17.040,      30.504
 319000         ,      31.934,      25.121,       2.170,      11.624,      28.005
 320000         ,      32.627,      26.142,       1.950,      13.899,      29.241
 321000         ,      33.101,      27.294,       1.706,      16.500,      30.390
 322000         ,      32.765,      27.818,       1.444,      15.393,      30.036
 323000         ,      32.528,      25.184,       2.644,      12.763,      27.817
 324000         ,      32.031,      24.606,       1.956,      11.231,      26.805
 325000         ,      32.254,      22.131,       3.106,      12.010,      25.001
 326000         ,      32.283,      26.492,       2.107,      15.122,      28.163
 327000         ,      30.944,      23.550,       2.004,      13.562,      25.423
 328000         ,      31.651,      25.543,       2.131,      14.065,      27.754
 329000         ,      32.843,      25.529,       2.561,      13.593,      30.069
 330000         ,      31.493,      28.155,       1.868,      15.434,      30.035
 331000         ,      31.995,      23.113,       2.273,      11.931,      25.516
 332000         ,      31.878,      26.349,       1.597,      13.110,      28.640
 333000         ,      30.917,      26.055,       2.324,      14.620,      27.772
 334000         ,      31.899,      27.012,       1.970,      15.914,      29.555
 335000         ,      32.177,      26.785,       2.123,      15.301,      29.537
 336000         ,      31.183,      26.079,       1.375,      15.023,      29.483
 337000         ,      32.549,      26.552,       1.549,      13.787,      29.602
 338000         ,      33.535,      27.648,       1.962,      15.904,      30.797
 339000         ,      32.815,      26.510,       2.000,      13.454,      29.689
 340000         ,      29.766,      25.539,       2.465,      13.423,      27.257
 341000         ,      32.313,      28.261,       1.851,      16.325,      30.365
 342000         ,      32.837,      24.107,       1.881,      13.230,      28.612
 343000         ,      32.528,      25.534,       2.293,      12.581,      27.548
 344000         ,      31.966,      28.012,       1.596,      14.994,      30.273
 345000         ,      31.530,      26.091,       1.897,      14.431,      30.384
 346000         ,      29.333,      27.154,       1.897,      15.820,      28.711
 347000         ,      32.412,      26.981,       1.703,      15.457,      29.777
 348000         ,      31.944,      24.851,       2.131,      14.075,      28.006
 349000         ,      31.464,      24.701,       2.101,      11.497,      27.352
 350000         ,      32.577,      23.642,       2.356,      12.382,      28.594
 351000         ,      30.613,      26.025,       1.204,      15.787,      28.813
 352000         ,      33.562,      27.660,       1.513,      16.099,      31.358
 353000         ,      31.416,      25.600,       2.694,      11.647,      27.503
 354000         ,      31.982,      22.799,       2.902,      12.585,      25.438
 355000         ,      32.351,      27.195,       2.576,      14.291,      29.465
 356000         ,      33.442,      27.348,       1.501,      14.563,      29.550
 357000         ,      33.581,      24.796,       2.094,      13.693,      27.177
 358000         ,      30.291,      23.674,       2.588,      11.692,      27.167
 359000         ,      40.757,      34.136,      40.449,      36.610,      35.369
 360000         ,      37.632,      30.509,      30.276,      27.435,      31.957
 361000         ,      38.886,      33.197,      30.087,      29.449,      33.276
 362000         ,      43.677,      31.178,      40.957,      33.516,      32.613
 363000         ,      36.044,      29.518,      25.700,      25.442,      31.078
 364000         ,      36.635,      32.351,      28.268,      28.167,      33.549
 365000         ,      44.103,      35.416,      42.697,      35.254,      36.474
 366000         ,      42.644,      37.200,      34.639,      32.455,      37.561
 367000         ,      42.099,      33.689,      40.426,      33.862,      34.619
 368000         ,      34.558,      27.489,      18.213,      18.343,      28.987
 369000         ,      40.404,      35.648,      35.421,      32.455,      36.075
 370000         ,      42.188,      32.548,      41.609,      34.961,      33.840
 371000         ,      38.661,      34.337,      29.173,      29.768,      33.798
 372000         ,      41.210,      31.860,      38.317,      38.321,      32.587
 373000         ,      42.927,      35.152,      40.345,      40.318,      35.181
 374000         ,      40.922,      31.886,      42.399,      39.141,      32.607
 375000         ,      45.818,      38.147,      43.515,      41.174,      38.725
 376000         ,      44.813,      35.552,      44.653,      39.084,      36.296
 377000         ,      41.500,      32.614,      42.986,      35.150,      33.840
 378000         ,      40.481,      33.345,      37.049,      31.366,      34.345
 379000         ,      42.966,      34.713,      43.681,      38.301,      35.160
 380000         ,      44.952,      36.121,      43.539,      41.003,      36.640
 381000         ,      37.014,      24.551,      39.804,      33.092,      25.214
 382000         ,      45.729,      35.303,      42.368,      40.739,      35.828
 383000         ,      42.501,      33.294,      41.692,      36.932,      33.884
 384000         ,      50.361,      42.936,      47.083,      47.074,      42.649
 385000         ,      45.734,      35.519,      43.470,      40.074,      36.243
 386000         ,      46.350,      39.949,      42.506,      44.711,      39.836
 387000         ,      46.537,      39.085,      41.247,      43.551,      39.238
 388000         ,      43.271,      36.298,      40.632,      40.221,      37.058
 389000         ,      44.377,      35.566,      44.103,      39.580,      35.902
 390000         ,      45.221,      36.069,      48.129,      44.082,      35.759
 391000         ,      44.048,      36.111,      38.102,      40.956,      36.647
 392000         ,      53.167,      44.599,      49.583,      45.139,      43.248
 393000         ,      55.178,      45.645,      50.354,      43.441,      44.796
 394000         ,      48.783,      43.147,      48.025,      43.933,      43.082
 395000         ,      54.801,      43.751,      49.328,      41.321,      42.235
 396000         ,      50.291,      41.288,      45.505,      38.936,      39.823
 397000         ,      51.827,      40.369,      43.788,      37.365,      39.271
 398000         ,      42.044,      34.205,      40.875,      39.317,      35.185
 399000         ,      50.576,      42.944,      46.006,      40.596,      42.569
 400000         ,      49.999,      40.861,      42.939,      36.793,      40.492
 401000         ,      48.779,      40.545,      43.335,      40.602,      40.060
 402000         ,      53.028,      45.544,      46.663,      45.398,      44.988
 403000         ,      51.961,      40.367,      45.052,      37.199,      39.082
 404000         ,      52.394,      41.218,      46.436,      38.749,      39.895
 405000         ,      48.073,      38.097,      43.201,      37.009,      36.945
 406000         ,      46.115,      36.699,      41.391,      35.601,      35.734
 407000         ,      53.573,      43.035,      47.273,      39.798,      41.650
 408000         ,      48.215,      37.470,      39.936,      34.741,      36.580
 409000         ,      52.484,      45.495,      45.895,      41.859,      44.216
 410000         ,      50.215,      43.132,      45.839,      39.159,      41.920
 411000         ,      51.794,      40.650,      43.259,      36.179,      39.925
 412000         ,      53.526,      42.063,      46.376,      39.407,      41.068
 413000         ,      46.529,      34.139,      43.093,      34.740,      33.294
 414000         ,      48.965,      40.130,      43.230,      41.124,      39.404
 415000         ,      46.639,      34.290,      42.298,      32.769,      33.614
 416000         ,      48.267,      42.559,      45.176,      39.358,      42.217
 417000         ,      50.794,      40.213,      46.266,      38.178,      39.322
 418000         ,      39.201,      25.482,      42.665,      34.744,      26.292
 419000         ,      46.431,      34.721,      43.331,      33.808,      34.078
 420000         ,      44.551,      36.521,      41.058,      37.799,      35.979
 421000         ,      58.595,      50.045,      53.158,      48.502,      49.649
 422000         ,      53.724,      44.222,      49.320,      42.394,      44.030
 423000         ,      50.363,      39.406,      42.702,      38.110,      38.592
 424000         ,      54.434,      46.472,      48.465,      45.284,      45.849
 425000         ,      54.873,      45.727,      48.167,      43.254,      45.817
 426000         ,      56.049,      50.300,      52.308,      47.792,      49.722
 427000         ,      54.198,      47.056,      47.940,      45.739,      47.486
 428000         ,      56.146,      47.794,      51.102,      45.809,      47.008
 429000         ,      54.319,      47.329,      49.444,      46.699,      47.583
 430000         ,      53.091,      44.488,      47.064,      40.794,      44.325
 431000         ,      55.906,      48.200,      51.673,      46.538,      47.639
 432000         ,      51.479,      46.237,      46.583,      44.878,      46.593
 433000         ,      47.256,      41.423,      42.093,      40.691,      41.438
 434000         ,      53.662,      45.195,      48.991,      45.045,      44.805
 435000         ,      57.092,      48.316,      51.480,      46.313,      47.877
 436000         ,      56.953,      50.581,      51.703,      50.207,      49.856
 437000         ,      57.379,      48.688,      52.297,      47.624,      48.423
 438000         ,      58.631,      50.594,      52.717,      48.860,      50.887
 439000         ,      51.402,      42.552,      44.818,      40.678,      42.549
 440000         ,      54.027,      44.828,      46.973,      43.217,      44.835
 441000         ,      54.825,      44.914,      49.234,      42.859,      45.274
 442000         ,      52.531,      44.288,      45.754,      41.738,      45.010
 443000         ,      54.409,      45.635,      48.343,      43.008,      46.618
 444000         ,      53.652,      45.915,      48.184,      42.790,      46.424
 445000         ,      52.849,      43.420,      45.965,      43.245,      43.276
 446000         ,      53.584,      45.702,      53.100,      50.520,      44.879
 447000         ,      55.119,      48.396,      50.626,      48.893,      47.752
 448000         ,      54.371,      45.565,      49.060,      42.491,      44.806
 449000         ,      54.224,      46.465,      48.313,      44.777,      45.924
 450000         ,      51.494,      45.215,      46.768,      44.990,      45.297
 451000         ,      41.637,      31.401,      39.734,      36.248,      31.308
 452000         ,      49.541,      40.925,      50.775,      48.242,      40.626
 453000         ,      48.342,      41.381,      50.814,      48.634,      40.974
 454000         ,      52.460,      46.142,      55.785,      50.872,      45.637
 455000         ,      58.360,      53.030,      57.457,      54.461,      52.574
 456000         ,      54.407,      50.608,      49.092,      50.784,      49.777
 457000         ,      53.254,      46.528,      53.456,      52.072,      45.647
 458000         ,      52.819,      47.562,      48.882,      47.838,      47.163
 459000         ,      59.452,      55.280,      54.570,      55.419,      54.105
 460000         ,      53.487,      47.229,      54.651,      52.784,      46.586
 461000         ,      51.569,      45.741,      46.346,      44.907,      45.100
 462000         ,      57.076,      51.182,      51.766,      50.855,      50.296
 463000         ,      52.605,      46.449,      47.499,      46.732,      46.148
 464000         ,      59.451,      55.972,      58.860,      56.898,      55.259
 465000         ,      57.598,      52.502,      54.600,      55.186,      51.596
 466000         ,      56.252,      49.999,      52.071,      52.095,      49.023
 467000         ,      57.013,      50.417,      52.278,      50.518,      49.644
 468000         ,      53.617,      47.816,      52.215,      47.321,      47.228
 469000         ,      58.368,      52.802,      54.181,      54.625,      51.784
 470000         ,      52.664,      47.214,      52.551,      48.487,      47.147
 471000         ,      49.161,      43.204,      50.236,      45.359,      42.892
 472000         ,      50.069,      41.570,      53.374,      48.478,      41.139
 473000         ,      53.951,      47.783,      53.113,      53.190,      47.223
 474000         ,      48.708,      41.207,      42.586,      39.749,      40.846
 475000         ,      54.474,      49.121,      51.960,      46.198,      48.791
 476000         ,      56.418,      47.258,      51.513,      44.665,      46.173
 477000         ,      48.198,      39.655,      45.938,      44.880,      39.269
 478000         ,      53.947,      50.186,      49.734,      48.371,      48.979
 479000         ,      56.061,      48.588,      51.559,      49.994,      47.633
 480000         ,      51.497,      41.113,      50.962,      45.543,      40.077
 481000         ,      49.239,      43.612,      45.803,      41.911,      43.077
 482000         ,      58.532,      54.414,      58.632,      56.912,      53.652
 483000         ,      43.852,      36.377,      47.227,      42.677,      36.087
 484000         ,      58.169,      52.367,      58.197,      55.606,      51.713
 485000         ,      48.973,      40.437,      52.460,      47.796,      39.752
 486000         ,      55.173,      49.098,      58.506,      53.441,      48.273
 487000         ,      51.950,      41.207,      44.483,      38.787,      40.894
 488000         ,      56.082,      51.934,      52.061,      53.100,      50.757
 489000         ,      57.190,      50.326,      52.863,      51.461,      49.240
 490000         ,      54.431,      47.594,      57.597,      52.613,      47.012
 491000         ,      54.896,      47.377,      49.673,      46.352,      46.912
 492000         ,      55.567,      48.319,      49.940,      48.530,      47.768
 493000         ,      55.536,      46.781,      49.905,      44.062,      46.212
 494000         ,      55.738,      49.146,      50.185,      49.344,      48.611
 495000         ,      50.638,      41.558,      48.122,      43.736,      40.671
 496000         ,      39.415,      24.215,      36.166,      25.434,      24.498
 497000         ,      45.288,      35.806,      41.286,      39.675,      35.440
 498000         ,      40.720,      26.927,      32.687,      29.272,      27.432
 499000         ,      37.310,      25.917,      30.195,      26.429,      26.033
 500000         ,      53.156,      47.797,      56.038,      51.677,      47.178
 501000         ,      57.682,      53.229,      55.586,      56.420,      52.636
 502000         ,      50.795,      45.637,      54.173,      48.904,      45.103
 503000         ,      54.023,      47.491,      52.149,      52.044,      46.846
 504000         ,      42.408,      33.829,      44.060,      41.002,      34.495
 505000         ,      46.936,      36.906,      42.094,      37.149,      36.245
 506000         ,      51.709,      42.638,      47.411,      43.487,      41.917
 507000         ,      51.925,      44.594,      55.895,      49.925,      44.077
 508000         ,      55.455,      51.130,      50.225,      51.921,      50.519
 509000         ,      52.172,      43.866,      48.353,      46.385,      42.908
 510000         ,      53.567,      47.971,      49.548,      48.305,      47.178
 511000         ,      46.644,      43.340,      32.654,      38.182,      42.957
 512000         ,      49.859,      44.472,      48.143,      44.804,      44.371
 513000         ,      54.232,      47.479,      50.040,      47.082,      46.773
 514000         ,      55.018,      48.500,      54.048,      52.871,      47.412
 515000         ,      57.971,      52.940,      56.286,      56.421,      51.887
 516000         ,      54.886,      48.593,      53.393,      53.057,      47.860
 517000         ,      57.983,      54.023,      56.597,      53.409,      53.148
 518000         ,      48.896,      39.742,      50.871,      45.583,      39.233
 519000         ,      56.537,      53.178,      52.418,      53.472,      52.574
 520000         ,      53.201,      45.232,      50.063,      45.298,      43.556
 521000         ,      56.125,      51.858,      55.746,      53.979,      51.281
 522000         ,      51.868,      46.288,      52.619,      48.046,      45.983
 523000         ,      46.318,      40.538,      42.049,      39.485,      40.342
 524000         ,      57.024,      53.017,      56.122,      56.191,      52.362
 525000         ,      55.552,      49.883,      54.760,      49.406,      49.891
 526000         ,      38.473,      31.099,      39.524,      35.048,      31.855
 527000         ,      55.540,      51.173,      55.088,      55.676,      50.435
 528000         ,      45.819,      43.070,      36.669,      39.284,      42.280
 529000         ,      56.424,      48.202,      55.636,      52.349,      47.261
 530000         ,      60.674,      54.704,      58.683,      58.478,      53.634
 531000         ,      55.185,      47.911,      53.435,      50.891,      46.853
 532000         ,      54.897,      47.165,      50.295,      44.004,      46.325
 533000         ,      50.415,      43.437,      52.021,      45.229,      43.630
 534000         ,      45.002,      38.848,      43.981,      40.003,      39.298
 535000         ,      51.359,      49.008,      45.660,      45.852,      48.427
 536000         ,      59.335,      53.622,      57.292,      55.573,      53.129
 537000         ,      55.153,      46.576,      50.337,      46.043,      45.245
 538000         ,      53.857,      48.565,      53.822,      51.779,      48.198
 539000         ,      54.405,      50.691,      50.354,      51.544,      49.841
 540000         ,      54.748,      47.620,      50.892,      48.144,      46.929
 541000         ,      52.285,      44.240,      46.566,      43.541,      43.631
 542000         ,      44.066,      32.783,      43.461,      36.960,      32.312
 543000         ,      51.500,      42.942,      46.700,      41.075,      41.492
 544000         ,      49.394,      39.154,      41.782,      37.216,      38.319
 545000         ,      55.116,      47.023,      49.656,      46.197,      46.712
 546000         ,      59.905,      51.742,      55.969,      50.034,      50.491
 547000         ,      56.959,      49.984,      51.747,      50.006,      49.143
 548000         ,      54.466,      50.535,      49.806,      50.356,      50.161
 549000         ,      52.170,      47.143,      47.534,      48.075,      46.675
 550000         ,      44.024,      35.002,      37.084,      33.690,      34.383
 551000         ,      50.326,      40.778,      45.553,      39.972,      39.885
 552000         ,      51.188,      46.026,      51.101,      51.072,      45.642
 553000         ,      52.835,      47.804,      47.680,      49.429,      47.151
 554000         ,      51.243,      45.610,      52.035,      50.308,      44.677
 555000         ,      49.875,      45.000,      52.553,      48.414,      44.489
 556000         ,      58.111,      51.178,      54.323,      50.038,      50.216
 557000         ,      49.904,      40.421,      44.432,      39.071,      40.125
 558000         ,      54.787,      46.897,      48.324,      46.970,      46.470
 559000         ,      47.028,      38.045,      39.198,      36.238,      37.356
 560000         ,      52.412,      46.269,      49.169,      46.884,      45.083
 561000         ,      51.558,      42.009,      47.840,      43.689,      41.467
 562000         ,      54.187,      48.597,      54.470,      53.060,      47.567
 563000         ,      57.283,      47.896,      55.904,      49.955,      46.460
 564000         ,      57.621,      51.434,      52.292,      51.656,      50.830
 565000         ,      53.354,      43.642,      47.157,      39.714,      42.595
 566000         ,      49.828,      38.907,      42.640,      35.407,      38.041
 567000         ,      54.675,      44.329,      48.425,      41.195,      43.443
 568000         ,      49.959,      40.673,      43.970,      37.442,      41.076
 569000         ,      52.570,      42.047,      46.410,      38.466,      40.818
 570000         ,      49.648,      38.531,      44.233,      35.822,      37.666
 571000         ,      51.716,      40.204,      45.010,      36.901,      38.955
 572000         ,      49.160,      41.082,      45.855,      37.593,      39.694
 573000         ,      51.246,      40.422,      45.376,      37.787,      39.377
 574000         ,      51.763,      41.625,      44.860,      38.801,      39.968
 575000         ,      51.249,      39.802,      45.018,      36.701,      38.904
 576000         ,      51.354,      41.867,      45.191,      38.458,      41.036
 577000         ,      47.373,      40.331,      41.319,      36.646,      40.842
 578000         ,      50.357,      40.146,      41.044,      35.911,      38.738
 579000         ,      52.206,      42.173,      45.373,      38.807,      42.339
 580000         ,      48.726,      41.442,      44.590,      37.939,      40.055
 581000         ,      51.233,      39.950,      44.581,      36.566,      38.951
 582000         ,      49.302,      41.574,      44.389,      37.441,      39.956
 583000         ,      48.828,      41.981,      44.996,      38.134,      41.018
 584000         ,      52.059,      41.164,      44.431,      36.720,      40.103
 585000         ,      51.974,      42.645,      46.715,      39.127,      41.130
 586000         ,      51.374,      41.769,      47.509,      39.836,      40.674
 587000         ,      49.811,      40.236,      43.505,      36.299,      39.197
 588000         ,      50.980,      42.345,      44.196,      38.399,      41.663
 589000         ,      53.231,      47.193,      49.138,      45.057,      47.405
 590000         ,      53.423,      43.311,      46.553,      41.885,      42.579
 591000         ,      50.730,      40.572,      46.351,      37.617,      39.380
 592000         ,      48.730,      40.382,      41.673,      36.217,      39.994
 593000         ,      50.735,      38.861,      43.399,      34.754,      37.760
 594000         ,      48.987,      37.986,      49.424,      41.113,      37.145
 595000         ,      52.692,      42.886,      45.502,      41.655,      42.068
 596000         ,      48.504,      43.594,      44.794,      39.834,      43.415
 597000         ,      50.028,      42.990,      43.822,      39.734,      43.365
 598000         ,      51.180,      40.543,      45.525,      36.669,      39.089
 599000         ,      51.968,      39.399,      44.322,      36.884,      37.832
 600000         ,      49.601,      36.774,      43.399,      35.334,      35.894
 601000         ,      48.046,      34.615,      40.637,      31.265,      33.785
 602000         ,      50.560,      43.655,      47.493,      40.496,      43.377
 603000         ,      54.794,      45.674,      49.393,      43.805,      44.802
 604000         ,      50.626,      38.321,      44.758,      35.459,      37.273
 605000         ,      51.119,      41.771,      44.759,      36.956,      40.389
 606000         ,      50.739,      41.093,      44.929,      36.583,      39.910
 607000         ,      53.045,      44.589,      48.252,      43.346,      43.860
 608000         ,      50.466,      41.099,      43.970,      37.963,      39.396
 609000         ,      52.788,      41.536,      46.634,      37.747,      40.205
 610000         ,      49.121,      41.187,      45.026,      38.202,      39.520
 611000         ,      51.933,      43.494,      46.728,      39.812,      43.254
 612000         ,      49.180,      38.424,      43.505,      37.728,      37.576
 613000         ,      47.004,      36.064,      49.610,      42.390,      35.394
 614000         ,      46.403,      39.397,      41.781,      40.049,      39.241
 615000         ,      49.489,      41.285,      42.128,      36.851,      40.085
 616000         ,      49.181,      39.757,      44.484,      39.177,      39.280
 617000         ,      48.493,      37.571,      47.059,      39.679,      36.670
 618000         ,      54.367,      43.732,      47.829,      40.622,      42.430
 619000         ,      50.701,      37.509,      45.001,      36.576,      35.824
 620000         ,      49.044,      38.003,      42.392,      34.635,      36.625
 621000         ,      51.234,      40.927,      44.004,      39.413,      41.411
 622000         ,      52.558,      44.095,      48.038,      40.581,      43.780
 623000         ,      46.960,      39.581,      41.294,      36.236,      40.443
 624000         ,      51.550,      42.417,      46.645,      39.566,      41.260
 625000         ,      50.411,      41.183,      43.850,      38.047,      41.469
 626000         ,      54.323,      45.358,      50.596,      44.011,      44.349
 627000         ,      53.819,      44.914,      47.186,      45.907,      44.283
 628000         ,      52.551,      45.155,      47.777,      44.972,      44.557
 629000         ,      54.802,      44.324,      48.606,      41.400,      43.076
 630000         ,      53.674,      45.731,      50.095,      43.498,      44.418
 631000         ,      53.452,      45.450,      49.282,      41.926,      44.081
 632000         ,      53.151,      42.370,      47.149,      39.438,      41.422
 633000         ,      56.237,      48.964,      50.136,      49.060,      48.227
 634000         ,      50.783,      42.062,      45.181,      41.185,      41.478
 635000         ,      53.889,      44.313,      46.869,      41.555,      43.486
 636000         ,      47.393,      40.267,      42.576,      36.151,      40.203
 637000         ,      51.789,      39.812,      46.152,      38.724,      38.709
 638000         ,      48.210,      41.422,      42.351,      39.607,      40.948
 639000         ,      49.274,      39.078,      46.641,      41.606,      38.003
 640000         ,      50.578,      41.884,      48.187,      43.385,      40.639
 641000         ,      49.400,      40.037,      48.517,      43.458,      38.904
 642000         ,      52.732,      41.257,      48.197,      41.493,      40.148
 643000         ,      49.723,      39.702,      47.831,      41.151,      38.603
 644000         ,      54.366,      49.172,      51.133,      52.775,      48.708
 645000         ,      49.782,      39.074,      48.911,      41.911,      38.360
 646000         ,      48.676,      40.040,      49.798,      46.787,      39.391
 647000         ,      46.822,      35.545,      42.888,      39.039,      35.322
 648000         ,      51.104,      41.524,      44.500,      40.052,      40.866
 649000         ,      50.114,      40.275,      46.280,      44.157,      39.887
 650000         ,      53.010,      44.816,      46.579,      43.765,      44.367
 651000         ,      52.483,      46.025,      47.640,      46.707,      45.382
 652000         ,      54.260,      47.382,      50.079,      48.406,      46.695
 653000         ,      56.455,      49.299,      51.721,      49.380,      48.705
 654000         ,      50.431,      43.689,      46.172,      44.560,      43.150
 655000         ,      55.823,      49.680,      51.209,      49.640,      49.247
 656000         ,      58.272,      53.001,      55.820,      56.524,      52.273
 657000         ,      54.768,      49.027,      56.639,      51.958,      48.494
 658000         ,      52.296,      47.396,      47.224,      48.598,      46.845
 659000         ,      55.213,      51.198,      52.261,      51.171,      50.329
 660000         ,      55.077,      51.534,      51.155,      51.653,      51.033
 661000         ,      51.128,      44.909,      54.299,      48.279,      44.535
 662000         ,      53.390,      46.458,      48.170,      46.438,      45.310
 663000         ,      61.072,      56.955,      61.742,      56.838,      55.564
 664000         ,      43.326,      32.181,      39.983,      33.019,      31.617
 665000         ,      52.839,      43.906,      48.555,      42.452,      44.144
 666000         ,      47.454,      40.578,      40.884,      40.232,      40.391
 667000         ,      51.719,      44.932,      47.024,      45.209,      44.766
 668000         ,      50.411,      41.596,      44.141,      39.731,      40.881
 669000         ,      51.107,      44.798,      46.391,      45.040,      44.135
 670000         ,      52.254,      44.679,      47.172,      44.879,      44.288
 671000         ,      51.455,      43.858,      44.885,      41.991,      43.374
 672000         ,      53.389,      46.494,      46.875,      46.014,      46.017
 673000         ,      50.698,      42.340,      45.191,      41.571,      41.583
 674000         ,      43.441,      36.155,      39.769,      37.055,      35.701
 675000         ,      53.046,      47.168,      47.884,      47.769,      46.681
 676000         ,      54.899,      47.909,      51.991,      48.505,      47.190
 677000         ,      55.149,      48.357,      50.638,      48.434,      47.736
 678000         ,      51.807,      46.230,      48.002,      49.308,      45.903
 679000         ,      50.570,      41.164,      44.752,      40.228,      40.466
 680000         ,      50.284,      42.909,      53.227,      45.939,      42.805
 681000         ,      56.523,      51.104,      54.493,      55.542,      50.363
 682000         ,      53.582,      48.061,      48.375,      48.010,      47.139
 683000         ,      58.540,      51.332,      61.392,      56.816,      50.158
 684000         ,      54.773,      46.977,      50.117,      45.476,      46.119
 685000         ,      56.923,      51.064,      55.540,      54.061,      50.490
 686000         ,      48.282,      39.252,      43.435,      42.875,      38.941
 687000         ,      54.950,      49.984,      51.007,      50.742,      49.175
 688000         ,      55.314,      51.421,      52.009,      52.068,      50.442
 689000         ,      51.643,      44.270,      44.429,      43.476,      43.801
 690000         ,      54.759,      47.061,      49.038,      44.962,      46.447
 691000         ,      51.713,      41.248,      45.610,      38.796,      40.591
 692000         ,      50.945,      40.408,      44.030,      40.412,      40.222
 693000         ,      57.218,      52.156,      52.617,      52.484,      51.176
 694000         ,      51.994,      44.261,      53.140,      49.900,      43.719
 695000         ,      51.992,      44.220,      52.326,      48.020,      43.386
 696000         ,      52.968,      46.223,      53.312,      51.880,      45.667
 697000         ,      48.370,      42.395,      50.624,      45.742,      42.216
 698000         ,      56.536,      50.609,      54.376,      55.171,      49.938
 699000         ,      52.826,      46.766,      48.165,      48.534,      45.961
 700000         ,      57.414,      52.709,      57.817,      53.132,      52.069
 701000         ,      45.865,      36.055,      43.852,      40.089,      35.491
 702000         ,      53.578,      47.828,      53.418,      52.679,      47.374
 703000         ,      58.298,      53.423,      54.232,      55.019,      52.396
 704000         ,      60.208,      55.659,      58.483,      56.950,      55.118
 705000         ,      59.233,      55.145,      59.131,      55.467,      54.016
 706000         ,      52.427,      47.868,      49.614,      48.584,      47.127
 707000         ,      48.236,      39.617,      54.014,      46.669,      39.358
 708000         ,      55.029,      47.926,      55.178,      52.293,      47.341
 709000         ,      56.200,      51.193,      58.284,      53.852,      50.573
 710000         ,      57.989,      52.532,      55.796,      56.614,      51.760
 711000         ,      56.228,      50.943,      54.742,      52.885,      50.714
 712000         ,      59.255,      52.747,      55.441,      52.754,      51.700
 713000         ,      55.198,      48.218,      50.758,      49.309,      47.553
 714000         ,      53.105,      45.815,      46.913,      43.871,      45.077
 715000         ,      53.021,      47.870,      49.759,      46.843,      47.352
 716000         ,      57.620,      52.340,      55.425,      55.522,      51.812
 717000         ,      50.651,      44.407,      47.897,      45.533,      43.963
 718000         ,      59.583,      52.385,      55.749,      51.564,      51.114
 719000         ,      54.557,      46.600,      49.079,      44.433,      45.272
 720000         ,      53.865,      45.825,      48.970,      44.993,      45.024
 721000         ,      54.134,      45.698,      53.728,      49.106,      44.412
 722000         ,      38.718,      27.811,      41.878,      35.559,      28.073
 723000         ,      54.128,      46.147,      48.184,      46.005,      45.712
 724000         ,      51.400,      45.799,      46.150,      45.576,      45.172
 725000         ,      57.134,      52.164,      53.228,      54.075,      51.219
 726000         ,      55.055,      47.718,      50.338,      46.292,      46.202
 727000         ,      53.716,      47.275,      51.913,      50.929,      46.340
 728000         ,      51.857,      40.335,      45.706,      36.954,      38.794
 729000         ,      49.527,      37.594,      44.696,      37.465,      36.581
 730000         ,      50.921,      44.542,      46.081,      44.134,      44.048
 731000         ,      52.599,      44.195,      46.821,      43.944,      43.090
 732000         ,      56.879,      52.434,      53.289,      55.552,      51.672
 733000         ,      53.716,      46.424,      52.579,      51.975,      46.051
 734000         ,      53.584,      48.733,      48.888,      49.348,      47.766
 735000         ,      56.416,      53.438,      53.765,      54.107,      52.788
 736000         ,      51.531,      45.222,      53.320,      46.382,      45.135
 737000         ,      48.663,      37.342,      50.482,      42.862,      36.769
 738000         ,      54.311,      47.248,      48.158,      46.205,      46.647
 739000         ,      48.987,      39.610,      51.841,      46.930,      39.171
 740000         ,      56.032,      47.725,      53.571,      49.067,      46.339
 741000         ,      59.265,      53.925,      59.450,      56.392,      53.138
 742000         ,      60.858,      56.836,      59.102,      59.948,      56.043
 743000         ,      56.144,      51.289,      52.328,      51.361,      49.960
 744000         ,      58.611,      53.385,      56.186,      55.881,      52.256
 745000         ,      56.769,      50.963,      53.363,      50.495,      49.222
 746000         ,      57.615,      52.347,      53.242,      52.184,      51.685
 747000         ,      47.349,      38.816,      40.512,      38.143,      38.226
 748000         ,      50.598,      42.239,      44.876,      40.830,      41.860
 749000         ,      54.665,      49.294,      50.494,      50.016,      48.510
 750000         ,      53.855,      48.337,      49.404,      49.732,      47.504
 751000         ,      58.064,      52.549,      54.074,      52.886,      51.580
 752000         ,      54.777,      48.090,      50.580,      48.050,      47.631
 753000         ,      55.801,      48.009,      50.747,      47.295,      47.409
 754000         ,      55.549,      50.426,      52.072,      51.864,      49.950
 755000         ,      59.029,      52.294,      54.851,      52.023,      51.360
 756000         ,      56.397,      52.116,      53.217,      53.290,      51.526
 757000         ,      56.637,      52.094,      51.883,      52.801,      51.413
 758000         ,      58.565,      52.706,      55.012,      53.277,      51.666
 759000         ,      56.384,      51.084,      51.581,      50.918,      50.583
 760000         ,      58.760,      53.292,      55.535,      52.455,      52.384
 761000         ,      57.654,      51.645,      54.133,      52.692,      51.051
 762000         ,      58.866,      53.484,      54.542,      53.406,      52.851
 763000         ,      58.831,      52.608,      55.100,      53.615,      51.990
 764000         ,      58.715,      52.186,      53.854,      52.594,      51.680
 765000         ,      56.977,      51.652,      52.842,      53.090,      51.031
 766000         ,      57.253,      52.797,      53.256,      52.865,      51.868
 767000         ,      56.668,      51.703,      53.432,      53.466,      51.030
 768000         ,      58.193,      51.281,      54.082,      50.902,      50.639
 769000         ,      58.130,      51.046,      53.585,      51.094,      50.258
 770000         ,      57.034,      50.940,      51.678,      50.780,      50.247
 771000         ,      57.716,      51.020,      53.050,      51.088,      50.489
 772000         ,      58.100,      51.424,      53.372,      51.226,      50.361
 773000         ,      59.181,      53.365,      55.262,      53.314,      52.455
 774000         ,      57.866,      52.235,      53.895,      52.732,      51.584
 775000         ,      57.871,      50.678,      53.137,      48.964,      49.933
 776000         ,      58.309,      52.313,      53.811,      52.340,      51.456
 777000         ,      58.699,      52.106,      54.528,      51.207,      51.585
 778000         ,      58.121,      52.113,      53.375,      51.222,      51.045
 779000         ,      56.974,      50.169,      52.805,      49.781,      49.613
 780000         ,      56.423,      49.335,      50.108,      47.418,      48.978
 781000         ,      57.619,      51.329,      53.659,      52.160,      50.429
 782000         ,      58.312,      52.768,      55.009,      53.057,      52.116
 783000         ,      57.854,      52.520,      53.471,      52.148,      51.772
 784000         ,      58.876,      52.531,      53.879,      52.192,      51.764
 785000         ,      59.586,      52.943,      55.873,      52.531,      52.192
 786000         ,      59.236,      53.495,      55.404,      53.663,      52.620
 787000         ,      54.325,      48.008,      48.934,      46.988,      47.769
 788000         ,      57.145,      50.455,      55.394,      51.618,      49.673
 789000         ,      58.862,      53.897,      56.102,      52.894,      52.933
 790000         ,      57.097,      51.068,      53.078,      50.686,      50.599
 791000         ,      58.271,      53.044,      55.146,      51.471,      52.293
 792000         ,      56.211,      48.992,      51.570,      49.027,      48.614
 793000         ,      58.685,      52.630,      55.296,      53.427,      51.740
 794000         ,      57.075,      51.727,      53.773,      52.864,      50.895
 795000         ,      57.418,      51.226,      53.333,      52.154,      50.366
 796000         ,      58.329,      52.158,      54.393,      52.278,      51.451
 797000         ,      59.532,      53.561,      55.630,      53.442,      52.567
 798000         ,      57.915,      52.610,      53.918,      52.977,      52.063
 799000         ,      54.906,      49.466,      50.278,      49.049,      48.961
 800000         ,      58.607,      51.315,      54.170,      50.547,      50.506
 801000         ,      56.001,      49.750,      52.394,      50.144,      49.243
 802000         ,      56.370,      49.596,      52.653,      49.673,      49.256
 803000         ,      59.107,      52.946,      56.025,      53.667,      52.385
 804000         ,      56.115,      50.461,      53.260,      52.213,      49.524
 805000         ,      53.423,      46.750,      49.166,      46.698,      46.316
 806000         ,      58.192,      52.576,      53.716,      53.121,      51.843
 807000         ,      58.916,      52.537,      53.576,      52.902,      51.766
 808000         ,      55.435,      50.196,      50.602,      48.846,      49.443
 809000         ,      58.784,      53.062,      54.498,      53.786,      52.098
 810000         ,      58.619,      53.286,      54.521,      52.405,      52.647
 811000         ,      59.407,      53.399,      55.001,      52.203,      52.741
 812000         ,      57.990,      51.061,      52.470,      50.452,      50.296
 813000         ,      55.830,      47.126,      51.247,      44.469,      46.814
 814000         ,      53.341,      47.551,      51.767,      47.707,      47.264
 815000         ,      58.360,      52.412,      54.289,      50.639,      52.377
 816000         ,      56.793,      49.874,      53.388,      48.875,      49.844
 817000         ,      56.122,      51.853,      54.560,      50.502,      51.006
 818000         ,      52.152,      44.098,      45.967,      42.989,      44.873
 819000         ,      56.122,      49.869,      51.899,      48.566,      49.876
 820000         ,      56.398,      49.844,      51.872,      48.826,      49.786
 821000         ,      52.244,      47.302,      48.922,      45.430,      47.613
 822000         ,      60.165,      53.892,      56.941,      52.735,      53.866
 823000         ,      56.189,      48.562,      50.308,      47.400,      49.057
 824000         ,      56.954,      49.955,      53.649,      49.494,      49.683
 825000         ,      53.203,      45.707,      47.801,      44.502,      46.469
 826000         ,      53.732,      44.276,      46.779,      42.754,      43.868
 827000         ,      50.480,      42.226,      44.196,      41.263,      42.959
 828000         ,      53.584,      42.171,      45.258,      41.023,      42.474
 829000         ,      51.727,      42.628,      44.594,      42.393,      43.407
 830000         ,      50.332,      41.211,      42.346,      39.724,      41.603
 831000         ,      51.780,      42.504,      43.327,      40.905,      42.771
 832000         ,      50.208,      43.114,      45.214,      42.018,      43.656
 833000         ,      58.834,      51.409,      54.568,      49.839,      51.349
 834000         ,      50.856,      43.272,      44.870,      42.333,      43.915
 835000         ,      51.914,      44.571,      46.754,      42.863,      44.862
 836000         ,      58.546,      51.093,      54.648,      49.578,      50.805
 837000         ,      53.692,      45.392,      48.363,      45.097,      45.629
 838000         ,      48.444,      41.707,      43.750,      40.524,      41.883
 839000         ,      55.734,      48.024,      51.664,      48.301,      47.901
 840000         ,      55.334,      48.288,      51.953,      45.727,      47.123
 841000         ,      53.750,      45.165,      46.845,      44.092,      45.716
 842000         ,      52.937,      46.346,      48.000,      46.137,      46.593
 843000         ,      52.245,      46.712,      47.825,      48.301,      45.729
 844000         ,      50.640,      42.281,      43.870,      42.302,      41.523
 845000         ,      47.824,      40.919,      42.860,      40.683,      40.600
 846000         ,      49.989,      39.199,      43.907,      40.726,      38.410
 847000         ,      48.931,      39.396,      46.075,      44.551,      38.780
 848000         ,      48.918,      38.545,      44.072,      36.629,      37.471
 849000         ,      54.209,      47.048,      47.734,      46.898,      45.887
 850000         ,      48.849,      38.377,      44.332,      39.606,      37.246
 851000         ,      47.030,      36.866,      41.488,      36.408,      35.939
 852000         ,      53.066,      44.005,      49.244,      44.823,      42.729
 853000         ,      48.875,      40.059,      44.182,      41.827,      39.232
 854000         ,      52.726,      44.555,      45.719,      43.205,      43.539
 855000         ,      53.967,      48.473,      49.114,      47.803,      47.567
 856000         ,      51.223,      43.905,      45.185,      42.652,      42.870
 857000         ,      49.247,      39.886,      43.306,      41.129,      39.050
 858000         ,      54.841,      48.911,      49.340,      51.112,      48.185
 859000         ,      50.274,      43.128,      43.043,      41.957,      41.893
 860000         ,      53.883,      47.238,      48.520,      50.862,      46.403
 861000         ,      49.675,      43.199,      45.032,      45.498,      42.405
 862000         ,      50.133,      41.292,      44.672,      42.493,      40.274
 863000         ,      51.437,      44.663,      46.409,      47.120,      43.989
 864000         ,      49.441,      40.463,      42.244,      36.726,      38.799
 865000         ,      50.363,      43.243,      44.802,      43.437,      42.467
 866000         ,      53.107,      48.153,      48.176,      47.956,      46.944
 867000         ,      51.260,      42.880,      45.253,      43.570,      41.920
 868000         ,      51.545,      43.665,      42.268,      43.419,      44.223
 869000         ,      57.187,      47.578,      52.054,      46.797,      47.717
 870000         ,      53.584,      47.691,      51.482,      45.427,      47.278
 871000         ,      57.558,      49.674,      53.186,      47.579,      49.210
 872000         ,      51.794,      41.345,      43.559,      40.434,      41.890
 873000         ,      57.610,      51.652,      54.501,      50.703,      51.317
 874000         ,      58.426,      50.101,      53.534,      47.316,      49.595
 875000         ,      59.537,      53.017,      55.283,      50.941,      53.046
 876000         ,      52.961,      45.298,      48.516,      45.513,      45.200
 877000         ,      57.944,      51.118,      52.771,      49.527,      51.312
 878000         ,      55.634,      49.725,      52.583,      48.045,      50.161
 879000         ,      52.582,      46.264,      48.552,      46.206,      46.003
 880000         ,      52.071,      47.199,      47.545,      46.149,      47.082
 881000         ,      58.156,      49.627,      53.058,      48.632,      48.818
 882000         ,      53.344,      46.547,      48.230,      45.654,      47.093
 883000         ,      59.398,      52.744,      54.546,      50.552,      52.484
 884000         ,      57.949,      51.561,      55.238,      49.535,      50.571
 885000         ,      56.596,      51.328,      54.833,      48.914,      50.176
 886000         ,      52.058,      47.540,      49.799,      45.970,      47.332
 887000         ,      58.467,      50.554,      54.657,      48.960,      50.702
 888000         ,      56.117,      50.662,      52.795,      51.086,      50.142
 889000         ,      60.566,      53.330,      54.768,      52.832,      52.713
 890000         ,      53.226,      47.233,      48.081,      46.811,      46.851
 891000         ,      57.007,      51.528,      50.738,      50.685,      50.098
 892000         ,      54.724,      51.670,      50.446,      51.345,      51.484
 893000         ,      57.108,      47.745,      51.047,      46.513,      47.414
 894000         ,      56.623,      48.070,      50.454,      46.996,      46.627
 895000         ,      55.806,      47.983,      50.949,      47.598,      47.950
 896000         ,      56.439,      50.464,      51.820,      51.395,      50.172
 897000         ,      54.087,      48.462,      49.815,      46.650,      48.393
 898000         ,      56.108,      47.328,      51.188,      44.824,      47.155
 899000         ,      52.829,      45.665,      46.749,      43.260,      45.837
 900000         ,      53.065,      47.639,      48.773,      48.062,      47.258
 901000         ,      57.306,      50.074,      52.817,      48.124,      50.326
 902000         ,      55.060,      47.468,      50.767,      47.428,      47.146
 903000         ,      54.072,      47.674,      47.734,      46.139,      47.810
 904000         ,      55.568,      51.035,      52.255,      49.262,      50.851
 905000         ,      56.340,      49.900,      51.857,      49.102,      49.985
 906000         ,      52.862,      47.533,      47.897,      46.520,      47.949
 907000         ,      58.595,      52.140,      52.916,      51.983,      51.572
 908000         ,      54.941,      48.326,      51.770,      49.091,      47.731
 909000         ,      59.373,      52.379,      56.184,      51.445,      52.366
 910000         ,      52.305,      46.714,      49.661,      47.675,      46.153
 911000         ,      54.273,      47.859,      48.035,      46.955,      48.274
 912000         ,      53.998,      48.104,      49.529,      47.371,      48.420
 913000         ,      53.319,      47.111,      47.505,      46.016,      47.202
 914000         ,      52.014,      47.149,      47.471,      47.399,      46.591
 915000         ,      54.656,      48.136,      49.740,      47.468,      47.971
 916000         ,      59.678,      51.756,      55.163,      52.425,      51.152
 917000         ,      57.323,      51.677,      54.398,      49.509,      51.179
 918000         ,      58.288,      51.768,      54.721,      50.193,      51.352
 919000         ,      56.575,      48.162,      51.235,      46.859,      47.902
 920000         ,      54.962,      47.150,      50.080,      47.362,      47.665
 921000         ,      51.933,      45.799,      47.097,      44.954,      44.931
 922000         ,      51.895,      45.685,      47.876,      45.828,      45.808
 923000         ,      55.173,      47.287,      48.984,      46.550,      47.650
 924000         ,      56.797,      49.283,      52.999,      48.872,      48.999
 925000         ,      54.840,      46.752,      47.862,      44.702,      47.029
 926000         ,      54.964,      46.778,      47.925,      45.221,      46.697
 927000         ,      59.261,      51.806,      55.608,      50.401,      52.022
 928000         ,      55.972,      47.975,      51.541,      47.857,      47.451
 929000         ,      56.969,      51.189,      52.329,      49.725,      51.363
 930000         ,      51.667,      45.691,      46.391,      45.178,      45.912
 931000         ,      54.914,      46.776,      48.637,      45.527,      45.411
 932000         ,      59.028,      53.330,      55.796,      51.162,      52.666
 933000         ,      56.268,      50.217,      52.978,      48.914,      50.098
 934000         ,      53.436,      47.685,      47.789,      47.217,      46.808
 935000         ,      53.705,      46.240,      48.485,      46.245,      46.706
 936000         ,      50.539,      44.215,      45.244,      45.171,      43.485
 937000         ,      55.695,      50.042,      50.615,      49.388,      49.810
 938000         ,      59.291,      52.983,      55.880,      51.407,      52.335
 939000         ,      52.315,      43.810,      42.790,      43.772,      44.404
 940000         ,      52.614,      45.425,      47.151,      45.228,      46.047
 941000         ,      51.969,      47.109,      48.259,      45.726,      47.441
 942000         ,      56.873,      50.141,      52.547,      48.822,      50.466
 943000         ,      56.726,      50.242,      51.685,      48.433,      50.156
 944000         ,      54.692,      46.128,      48.397,      45.440,      46.103
 945000         ,      51.823,      44.276,      45.341,      41.518,      44.720
 946000         ,      57.001,      50.388,      52.833,      47.864,      49.497
 947000         ,      57.650,      49.449,      54.275,      48.529,      48.695
 948000         ,      56.137,      50.183,      52.451,      49.349,      50.288
 949000         ,      55.741,      46.814,      50.871,      44.782,      45.789
 950000         ,      54.729,      45.679,      49.323,      43.087,      45.739
 951000         ,      53.908,      46.139,      47.070,      43.979,      45.882
 952000         ,      55.309,      47.500,      51.426,      45.183,      46.629
 953000         ,      52.186,      45.737,      47.656,      45.377,      45.843
 954000         ,      51.519,      44.799,      45.828,      43.337,      45.809
 955000         ,      55.833,      48.598,      50.789,      49.230,      48.092
 956000         ,      46.516,      37.896,      40.618,      36.408,      37.921
 957000         ,      54.337,      44.803,      48.491,      42.413,      44.850
 958000         ,      52.281,      41.783,      46.796,      39.804,      41.720
 959000         ,      55.129,      44.887,      48.172,      42.747,      45.143
 960000         ,      52.436,      43.104,      45.655,      40.398,      44.104
 961000         ,      54.842,      45.545,      48.937,      44.026,      45.714
 962000         ,      50.957,      40.605,      46.017,      38.399,      41.896
 963000         ,      51.832,      41.428,      45.663,      37.987,      41.027
 964000         ,      45.846,      35.859,      36.894,      32.567,      36.701
 965000         ,      51.249,      40.278,      48.240,      41.114,      39.036
 966000         ,      50.299,      41.888,      42.215,      41.177,      41.651
 967000         ,      55.943,      48.769,      51.459,      47.849,      49.592
 968000         ,      55.376,      47.633,      51.083,      44.978,      47.548
 969000         ,      56.282,      49.654,      50.649,      48.187,      49.346
 970000         ,      53.620,      42.961,      46.636,      40.119,      43.191
 971000         ,      52.377,      43.301,      46.824,      39.603,      43.364
 972000         ,      56.116,      47.018,      50.625,      45.075,      47.047
 973000         ,      51.647,      40.925,      44.629,      40.284,      41.227
 974000         ,      48.502,      42.848,      44.226,      41.631,      42.850
 975000         ,      48.438,      39.981,      42.330,      40.313,      40.336
 976000         ,      50.876,      42.849,      45.821,      41.524,      43.285
 977000         ,      53.799,      44.385,      47.936,      42.124,      45.668
 978000         ,      50.158,      41.277,      45.232,      38.613,      42.383
 979000         ,      50.981,      44.844,      46.647,      42.056,      44.913
 980000         ,      52.156,      44.030,      46.923,      40.572,      44.656
 981000         ,      51.147,      43.929,      47.666,      41.243,      44.483
 982000         ,      55.291,      45.982,      49.312,      43.096,      45.904
 983000         ,      52.869,      41.902,      45.325,      39.387,      41.489
 984000         ,      52.395,      43.405,      46.293,      40.698,      43.185
 985000         ,      54.971,      48.643,      50.489,      46.959,      48.302
 986000         ,      51.775,      42.982,      46.796,      40.124,      42.527
 987000         ,      53.933,      45.337,      47.090,      45.589,      45.490
 988000         ,      50.551,      44.932,      46.103,      45.382,      44.402
 989000         ,      54.135,      47.042,      49.151,      47.392,      46.588
 990000         ,      54.934,      49.095,      51.174,      49.047,      48.374
 991000         ,      55.073,      48.720,      50.358,      48.544,      48.286
 992000         ,      56.971,      49.608,      52.608,      48.435,      48.749
 993000         ,      56.890,      47.896,      51.249,      46.524,      47.261
 994000         ,      55.798,      51.955,      52.097,      53.012,      51.047
 995000         ,      52.937,      46.240,      48.301,      47.386,      45.110
 996000         ,      53.761,      47.359,      49.816,      49.872,      46.680
 997000         ,      53.589,      47.340,      46.788,      46.771,      46.471
 998000         ,      51.433,      42.283,      46.608,      43.794,      41.665
 999000         ,      47.896,      39.379,      43.568,      41.348,      38.589
 1000000        ,      51.282,      42.880,      45.640,      42.761,      42.417
