--------------------------------------------------------------------------------
S H A P E   v2.1         Continuous Shape Measures calculation
(c) 2013  Electronic Structure Group, Universitat de Barcelona
                   Contact:  llunell@ub.edu                   
--------------------------------------------------------------------------------

coordination ZF1 

SP-4            1 D4h   Square                                             
T-4             2 Td    Tetrahedron                                        
SS-4            3 C2v   Seesaw                                             
vTBPY-4         4 C3v   Vacant trigonal bipyramid                          

Structure [ML4 ]         SP-4          T-4         SS-4      vTBPY-4
 0              ,      17.490,       9.795,       0.415,       8.319
 1000           ,      15.684,      11.901,       0.826,       8.809
 2000           ,      20.508,      12.434,       1.529,       7.537
 3000           ,      22.017,       9.239,       0.720,       6.552
 4000           ,      19.488,      10.728,       0.590,       7.581
 5000           ,      19.340,      10.438,       0.803,       7.337
 6000           ,      19.138,       9.685,       0.563,       7.310
 7000           ,      20.713,       9.613,       0.708,       6.302
 8000           ,      19.487,       9.607,       0.607,       7.176
 9000           ,      18.605,       9.475,       0.593,       7.417
 10000          ,      20.372,       8.689,       0.838,       6.139
 11000          ,      23.214,       7.704,       0.988,       5.526
 12000          ,      17.933,       9.464,       0.327,       7.841
 13000          ,      24.001,       7.386,       1.294,       4.646
 14000          ,      20.121,       9.796,       0.469,       6.986
 15000          ,      20.855,      10.802,       0.776,       7.024
 16000          ,      18.424,      10.421,       0.383,       8.179
 17000          ,      21.809,       7.953,       0.957,       5.811
 18000          ,      17.337,      11.504,       0.560,       8.677
 19000          ,      18.100,       9.739,       0.622,       6.972
 20000          ,      20.444,       9.768,       0.446,       6.707
 21000          ,      22.062,       9.254,       0.947,       5.947
 22000          ,      21.083,       9.280,       0.810,       5.847
 23000          ,      21.013,       7.250,       0.584,       5.929
 24000          ,      19.251,       9.928,       0.626,       7.255
 25000          ,      18.905,       9.565,       0.250,       7.460
 26000          ,      20.432,       8.273,       0.788,       6.313
 27000          ,      19.933,       8.790,       0.592,       5.930
 28000          ,      17.227,       9.445,       0.798,       7.060
 29000          ,      19.926,      11.595,       0.773,       8.462
 30000          ,      21.468,       8.817,       0.341,       6.827
 31000          ,      20.855,      10.238,       0.456,       7.498
 32000          ,      18.950,      11.803,       0.885,       8.005
 33000          ,      17.454,       9.845,       0.557,       7.797
 34000          ,      18.546,      11.826,       0.396,       9.665
 35000          ,      20.266,      10.066,       0.333,       8.221
 36000          ,      21.273,       8.518,       0.838,       6.308
 37000          ,      19.230,       8.710,       0.521,       6.395
 38000          ,      18.522,      12.186,       0.592,       9.217
 39000          ,      17.732,      11.710,       0.938,       7.950
 40000          ,      20.651,       9.048,       0.967,       5.417
 41000          ,      16.666,       9.485,       0.447,       7.522
 42000          ,      18.862,      10.191,       0.494,       7.958
 43000          ,      19.894,       8.715,       0.508,       7.327
 44000          ,      21.727,       9.712,       0.841,       6.114
 45000          ,      20.328,       9.371,       0.619,       7.016
 46000          ,      20.757,       8.233,       0.305,       6.511
 47000          ,      16.533,       9.241,       0.489,       8.290
 48000          ,      20.320,       9.315,       1.542,       5.888
 49000          ,      19.755,       8.281,       0.340,       6.342
 50000          ,      22.733,       9.525,       1.445,       5.179
 51000          ,      20.462,      10.013,       0.647,       7.646
 52000          ,      17.701,       7.859,       0.558,       6.376
 53000          ,      15.904,       9.684,       0.517,       8.002
 54000          ,      19.761,      10.260,       0.504,       7.953
 55000          ,      18.020,      11.036,       0.453,       8.533
 56000          ,      18.029,      10.464,       0.738,       8.031
 57000          ,      19.775,      12.027,       1.180,       7.368
 58000          ,      21.348,       9.357,       0.834,       6.593
 59000          ,      20.243,       8.630,       0.635,       5.537
 60000          ,      19.383,       8.842,       1.309,       5.516
 61000          ,      19.639,       9.480,       0.517,       7.487
 62000          ,      19.721,       9.453,       0.107,       7.716
 63000          ,      19.248,      10.665,       1.137,       6.708
 64000          ,      17.441,      10.810,       0.461,       8.419
 65000          ,      19.754,       9.336,       0.213,       7.696
 66000          ,      20.419,       8.539,       0.515,       6.957
 67000          ,      14.739,       9.984,       1.040,       7.850
 68000          ,      19.259,       8.451,       0.778,       6.217
 69000          ,      17.893,      11.788,       1.035,       8.552
 70000          ,      18.631,      11.721,       0.708,       7.846
 71000          ,      20.413,       9.168,       0.447,       7.629
 72000          ,      20.095,       9.623,       0.635,       7.276
 73000          ,      17.527,      11.794,       1.032,       8.053
 74000          ,      22.762,       7.944,       0.645,       5.431
 75000          ,      24.861,       7.534,       1.560,       4.175
 76000          ,      17.987,       8.329,       0.390,       7.164
 77000          ,      20.693,       9.272,       0.639,       7.297
 78000          ,      19.328,       9.524,       0.324,       7.681
 79000          ,      18.707,       9.243,       0.248,       7.504
 80000          ,      19.991,      10.258,       0.276,       8.126
 81000          ,      18.324,       7.326,       1.077,       6.246
 82000          ,      18.872,      10.123,       1.024,       6.644
 83000          ,      18.682,       9.063,       0.335,       7.795
 84000          ,      19.425,      10.556,       0.431,       8.634
 85000          ,      19.466,       8.788,       0.397,       7.302
 86000          ,      18.080,      10.802,       0.584,       8.728
 87000          ,      20.161,      10.523,       0.574,       8.146
 88000          ,      22.860,       8.245,       1.349,       6.078
 89000          ,      17.337,      10.872,       0.674,       7.557
 90000          ,      15.799,      10.731,       0.702,       7.973
 91000          ,      17.695,       8.647,       0.361,       7.139
 92000          ,      20.924,       9.364,       0.881,       6.813
 93000          ,      22.732,       8.925,       0.591,       6.543
 94000          ,      22.413,      11.509,       1.420,       6.811
 95000          ,      21.487,       9.572,       0.757,       6.337
 96000          ,      19.828,       8.041,       0.753,       5.807
 97000          ,      21.692,       8.058,       0.766,       5.591
 98000          ,      19.171,       9.083,       0.270,       6.988
 99000          ,      19.467,      10.821,       0.787,       7.880
 100000         ,      18.872,       9.669,       0.210,       7.946
 101000         ,      19.144,      10.221,       0.537,       7.418
 102000         ,      22.842,       8.493,       0.678,       6.671
 103000         ,      21.379,       9.304,       0.851,       7.022
 104000         ,      18.484,       8.102,       0.720,       6.423
 105000         ,      19.004,       8.664,       0.555,       6.550
 106000         ,      18.470,       7.926,       0.911,       7.072
 107000         ,      18.548,       9.957,       0.610,       7.109
 108000         ,      22.062,       8.505,       0.569,       6.129
 109000         ,      17.641,      10.969,       0.240,       9.089
 110000         ,      20.874,       8.859,       0.993,       6.261
 111000         ,      20.146,       9.512,       0.518,       7.657
 112000         ,      18.437,       9.582,       0.587,       7.425
 113000         ,      19.461,      11.736,       0.678,       8.212
 114000         ,      20.636,       8.174,       0.558,       5.627
 115000         ,      25.859,       7.485,       1.554,       5.102
 116000         ,      19.731,       9.661,       0.320,       7.501
 117000         ,      22.994,       9.663,       0.963,       6.435
 118000         ,      18.757,      11.786,       0.874,       7.719
 119000         ,      18.389,       9.896,       0.946,       6.253
 120000         ,      19.641,       8.445,       0.588,       6.765
 121000         ,      19.350,       9.900,       0.552,       7.221
 122000         ,      17.921,      10.736,       0.676,       8.917
 123000         ,      16.283,       9.152,       0.486,       8.429
 124000         ,      23.866,       7.634,       1.172,       5.663
 125000         ,      19.949,       9.108,       0.509,       7.079
 126000         ,      20.889,      10.531,       0.535,       6.997
 127000         ,      20.764,      10.571,       0.796,       7.542
 128000         ,      20.498,      10.044,       0.705,       7.161
 129000         ,      20.626,       9.606,       0.663,       6.476
 130000         ,      21.804,       8.177,       0.733,       5.835
 131000         ,      20.468,      10.376,       0.748,       7.363
 132000         ,      18.687,       8.122,       0.825,       6.112
 133000         ,      20.055,       8.199,       0.710,       6.265
 134000         ,      22.192,       8.427,       0.829,       5.368
 135000         ,      20.895,       9.149,       0.700,       6.932
 136000         ,      19.125,      10.696,       0.604,       7.467
 137000         ,      22.283,      10.239,       1.380,       7.741
 138000         ,      23.002,       8.528,       0.798,       6.724
 139000         ,      20.608,       9.355,       0.602,       6.881
 140000         ,      21.597,       8.534,       0.696,       6.412
 141000         ,      21.847,       8.290,       0.578,       5.902
 142000         ,      23.142,       9.331,       1.048,       6.371
 143000         ,      23.882,       8.439,       1.551,       5.240
 144000         ,      19.314,      11.148,       0.480,       8.902
 145000         ,      21.057,       9.954,       1.180,       6.189
 146000         ,      21.760,      10.264,       0.820,       6.661
 147000         ,      21.497,       9.240,       0.854,       6.396
 148000         ,      20.119,       9.566,       0.510,       7.067
 149000         ,      21.780,       9.589,       0.844,       6.153
 150000         ,      17.747,      10.406,       0.631,       7.199
 151000         ,      18.588,       9.739,       0.404,       7.172
 152000         ,      21.484,      10.011,       0.856,       6.663
 153000         ,      24.299,       8.404,       1.049,       5.574
 154000         ,      16.036,      11.964,       0.539,       9.357
 155000         ,      21.165,       9.213,       0.582,       7.216
 156000         ,      21.520,       8.716,       0.464,       6.563
 157000         ,      17.122,       9.599,       0.289,       8.071
 158000         ,      20.906,       7.692,       0.781,       5.257
 159000         ,      22.625,       7.663,       0.736,       5.317
 160000         ,      17.275,      10.338,       0.450,       8.373
 161000         ,      22.000,       8.763,       0.513,       6.641
 162000         ,      21.786,       9.879,       1.165,       6.780
 163000         ,      20.218,      11.241,       0.580,       8.986
 164000         ,      23.264,       7.411,       0.857,       5.045
 165000         ,      21.523,       8.937,       0.531,       6.565
 166000         ,      19.092,       8.460,       0.316,       6.839
 167000         ,      22.273,       7.263,       0.640,       5.139
 168000         ,      18.185,      10.922,       0.773,       8.239
 169000         ,      22.662,       9.181,       0.753,       6.224
 170000         ,      21.147,      10.482,       0.733,       7.111
 171000         ,      22.874,       8.980,       0.606,       6.036
 172000         ,      18.223,       9.567,       0.279,       7.573
 173000         ,      16.984,      10.370,       0.331,       8.603
 174000         ,      20.071,       9.197,       0.600,       6.505
 175000         ,      21.332,       9.680,       0.669,       7.079
 176000         ,      20.656,       9.297,       0.508,       7.513
 177000         ,      20.024,       9.991,       0.573,       7.678
 178000         ,      18.829,       8.680,       0.456,       6.940
 179000         ,      22.220,      10.395,       1.308,       6.964
 180000         ,      19.885,       9.251,       0.762,       7.130
 181000         ,      22.774,       9.248,       0.967,       7.029
 182000         ,      21.106,       8.128,       0.574,       5.907
 183000         ,      21.793,       7.896,       0.669,       5.458
 184000         ,      20.622,       8.274,       0.832,       5.609
 185000         ,      17.937,      10.410,       0.460,       8.253
 186000         ,      19.712,       9.154,       0.160,       7.484
 187000         ,      17.504,       9.773,       0.666,       7.715
 188000         ,      20.770,       7.797,       0.754,       5.160
 189000         ,      20.213,       8.586,       0.646,       6.209
 190000         ,      20.090,       8.780,       0.453,       6.069
 191000         ,      19.001,       8.578,       0.280,       7.193
 192000         ,      20.657,       8.736,       0.416,       6.514
 193000         ,      20.070,      10.297,       0.530,       7.654
 194000         ,      19.689,       9.909,       0.385,       8.199
 195000         ,      19.194,       9.760,       0.698,       7.865
 196000         ,      21.194,       9.613,       0.950,       6.470
 197000         ,      19.255,       9.094,       0.284,       6.686
 198000         ,      19.424,       9.369,       0.467,       7.154
 199000         ,      19.743,       7.788,       0.436,       6.778
 200000         ,      19.945,      10.043,       0.427,       7.150
 201000         ,      15.950,      12.419,       0.825,       9.602
 202000         ,      22.717,      10.168,       1.147,       6.421
 203000         ,      21.151,      10.176,       0.798,       6.835
 204000         ,      20.119,       9.415,       0.433,       6.358
 205000         ,      20.112,       9.386,       0.407,       7.375
 206000         ,      21.189,       8.901,       0.567,       6.607
 207000         ,      18.537,       8.872,       0.302,       7.204
 208000         ,      21.582,       8.519,       0.532,       5.967
 209000         ,      17.589,      10.995,       0.782,       7.906
 210000         ,      20.762,       8.919,       0.366,       6.529
 211000         ,      21.176,       9.008,       0.463,       7.097
 212000         ,      19.085,      11.336,       0.849,       8.383
 213000         ,      18.847,      10.433,       0.560,       8.295
 214000         ,      19.032,      10.311,       0.532,       8.452
 215000         ,      22.636,       9.554,       1.092,       7.634
 216000         ,      18.464,       9.057,       0.559,       7.374
 217000         ,      18.675,       8.867,       0.310,       7.093
 218000         ,      19.237,      10.281,       0.516,       8.347
 219000         ,      17.876,      10.185,       0.772,       7.356
 220000         ,      21.014,       7.856,       0.792,       5.842
 221000         ,      19.772,      11.027,       0.700,       7.368
 222000         ,      21.193,       9.158,       0.797,       6.996
 223000         ,      22.588,       8.038,       0.856,       5.072
 224000         ,      20.456,       9.359,       0.600,       7.518
 225000         ,      20.523,       9.343,       1.098,       7.143
 226000         ,      22.050,      10.085,       0.820,       6.433
 227000         ,      19.913,       9.623,       0.800,       6.564
 228000         ,      20.291,      10.807,       0.725,       6.946
 229000         ,      21.220,       9.557,       0.562,       7.263
 230000         ,      20.989,      10.098,       0.852,       6.419
 231000         ,      21.381,       7.824,       0.712,       5.495
 232000         ,      19.889,       9.049,       0.871,       6.001
 233000         ,      18.971,       8.298,       0.205,       7.083
 234000         ,      22.129,      10.109,       1.066,       7.069
 235000         ,      17.704,      10.590,       0.850,       7.529
 236000         ,      21.149,       7.474,       0.582,       5.554
 237000         ,      23.524,       9.769,       1.159,       6.956
 238000         ,      24.125,       6.873,       0.973,       3.920
 239000         ,      20.284,       8.536,       0.819,       6.175
 240000         ,      18.887,       9.245,       0.511,       7.003
 241000         ,      20.783,       9.485,       1.356,       5.919
 242000         ,      22.443,       9.619,       1.040,       6.139
 243000         ,      20.534,       7.940,       0.721,       5.644
 244000         ,      14.011,      11.475,       0.854,       9.433
 245000         ,      21.743,       9.363,       0.593,       6.376
 246000         ,      24.425,       8.082,       0.899,       5.756
 247000         ,      20.616,      10.571,       0.535,       7.761
 248000         ,      19.444,      10.943,       0.788,       7.289
 249000         ,      21.542,       8.963,       0.703,       5.951
 250000         ,      19.377,      10.847,       0.367,       7.851
 251000         ,      19.940,      11.412,       0.829,       7.645
 252000         ,      16.669,      10.449,       0.453,       8.413
 253000         ,      18.752,      10.162,       0.666,       7.076
 254000         ,      22.084,       9.043,       0.916,       6.324
 255000         ,      20.187,       9.602,       0.552,       6.508
 256000         ,      19.153,      11.403,       1.018,       7.269
 257000         ,      17.311,      11.088,       0.489,       9.102
 258000         ,      20.559,       9.399,       0.366,       7.761
 259000         ,      22.044,       8.885,       0.856,       6.121
 260000         ,      19.121,      10.004,       0.338,       8.333
 261000         ,      17.925,      11.882,       0.449,       9.889
 262000         ,      22.134,       8.798,       0.682,       6.264
 263000         ,      20.287,       9.771,       0.929,       6.918
 264000         ,      17.963,      11.600,       0.591,       8.830
 265000         ,      18.626,       9.985,       0.460,       7.522
 266000         ,      19.301,       8.964,       0.886,       6.216
 267000         ,      23.841,       8.613,       0.813,       6.132
 268000         ,      20.124,       8.167,       0.527,       6.349
 269000         ,      24.123,       9.352,       1.598,       6.752
 270000         ,      23.792,       7.728,       0.874,       5.156
 271000         ,      21.720,       8.520,       0.543,       6.729
 272000         ,      19.236,       9.886,       0.446,       7.438
 273000         ,      20.767,       8.682,       0.468,       7.236
 274000         ,      21.617,       9.190,       0.672,       6.114
 275000         ,      21.772,       8.781,       0.908,       5.494
 276000         ,      20.830,       9.863,       0.897,       6.668
 277000         ,      22.193,       9.034,       0.668,       6.270
 278000         ,      21.739,       9.334,       0.889,       6.648
 279000         ,      18.615,      10.831,       0.424,       9.074
 280000         ,      19.139,       9.254,       0.382,       7.783
 281000         ,      23.971,       8.850,       0.973,       5.750
 282000         ,      18.237,      10.121,       0.361,       7.699
 283000         ,      22.585,       8.445,       0.580,       6.169
 284000         ,      25.847,       6.681,       1.769,       4.576
 285000         ,      19.573,       7.815,       0.642,       6.787
 286000         ,      24.737,       7.872,       1.302,       6.035
 287000         ,      17.306,      11.036,       0.634,       8.411
 288000         ,      18.365,      10.964,       0.523,       7.984
 289000         ,      20.843,       8.509,       0.514,       7.110
 290000         ,      19.470,      10.493,       0.525,       8.298
 291000         ,      16.324,      11.850,       0.549,       9.526
 292000         ,      19.217,      10.473,       0.508,       7.594
 293000         ,      18.659,       9.027,       0.400,       7.524
 294000         ,      22.545,       8.485,       1.203,       5.457
 295000         ,      22.173,       9.319,       0.729,       6.272
 296000         ,      20.036,      10.621,       0.448,       7.757
 297000         ,      20.599,       9.331,       0.457,       6.913
 298000         ,      17.215,      10.280,       0.822,       9.007
 299000         ,      17.114,      10.724,       0.448,       8.653
 300000         ,      20.730,      11.869,       1.284,       7.149
 301000         ,      20.209,       8.868,       0.456,       7.236
 302000         ,      19.392,       9.350,       0.673,       7.786
 303000         ,      17.411,      11.655,       1.046,       7.723
 304000         ,      18.655,      11.154,       0.704,       8.144
 305000         ,      17.176,       9.727,       0.525,       7.865
 306000         ,      19.331,       9.501,       0.379,       7.448
 307000         ,      19.736,       8.809,       0.572,       6.373
 308000         ,      21.474,       8.643,       0.600,       6.040
 309000         ,      22.599,       9.359,       1.184,       5.489
 310000         ,      21.758,       8.969,       0.503,       7.199
 311000         ,      18.204,      10.926,       0.390,       8.775
 312000         ,      18.434,       9.978,       0.428,       7.381
 313000         ,      17.476,      10.937,       0.459,       8.235
 314000         ,      20.474,       9.848,       0.836,       6.695
 315000         ,      20.889,       9.198,       0.435,       6.286
 316000         ,      16.792,      11.045,       0.641,       9.197
 317000         ,      19.300,       9.624,       0.682,       6.873
 318000         ,      19.850,      10.734,       0.519,       7.641
 319000         ,      21.338,       8.990,       0.847,       6.435
 320000         ,      13.880,      12.338,       0.913,      10.065
 321000         ,      21.917,       8.583,       0.711,       6.088
 322000         ,      14.822,      12.860,       0.765,      10.276
 323000         ,      17.600,      10.825,       0.403,       8.210
 324000         ,      22.681,       7.861,       1.181,       4.731
 325000         ,      16.681,       9.570,       0.698,       7.043
 326000         ,      19.919,       9.678,       0.186,       7.868
 327000         ,      21.704,       9.668,       0.688,       6.222
 328000         ,      22.486,       7.453,       1.357,       4.842
 329000         ,      23.711,       8.249,       1.075,       6.414
 330000         ,      20.385,       9.529,       1.558,       5.554
 331000         ,      22.177,       7.563,       0.637,       5.537
 332000         ,      21.037,      10.569,       0.698,       8.336
 333000         ,      21.916,       8.734,       1.005,       5.351
 334000         ,      19.670,      10.576,       0.884,       7.143
 335000         ,      25.691,       7.330,       1.828,       4.648
 336000         ,      22.128,       9.351,       0.753,       6.363
 337000         ,      19.851,      10.430,       0.417,       7.831
 338000         ,      19.013,      10.125,       1.000,       6.927
 339000         ,      21.921,       8.925,       1.099,       5.805
 340000         ,      17.352,      10.934,       0.543,       8.215
 341000         ,      21.814,      11.036,       1.382,       6.625
 342000         ,      18.401,       9.613,       0.710,       7.187
 343000         ,      23.711,      10.807,       1.907,       8.021
 344000         ,      19.014,      10.598,       1.137,       7.151
 345000         ,      20.065,      10.545,       0.901,       6.612
 346000         ,      18.224,      10.791,       1.230,       7.245
 347000         ,      22.345,       8.862,       0.920,       5.945
 348000         ,      23.091,       7.699,       1.037,       5.808
 349000         ,      22.395,       9.139,       1.040,       6.401
 350000         ,      21.159,      10.351,       0.977,       7.041
 351000         ,      17.970,      10.692,       0.318,       8.159
 352000         ,      17.767,       9.759,       0.371,       7.820
 353000         ,      20.029,       9.450,       0.546,       6.345
 354000         ,      22.108,       8.267,       0.970,       5.206
 355000         ,      20.573,       8.492,       0.890,       6.256
 356000         ,      19.678,       9.677,       0.536,       6.951
 357000         ,      17.459,      13.008,       0.944,       9.813
 358000         ,      19.592,       8.975,       0.832,       7.095
 359000         ,      22.698,       8.347,       0.831,       5.839
 360000         ,      19.518,       7.112,       0.549,       6.355
 361000         ,      21.094,       9.809,       1.042,       6.801
 362000         ,      16.009,       9.664,       0.588,       7.873
 363000         ,      17.631,      11.314,       0.993,       7.345
 364000         ,      19.450,      12.950,       1.126,       8.831
 365000         ,      23.320,       9.432,       1.001,       5.778
 366000         ,      22.075,       7.797,       0.908,       5.643
 367000         ,      20.413,       9.819,       1.378,       7.105
 368000         ,      21.993,       9.237,       1.488,       5.789
 369000         ,      18.229,      10.879,       1.144,       6.892
 370000         ,      20.558,       8.250,       1.210,       6.865
 371000         ,      18.392,      10.444,       0.608,       7.394
 372000         ,      20.892,       9.313,       0.571,       6.757
 373000         ,      18.635,      11.827,       1.106,       7.857
 374000         ,      24.386,       7.550,       1.185,       5.671
 375000         ,      19.680,       9.675,       0.723,       6.598
 376000         ,      21.837,       8.605,       1.125,       7.070
 377000         ,      17.453,      11.327,       0.694,       8.769
 378000         ,      17.460,       9.030,       0.487,       7.177
 379000         ,      21.132,       7.997,       0.813,       6.299
 380000         ,      19.254,       9.789,       0.778,       7.276
 381000         ,      21.079,      10.686,       0.509,       7.395
 382000         ,      20.298,       8.906,       0.722,       6.172
 383000         ,      20.371,      11.092,       0.641,       8.837
 384000         ,      24.333,       6.551,       1.128,       4.477
 385000         ,      20.849,       9.533,       0.799,       6.721
 386000         ,      21.077,       8.616,       0.950,       6.256
 387000         ,      16.986,      10.432,       0.721,       7.896
 388000         ,      17.882,      10.186,       0.268,       8.724
 389000         ,      20.681,       8.465,       0.806,       6.374
 390000         ,      23.912,       8.526,       1.451,       6.006
 391000         ,      18.060,      10.400,       0.399,       7.923
 392000         ,      19.831,       8.566,       0.270,       6.742
 393000         ,      22.406,       7.603,       0.805,       6.242
 394000         ,      23.276,       7.931,       0.915,       5.913
 395000         ,      22.418,       8.836,       0.817,       6.472
 396000         ,      20.559,      10.129,       0.460,       7.865
 397000         ,      23.397,       6.839,       1.119,       5.613
 398000         ,      18.253,       9.339,       0.137,       8.047
 399000         ,      19.707,       8.490,       0.412,       6.532
 400000         ,      18.139,       9.974,       0.497,       7.568
 401000         ,      22.065,       8.018,       0.514,       6.354
 402000         ,      17.005,      10.582,       0.215,       8.443
 403000         ,      18.636,      10.187,       0.598,       7.975
 404000         ,      16.710,      10.830,       0.399,       8.417
 405000         ,      18.010,      10.663,       0.626,       8.841
 406000         ,      19.339,      12.363,       1.046,       7.968
 407000         ,      20.142,       9.560,       0.739,       7.520
 408000         ,      19.240,       9.908,       1.058,       6.758
 409000         ,      17.599,       8.913,       0.586,       7.698
 410000         ,      22.796,       6.992,       0.851,       5.741
 411000         ,      20.006,       9.645,       0.423,       7.788
 412000         ,      19.137,      11.266,       0.720,       8.985
 413000         ,      17.951,       8.259,       0.848,       6.203
 414000         ,      18.906,      10.484,       0.445,       7.116
 415000         ,      20.001,      10.686,       0.506,       7.833
 416000         ,      22.184,       9.346,       1.183,       5.197
 417000         ,      20.082,      10.923,       0.898,       7.272
 418000         ,      18.035,       8.219,       0.748,       6.113
 419000         ,      20.256,      11.746,       0.814,       9.269
 420000         ,      14.632,      12.523,       0.765,      10.355
 421000         ,      22.685,       8.373,       1.181,       5.669
 422000         ,      17.736,       9.762,       0.790,       7.264
 423000         ,      22.399,       9.079,       1.053,       6.100
 424000         ,      19.655,       8.052,       0.416,       6.383
 425000         ,      20.331,       9.910,       1.037,       6.032
 426000         ,      18.065,      10.193,       0.419,       8.524
 427000         ,      21.342,       8.181,       0.964,       5.668
 428000         ,      23.072,       8.999,       0.841,       5.641
 429000         ,      18.639,       8.833,       0.584,       6.493
 430000         ,      17.836,      10.139,       0.894,       7.423
 431000         ,      19.036,      10.927,       0.638,       8.588
 432000         ,      23.497,       8.928,       1.288,       5.950
 433000         ,      17.006,      10.212,       0.476,       8.386
 434000         ,      19.098,      11.494,       0.697,       7.406
 435000         ,      20.533,       9.188,       0.534,       6.559
 436000         ,      16.081,      12.419,       0.592,       9.630
 437000         ,      19.669,      10.608,       0.480,       7.655
 438000         ,      21.247,       8.414,       0.881,       5.900
 439000         ,      19.224,       8.971,       0.347,       6.608
 440000         ,      15.233,      11.040,       0.564,       8.929
 441000         ,      18.274,      10.735,       0.685,       7.343
 442000         ,      21.023,       8.180,       0.646,       6.223
 443000         ,      18.956,      10.357,       0.420,       8.267
 444000         ,      18.768,       8.052,       0.572,       6.217
 445000         ,      20.187,       8.271,       0.522,       6.767
 446000         ,      22.945,       8.832,       0.645,       6.971
 447000         ,      20.842,       8.403,       0.726,       5.787
 448000         ,      14.331,      10.511,       0.900,       9.768
 449000         ,      24.297,       6.810,       1.393,       4.702
 450000         ,      17.209,       9.624,       1.151,       7.500
 451000         ,      23.132,       7.589,       0.980,       5.293
 452000         ,      18.739,      10.603,       0.548,       8.939
 453000         ,      17.452,      10.142,       0.432,       8.179
 454000         ,      19.463,       8.569,       0.629,       5.950
 455000         ,      18.970,       8.716,       0.658,       5.968
 456000         ,      19.755,      10.344,       0.804,       6.755
 457000         ,      20.614,      11.021,       1.229,       7.594
 458000         ,      21.887,       8.309,       0.848,       5.562
 459000         ,      20.137,       9.680,       0.882,       7.226
 460000         ,      22.209,      10.087,       0.826,       6.438
 461000         ,      20.955,       9.278,       0.678,       6.653
 462000         ,      18.526,       9.694,       0.554,       6.706
 463000         ,      17.042,      11.604,       0.606,       8.481
 464000         ,      21.011,       8.556,       0.650,       5.545
 465000         ,      19.852,      11.018,       1.147,       6.659
 466000         ,      19.855,       9.855,       0.750,       7.725
 467000         ,      19.910,       7.984,       0.528,       6.520
 468000         ,      21.728,       8.465,       0.810,       6.417
 469000         ,      17.753,      12.889,       0.639,       9.653
 470000         ,      20.944,       7.468,       0.469,       6.218
 471000         ,      20.366,       9.349,       0.599,       6.892
 472000         ,      19.816,      10.631,       1.153,       6.898
 473000         ,      18.769,       8.985,       0.509,       7.042
 474000         ,      22.064,       8.319,       1.098,       5.350
 475000         ,      20.673,       8.662,       0.387,       6.767
 476000         ,      12.973,      12.927,       1.095,      11.038
 477000         ,      17.847,      10.868,       0.746,       7.630
 478000         ,      20.396,       9.708,       0.511,       7.823
 479000         ,      25.050,       9.134,       1.483,       5.785
 480000         ,      19.104,      10.038,       0.418,       7.523
 481000         ,      21.087,       9.311,       0.801,       7.001
 482000         ,      20.333,       8.908,       1.081,       6.589
 483000         ,      19.907,       9.774,       0.905,       7.272
 484000         ,      21.472,      10.021,       1.075,       6.596
 485000         ,      20.335,       9.747,       0.641,       6.753
 486000         ,      17.791,      10.618,       0.749,       7.501
 487000         ,      20.364,       8.805,       0.440,       7.258
 488000         ,      20.368,       9.308,       0.940,       5.858
 489000         ,      21.292,       8.436,       1.122,       5.898
 490000         ,      22.296,       7.762,       0.499,       6.066
 491000         ,      18.991,      10.133,       0.337,       8.134
 492000         ,      24.553,       7.711,       1.277,       5.854
 493000         ,      22.340,       7.228,       1.059,       5.375
 494000         ,      18.889,       8.615,       0.255,       6.788
 495000         ,      19.927,       8.768,       0.284,       7.294
 496000         ,      22.326,       8.610,       0.544,       6.810
 497000         ,      22.082,       8.062,       1.256,       5.660
 498000         ,      21.332,       8.869,       0.837,       6.002
 499000         ,      18.141,      11.517,       0.523,       9.427
 500000         ,      22.152,       8.524,       0.627,       6.366
 501000         ,      16.185,      11.712,       0.802,       8.772
 502000         ,      21.415,       7.732,       1.477,       5.137
 503000         ,      23.940,       7.977,       1.599,       6.486
 504000         ,      20.598,       9.294,       0.322,       7.576
 505000         ,      22.301,       7.250,       1.322,       5.135
 506000         ,      23.777,       7.436,       1.416,       5.572
 507000         ,      23.194,       7.650,       1.509,       4.978
 508000         ,      22.026,       9.774,       0.911,       6.634
 509000         ,      20.973,       9.730,       0.811,       6.500
 510000         ,      21.025,       9.500,       0.723,       7.445
 511000         ,      24.016,       7.818,       1.247,       5.346
 512000         ,      23.854,      10.215,       1.889,       7.010
 513000         ,      18.974,      10.880,       0.502,       8.400
 514000         ,      20.914,       8.586,       0.431,       6.714
 515000         ,      19.744,       8.691,       0.517,       6.496
 516000         ,      20.094,       9.784,       0.529,       6.738
 517000         ,      18.833,      11.037,       0.435,       8.177
 518000         ,      21.122,       7.798,       0.615,       6.468
 519000         ,      18.917,       9.169,       0.513,       7.065
 520000         ,      17.942,       9.208,       0.521,       6.888
 521000         ,      19.410,       9.005,       0.634,       6.138
 522000         ,      20.404,       9.156,       1.333,       6.732
 523000         ,      17.957,      10.867,       0.694,       8.280
 524000         ,      17.028,      11.061,       0.632,       8.554
 525000         ,      22.065,       9.241,       1.570,       6.847
 526000         ,      21.997,      10.507,       0.666,       7.213
 527000         ,      22.689,       9.795,       1.197,       7.493
 528000         ,      21.750,       9.611,       1.726,       6.931
 529000         ,      21.590,       8.570,       1.136,       5.744
 530000         ,      15.677,       9.611,       0.580,       8.222
 531000         ,      20.401,       9.136,       0.622,       6.013
 532000         ,      21.913,       9.447,       1.680,       7.567
 533000         ,      22.673,       7.769,       0.973,       5.664
 534000         ,      19.602,       8.549,       0.698,       6.769
 535000         ,      18.891,      10.796,       1.061,       8.613
 536000         ,      22.785,       8.005,       1.176,       6.449
 537000         ,      24.162,       9.187,       2.005,       6.247
 538000         ,      24.598,       8.387,       2.475,       5.029
 539000         ,      19.194,      10.025,       0.473,       7.182
 540000         ,      24.418,       8.003,       1.663,       6.608
 541000         ,      23.493,       8.588,       1.116,       5.879
 542000         ,      22.958,       9.483,       2.130,       7.245
 543000         ,      19.174,      13.208,       1.381,       9.232
 544000         ,      19.435,      10.007,       0.914,       8.280
 545000         ,      19.746,      10.854,       0.946,       7.771
 546000         ,      19.306,       9.393,       0.456,       7.309
 547000         ,      29.089,       7.884,       4.843,       5.350
 548000         ,      21.890,       7.994,       1.405,       6.263
 549000         ,      22.888,       9.357,       2.452,       5.921
 550000         ,      23.517,       8.085,       0.896,       6.076
 551000         ,      21.406,      10.495,       1.604,       6.485
 552000         ,      22.462,       9.024,       1.030,       6.454
 553000         ,      19.838,       9.874,       0.662,       6.680
 554000         ,      14.354,      11.968,       1.077,       9.039
 555000         ,      22.126,      10.052,       1.430,       7.919
 556000         ,      24.011,       8.624,       1.135,       5.863
 557000         ,      19.875,      10.074,       0.697,       6.976
 558000         ,      20.765,       9.825,       0.510,       7.614
 559000         ,      20.775,      12.589,       1.455,       8.385
 560000         ,      23.180,       8.501,       1.350,       6.254
 561000         ,      23.863,       8.113,       1.248,       6.623
 562000         ,      22.866,       8.237,       1.074,       5.949
 563000         ,      25.417,       8.915,       2.619,       5.870
 564000         ,      22.545,       8.561,       1.079,       7.096
 565000         ,      21.193,      10.034,       0.546,       6.892
 566000         ,      20.012,       9.817,       0.656,       8.079
 567000         ,      19.579,      10.217,       0.670,       7.425
 568000         ,      23.447,       7.578,       0.934,       5.670
 569000         ,      19.109,       9.730,       0.650,       8.101
 570000         ,      23.298,       9.013,       1.312,       5.690
 571000         ,      22.112,       9.185,       1.149,       5.471
 572000         ,      16.582,      12.080,       1.127,       8.603
 573000         ,      19.401,       9.032,       0.214,       7.285
 574000         ,      21.249,       7.344,       1.012,       5.790
 575000         ,      20.594,       9.055,       0.290,       7.328
 576000         ,      22.168,       9.267,       0.627,       6.915
 577000         ,      22.977,       8.519,       0.936,       5.980
 578000         ,      20.149,       9.315,       0.729,       6.446
 579000         ,      21.283,      11.271,       1.171,       7.545
 580000         ,      23.690,       8.487,       1.731,       5.490
 581000         ,      19.212,      11.452,       0.802,       8.966
 582000         ,      24.046,       8.134,       1.661,       5.157
 583000         ,      23.317,       7.936,       1.894,       4.080
 584000         ,      19.841,       9.416,       0.768,       7.121
 585000         ,      19.079,       8.736,       0.264,       7.314
 586000         ,      19.752,       8.907,       0.482,       6.844
 587000         ,      19.143,      10.530,       0.698,       6.808
 588000         ,      17.062,      11.409,       0.816,       7.821
 589000         ,      17.313,       9.916,       0.437,       8.125
 590000         ,      19.253,      10.170,       0.541,       7.756
 591000         ,      19.243,       9.218,       0.518,       7.669
 592000         ,      23.393,       8.124,       0.930,       5.622
 593000         ,      23.057,       7.369,       0.925,       5.470
 594000         ,      15.643,      12.164,       0.620,       9.692
 595000         ,      22.223,       8.326,       0.817,       5.494
 596000         ,      20.926,       9.300,       1.443,       5.710
 597000         ,      21.210,       9.848,       0.477,       7.328
 598000         ,      20.206,       9.323,       0.684,       6.463
 599000         ,      24.168,       6.371,       1.159,       5.369
 600000         ,      17.884,       7.992,       0.522,       6.652
 601000         ,      20.075,       9.243,       0.420,       7.161
 602000         ,      22.452,      10.007,       0.759,       6.858
 603000         ,      24.795,       6.937,       1.211,       4.336
 604000         ,      19.332,      12.010,       0.474,       8.771
 605000         ,      21.396,      10.536,       0.734,       7.171
 606000         ,      21.198,       8.736,       0.521,       6.444
 607000         ,      19.853,       9.877,       0.685,       6.953
 608000         ,      19.946,      11.275,       0.646,       7.800
 609000         ,      21.057,      12.018,       2.069,       8.412
 610000         ,      19.625,       7.715,       0.920,       4.976
 611000         ,      19.726,       8.855,       0.345,       7.448
 612000         ,      18.497,      11.385,       0.512,       8.230
 613000         ,      19.290,      10.567,       0.588,       8.174
 614000         ,      21.528,       7.020,       0.736,       5.905
 615000         ,      20.467,      10.244,       0.522,       7.207
 616000         ,      20.387,      10.626,       0.724,       8.678
 617000         ,      22.227,       8.121,       0.737,       5.915
 618000         ,      22.487,       8.189,       0.611,       6.385
 619000         ,      21.741,       8.035,       0.750,       6.607
 620000         ,      18.434,       9.740,       0.583,       8.033
 621000         ,      19.955,       8.888,       0.429,       6.970
 622000         ,      21.195,      10.746,       0.690,       8.375
 623000         ,      17.510,       9.986,       0.426,       7.993
 624000         ,      23.028,       6.608,       1.049,       4.627
 625000         ,      21.188,       8.272,       0.948,       6.921
 626000         ,      23.741,       8.472,       0.889,       6.239
 627000         ,      20.498,       9.017,       0.539,       6.287
 628000         ,      20.752,       9.196,       0.606,       7.541
 629000         ,      14.930,      12.122,       0.731,       9.853
 630000         ,      22.837,       7.064,       0.864,       5.894
 631000         ,      14.862,      10.348,       0.917,       7.977
 632000         ,      20.742,       8.829,       0.288,       7.200
 633000         ,      19.348,       8.560,       0.517,       7.202
 634000         ,      17.435,      10.705,       0.313,       8.451
 635000         ,      19.626,       7.793,       0.484,       6.363
 636000         ,      17.411,       9.142,       0.411,       7.097
 637000         ,      22.375,       8.351,       0.588,       6.225
 638000         ,      20.504,       7.204,       0.840,       6.473
 639000         ,      23.155,       8.296,       1.088,       6.416
 640000         ,      18.650,       8.724,       0.709,       6.422
 641000         ,      22.555,       9.669,       0.954,       6.333
 642000         ,      21.830,      10.017,       1.242,       6.271
 643000         ,      18.410,      11.249,       0.900,       7.930
 644000         ,      21.073,       8.488,       0.871,       6.411
 645000         ,      21.924,       7.972,       0.779,       5.656
 646000         ,      21.274,       8.297,       0.681,       5.850
 647000         ,      20.338,      10.377,       0.428,       8.156
 648000         ,      18.758,      10.153,       1.181,       6.969
 649000         ,      18.465,       7.932,       0.759,       6.136
 650000         ,      23.194,       7.275,       1.100,       4.795
 651000         ,      18.218,       7.340,       0.629,       6.229
 652000         ,      22.543,       6.714,       0.912,       4.902
 653000         ,      19.884,      10.255,       0.791,       6.974
 654000         ,      20.394,       7.753,       0.574,       5.919
 655000         ,      21.849,       8.701,       0.724,       5.953
 656000         ,      20.541,       7.209,       0.680,       5.688
 657000         ,      21.689,       9.528,       0.940,       6.636
 658000         ,      23.783,       7.435,       1.199,       4.660
 659000         ,      19.574,      10.480,       0.523,       7.394
 660000         ,      20.234,       7.829,       0.517,       5.554
 661000         ,      19.857,       9.306,       0.718,       6.291
 662000         ,      18.808,       8.315,       0.533,       6.545
 663000         ,      19.215,       9.116,       0.406,       6.539
 664000         ,      19.362,      10.309,       0.242,       7.926
 665000         ,      18.454,      11.538,       1.151,       8.055
 666000         ,      22.125,      10.483,       1.207,       7.005
 667000         ,      21.717,      10.434,       1.050,       6.526
 668000         ,      19.569,      10.574,       0.695,       7.546
 669000         ,      21.705,       9.208,       1.572,       6.705
 670000         ,      16.166,      10.923,       0.906,       8.152
 671000         ,      20.724,      10.473,       0.538,       8.096
 672000         ,      15.373,      11.004,       0.811,       8.693
 673000         ,      20.393,      10.075,       0.457,       7.059
 674000         ,      21.928,       7.129,       1.135,       4.258
 675000         ,      23.155,       8.916,       0.728,       6.736
 676000         ,      21.189,      10.056,       0.507,       7.990
 677000         ,      17.361,       9.960,       0.355,       7.831
 678000         ,      19.689,      11.302,       1.665,       8.292
 679000         ,      20.022,       9.436,       1.112,       7.278
 680000         ,      22.146,       8.631,       1.243,       5.638
 681000         ,      18.826,      12.936,       0.960,       9.650
 682000         ,      15.580,      12.266,       0.879,       9.478
 683000         ,      20.337,       9.336,       0.812,       6.470
 684000         ,      20.028,       9.222,       0.337,       7.650
 685000         ,      18.082,      12.015,       0.819,       8.890
 686000         ,      17.442,      10.075,       0.468,       8.030
 687000         ,      20.362,       9.629,       0.539,       6.865
 688000         ,      23.508,      10.329,       1.175,       7.069
 689000         ,      24.215,       9.205,       1.110,       5.371
 690000         ,      18.329,       9.072,       0.687,       6.949
 691000         ,      18.252,       9.009,       0.424,       7.164
 692000         ,      15.895,      12.441,       0.799,      10.334
 693000         ,      21.162,       8.870,       0.625,       6.234
 694000         ,      13.605,      13.996,       1.101,      11.251
 695000         ,      18.268,       9.899,       0.646,       6.627
 696000         ,      17.513,      10.912,       0.551,       8.482
 697000         ,      22.645,       8.108,       0.727,       6.311
 698000         ,      17.048,      10.402,       0.481,       8.768
 699000         ,      18.618,      10.114,       0.516,       7.019
 700000         ,      18.039,      10.293,       0.558,       8.263
 701000         ,      18.549,      11.229,       0.565,       8.236
 702000         ,      19.209,       9.378,       0.833,       7.586
 703000         ,      17.452,      10.601,       0.582,       8.819
 704000         ,      21.817,      10.941,       1.377,       6.833
 705000         ,      16.329,      10.462,       0.403,       9.199
 706000         ,      18.582,       9.591,       0.333,       7.418
 707000         ,      18.061,      11.049,       0.216,       8.559
 708000         ,      24.707,       8.216,       1.916,       5.997
 709000         ,      22.508,       8.363,       1.320,       6.959
 710000         ,      20.648,      10.459,       0.790,       6.742
 711000         ,      14.384,      13.147,       1.030,      10.247
 712000         ,      16.510,      11.271,       0.736,       8.373
 713000         ,      20.292,       8.691,       0.466,       7.129
 714000         ,      14.503,      12.795,       1.292,       9.638
 715000         ,      17.578,      10.228,       0.580,       8.061
 716000         ,      18.976,       9.170,       0.667,       6.902
 717000         ,      20.527,      10.182,       0.771,       7.352
 718000         ,      21.659,       8.893,       0.524,       6.225
 719000         ,      19.514,       9.865,       0.383,       7.801
 720000         ,      19.989,       9.467,       0.603,       7.014
 721000         ,      20.495,       9.316,       0.645,       6.480
 722000         ,      22.015,      10.611,       1.081,       7.046
 723000         ,      20.115,       8.336,       1.000,       5.555
 724000         ,      18.241,      10.320,       1.274,       6.581
 725000         ,      18.086,      11.540,       0.609,       8.013
 726000         ,      19.974,       7.925,       0.775,       5.990
 727000         ,      21.543,       8.595,       0.830,       5.889
 728000         ,      19.408,       9.668,       1.092,       5.850
 729000         ,      19.743,      10.084,       0.404,       7.917
 730000         ,      23.719,       7.535,       1.037,       5.349
 731000         ,      18.936,       9.879,       0.676,       7.291
 732000         ,      19.853,       8.950,       0.454,       6.970
 733000         ,      17.911,       9.686,       0.688,       6.876
 734000         ,      23.002,      10.871,       2.339,       6.576
 735000         ,      20.575,       8.924,       0.824,       6.285
 736000         ,      17.827,      10.324,       0.309,       8.381
 737000         ,      18.467,      10.500,       0.530,       7.902
 738000         ,      19.442,       9.040,       0.226,       7.007
 739000         ,      21.143,       8.388,       1.065,       5.629
 740000         ,      19.043,       7.320,       0.565,       6.751
 741000         ,      19.870,      11.054,       0.596,       7.978
 742000         ,      16.624,      10.315,       0.726,       7.932
 743000         ,      21.959,       8.831,       1.067,       5.077
 744000         ,      20.203,       9.179,       0.624,       6.547
 745000         ,      19.256,       9.509,       0.295,       7.741
 746000         ,      17.730,       9.870,       0.530,       7.633
 747000         ,      19.897,       9.605,       0.304,       6.731
 748000         ,      18.509,       8.853,       0.437,       6.539
 749000         ,      20.631,       8.875,       0.768,       6.143
 750000         ,      21.816,       9.061,       0.516,       6.309
 751000         ,      15.677,       9.629,       0.809,       7.570
 752000         ,      18.443,      11.456,       0.334,       9.257
 753000         ,      21.848,       7.119,       0.871,       5.852
 754000         ,      20.798,       9.824,       1.080,       6.059
 755000         ,      20.312,       9.764,       0.454,       6.890
 756000         ,      19.657,       9.323,       0.824,       8.025
 757000         ,      20.218,      10.897,       1.190,       7.580
 758000         ,      19.200,       9.784,       0.646,       7.097
 759000         ,      19.156,       9.661,       0.624,       7.460
 760000         ,      17.324,      10.698,       0.579,       8.542
 761000         ,      21.509,       7.355,       0.677,       5.694
 762000         ,      23.246,       9.302,       1.563,       7.103
 763000         ,      18.256,      10.500,       0.559,       8.793
 764000         ,      22.027,       9.589,       0.837,       7.281
 765000         ,      15.869,      10.453,       0.529,       8.594
 766000         ,      17.844,       9.171,       0.705,       7.883
 767000         ,      19.281,      10.799,       0.426,       8.082
 768000         ,      18.325,      10.004,       0.197,       8.134
 769000         ,      19.181,       9.631,       0.712,       6.830
 770000         ,      19.862,       9.825,       0.550,       7.530
 771000         ,      19.894,       8.312,       0.475,       6.513
 772000         ,      16.961,      10.249,       0.604,       8.158
 773000         ,      19.551,       9.926,       0.781,       7.065
 774000         ,      18.069,       9.273,       0.557,       7.395
 775000         ,      20.323,       9.111,       0.553,       7.473
 776000         ,      22.913,       9.350,       0.656,       6.388
 777000         ,      19.972,      11.388,       0.709,       7.942
 778000         ,      19.670,       8.175,       0.652,       6.752
 779000         ,      16.989,      11.770,       0.961,       8.152
 780000         ,      19.872,      10.836,       0.786,       7.187
 781000         ,      15.545,      10.799,       0.696,       8.588
 782000         ,      19.730,      10.006,       0.930,       8.439
 783000         ,      19.535,       9.610,       0.362,       7.818
 784000         ,      21.105,       8.188,       0.660,       5.615
 785000         ,      17.834,      11.594,       0.740,       8.056
 786000         ,      16.116,      11.815,       1.001,       8.189
 787000         ,      20.388,      10.933,       0.865,       7.301
 788000         ,      22.970,       8.738,       0.529,       6.833
 789000         ,      21.914,       9.226,       0.914,       6.238
 790000         ,      18.695,      11.202,       0.830,       8.311
 791000         ,      22.312,       7.250,       1.080,       6.168
 792000         ,      22.229,       9.078,       0.755,       6.308
 793000         ,      19.549,       9.655,       0.994,       6.897
 794000         ,      21.454,      10.189,       0.508,       7.588
 795000         ,      24.293,       7.988,       2.103,       5.053
 796000         ,      18.030,      10.753,       0.617,       8.320
 797000         ,      19.853,       9.350,       0.693,       7.530
 798000         ,      18.397,       9.999,       0.371,       7.766
 799000         ,      21.455,       9.357,       0.719,       7.128
 800000         ,      21.196,       8.305,       0.949,       6.384
 801000         ,      20.970,      11.066,       1.240,       6.850
 802000         ,      19.179,      10.058,       0.517,       7.885
 803000         ,      19.935,       8.736,       0.569,       6.442
 804000         ,      21.779,       7.925,       0.964,       5.125
 805000         ,      21.387,       7.605,       0.721,       6.148
 806000         ,      18.131,       8.939,       0.739,       7.011
 807000         ,      22.456,      10.095,       1.566,       5.275
 808000         ,      18.750,      10.330,       1.255,       6.454
 809000         ,      22.942,       7.974,       1.085,       5.094
 810000         ,      20.172,      10.651,       1.104,       7.372
 811000         ,      20.423,       9.982,       1.099,       6.514
 812000         ,      13.283,      11.038,       0.967,       9.075
 813000         ,      22.672,       8.520,       1.649,       4.039
 814000         ,      22.404,       9.197,       1.027,       6.201
 815000         ,      22.595,       8.877,       1.021,       5.397
 816000         ,      18.856,       9.914,       0.698,       7.033
 817000         ,      21.355,       9.111,       0.749,       6.016
 818000         ,      21.317,       9.868,       0.573,       6.504
 819000         ,      20.059,      10.669,       0.363,       7.457
 820000         ,      24.423,       6.627,       1.202,       4.374
 821000         ,      23.301,       9.817,       1.322,       5.474
 822000         ,      21.785,       8.976,       0.841,       5.353
 823000         ,      20.342,      10.153,       0.407,       7.311
 824000         ,      20.778,      10.085,       0.690,       6.899
 825000         ,      17.315,       9.686,       0.960,       6.797
 826000         ,      21.907,       8.482,       1.172,       5.146
 827000         ,      18.829,       8.998,       0.730,       7.899
 828000         ,      22.501,       9.190,       1.224,       6.194
 829000         ,      24.049,       9.718,       1.408,       5.375
 830000         ,      27.456,       7.313,       1.867,       4.421
 831000         ,      19.609,       8.648,       0.556,       6.417
 832000         ,      21.481,       7.658,       0.761,       5.984
 833000         ,      18.966,       8.997,       0.595,       7.076
 834000         ,      19.454,       9.007,       1.329,       5.470
 835000         ,      21.209,       9.984,       0.569,       7.003
 836000         ,      21.321,       8.787,       0.624,       6.004
 837000         ,      21.173,       8.947,       1.111,       6.408
 838000         ,      20.176,      10.871,       0.682,       7.346
 839000         ,      20.422,      10.249,       0.749,       7.421
 840000         ,      19.405,      10.035,       0.565,       7.557
 841000         ,      21.462,       8.305,       1.009,       5.119
 842000         ,      19.932,       8.243,       0.933,       5.231
 843000         ,      19.746,       9.666,       0.559,       6.622
 844000         ,      20.696,       9.817,       1.082,       5.588
 845000         ,      19.456,       8.241,       0.777,       5.719
 846000         ,      19.293,       7.673,       0.777,       5.509
 847000         ,      19.766,      10.479,       0.886,       6.519
 848000         ,      21.865,       8.173,       0.902,       6.644
 849000         ,      20.370,       7.961,       0.890,       5.832
 850000         ,      21.268,      10.381,       0.822,       6.389
 851000         ,      21.626,      10.431,       0.825,       7.398
 852000         ,      18.541,      12.312,       1.850,       7.653
 853000         ,      20.184,       9.832,       0.899,       5.844
 854000         ,      19.186,      10.178,       0.560,       7.413
 855000         ,      20.123,       9.059,       1.044,       5.279
 856000         ,      20.801,       9.403,       1.336,       5.528
 857000         ,      18.304,      10.281,       0.778,       6.992
 858000         ,      19.687,       8.808,       1.529,       5.237
 859000         ,      18.021,      10.471,       0.833,       8.024
 860000         ,      20.479,       9.270,       0.432,       6.751
 861000         ,      19.515,       9.573,       0.613,       7.430
 862000         ,      18.196,      10.510,       0.450,       8.630
 863000         ,      17.881,      10.201,       0.569,       7.296
 864000         ,      21.523,       8.907,       1.276,       6.277
 865000         ,      19.435,      11.643,       0.690,       8.211
 866000         ,      24.351,       8.519,       1.422,       5.602
 867000         ,      19.016,       9.591,       0.874,       7.221
 868000         ,      23.917,       8.736,       1.093,       5.481
 869000         ,      18.009,      10.184,       0.613,       7.189
 870000         ,      19.540,      11.798,       0.897,       7.643
 871000         ,      16.437,       9.538,       0.646,       7.360
 872000         ,      18.053,      11.587,       0.990,       8.061
 873000         ,      21.501,       7.903,       0.739,       6.025
 874000         ,      19.304,      11.399,       0.598,       8.091
 875000         ,      16.625,       9.065,       0.642,       7.365
 876000         ,      19.763,      10.407,       0.352,       7.798
 877000         ,      21.322,       7.267,       0.847,       6.085
 878000         ,      19.909,       9.650,       0.612,       6.801
 879000         ,      20.543,       9.604,       0.678,       7.289
 880000         ,      16.559,      10.524,       0.577,       8.279
 881000         ,      22.005,       7.858,       0.828,       5.652
 882000         ,      20.771,       9.105,       0.831,       6.289
 883000         ,      20.898,       8.568,       0.489,       6.176
 884000         ,      17.133,      11.788,       0.810,       8.259
 885000         ,      22.808,       9.733,       0.873,       7.608
 886000         ,      17.773,      10.139,       0.538,       7.800
 887000         ,      16.677,      10.875,       0.534,       9.337
 888000         ,      20.149,       9.178,       0.739,       6.318
 889000         ,      21.303,       9.532,       0.983,       7.005
 890000         ,      19.271,       9.824,       0.362,       7.589
 891000         ,      20.900,      10.503,       0.972,       6.981
 892000         ,      17.597,      11.746,       0.559,       9.396
 893000         ,      21.466,      10.229,       0.670,       7.102
 894000         ,      21.930,       7.406,       0.859,       4.867
 895000         ,      18.802,       9.850,       0.572,       7.098
 896000         ,      15.606,      11.561,       0.667,       9.181
 897000         ,      18.324,      11.872,       0.871,       8.029
 898000         ,      20.754,      10.019,       0.817,       7.249
 899000         ,      22.032,       8.120,       1.083,       5.151
 900000         ,      19.153,      11.061,       0.695,       7.515
 901000         ,      21.839,       6.907,       1.056,       5.261
 902000         ,      21.752,       8.941,       0.877,       6.511
 903000         ,      20.623,       9.487,       0.724,       7.110
 904000         ,      22.926,       8.405,       0.908,       5.223
 905000         ,      19.947,       8.675,       0.517,       7.363
 906000         ,      20.061,       8.902,       0.667,       6.128
 907000         ,      21.871,       7.817,       0.486,       5.602
 908000         ,      19.798,       9.733,       0.361,       6.900
 909000         ,      24.078,       8.492,       1.382,       4.732
 910000         ,      22.140,       9.133,       0.810,       6.653
 911000         ,      20.476,      11.652,       0.485,       8.910
 912000         ,      17.061,      10.837,       0.922,       7.738
 913000         ,      17.685,      10.060,       0.824,       7.356
 914000         ,      19.609,       9.750,       0.886,       6.665
 915000         ,      20.056,      10.550,       0.747,       8.391
 916000         ,      18.115,       8.747,       0.497,       6.949
 917000         ,      21.326,       8.124,       1.168,       4.661
 918000         ,      22.631,       9.803,       1.009,       7.233
 919000         ,      21.622,       7.584,       0.627,       5.294
 920000         ,      18.101,       9.048,       0.371,       7.091
 921000         ,      17.049,       9.531,       0.594,       7.646
 922000         ,      19.881,       8.744,       0.570,       6.419
 923000         ,      22.090,       8.636,       1.029,       5.988
 924000         ,      20.079,       9.130,       0.713,       6.413
 925000         ,      22.401,       7.705,       1.023,       4.951
 926000         ,      14.777,      10.880,       0.917,       8.224
 927000         ,      21.400,       8.936,       0.453,       6.712
 928000         ,      24.270,       8.665,       1.293,       5.472
 929000         ,      18.659,      11.198,       1.525,       7.275
 930000         ,      20.770,       8.017,       1.075,       5.464
 931000         ,      21.625,      10.208,       0.988,       6.102
 932000         ,      22.510,       8.003,       1.319,       5.551
 933000         ,      19.768,       9.237,       0.589,       7.177
 934000         ,      20.129,       9.220,       0.626,       6.110
 935000         ,      17.640,       8.655,       0.343,       7.248
 936000         ,      19.791,       8.047,       0.835,       6.156
 937000         ,      20.198,       9.013,       0.656,       6.570
 938000         ,      20.049,       9.027,       0.761,       5.992
 939000         ,      18.932,       8.842,       0.274,       7.185
 940000         ,      20.861,       7.941,       0.447,       6.759
 941000         ,      18.097,       9.299,       0.382,       7.732
 942000         ,      19.748,       8.474,       0.893,       6.943
 943000         ,      20.769,      10.121,       0.963,       8.257
 944000         ,      20.626,       7.859,       0.446,       5.726
 945000         ,      21.086,      10.028,       0.989,       6.524
 946000         ,      18.232,       9.104,       0.497,       7.193
 947000         ,      19.896,       7.999,       0.507,       6.348
 948000         ,      18.746,       9.156,       0.774,       6.627
 949000         ,      19.698,       9.353,       0.330,       6.918
 950000         ,      18.456,      10.982,       0.842,       7.163
 951000         ,      13.984,      12.361,       0.742,      10.347
 952000         ,      16.328,      11.183,       1.262,       7.293
 953000         ,      16.637,       9.654,       0.498,       8.480
 954000         ,      19.445,       9.462,       0.975,       7.570
 955000         ,      22.775,       9.565,       0.596,       6.844
 956000         ,      18.521,       8.260,       0.597,       6.961
 957000         ,      21.707,       7.968,       0.743,       6.006
 958000         ,      21.452,       8.208,       0.656,       6.770
 959000         ,      21.111,       9.121,       0.586,       7.132
 960000         ,      19.996,       9.155,       0.489,       7.059
 961000         ,      15.019,      11.272,       0.817,       8.787
 962000         ,      14.235,      10.810,       1.026,       8.737
 963000         ,      17.417,       9.531,       0.532,       7.514
 964000         ,      17.707,       9.869,       0.960,       7.567
 965000         ,      20.575,       8.560,       0.489,       6.793
 966000         ,      15.954,      12.649,       0.838,       9.063
 967000         ,      19.450,       8.860,       0.492,       6.685
 968000         ,      16.358,      10.840,       0.858,       8.051
 969000         ,      17.208,      10.883,       0.960,       7.379
 970000         ,      16.736,      13.453,       1.002,       9.315
 971000         ,      18.950,       9.469,       0.356,       8.071
 972000         ,      13.782,      12.230,       0.774,       9.944
 973000         ,      20.207,       8.596,       0.357,       6.967
 974000         ,      15.164,       9.751,       0.663,       8.147
 975000         ,      20.791,      11.342,       1.482,       9.411
 976000         ,      22.113,       8.365,       0.996,       5.631
 977000         ,      20.106,       7.625,       0.562,       6.078
 978000         ,      15.307,      12.320,       0.744,       9.945
 979000         ,      18.734,      10.092,       0.382,       8.525
 980000         ,      20.125,      11.224,       0.644,       7.961
 981000         ,      18.287,      10.793,       0.388,       8.080
 982000         ,      20.550,      10.103,       0.975,       6.929
 983000         ,      21.797,       8.715,       0.852,       6.333
 984000         ,      18.798,       8.517,       0.691,       6.065
 985000         ,      21.265,       9.227,       0.425,       6.853
 986000         ,      20.337,       9.390,       0.803,       7.194
 987000         ,      16.774,      10.186,       0.463,       8.576
 988000         ,      24.377,       7.937,       1.796,       5.214
 989000         ,      20.020,       9.586,       0.478,       7.079
 990000         ,      21.561,      10.334,       1.220,       8.049
 991000         ,      18.081,       9.953,       0.406,       7.618
 992000         ,      17.116,      11.800,       0.736,       8.999
 993000         ,      15.687,      12.318,       0.545,      10.073
 994000         ,      18.666,      10.089,       0.760,       7.517
 995000         ,      19.814,      11.543,       1.339,       7.105
 996000         ,      21.446,      10.087,       0.531,       6.908
 997000         ,      18.903,      12.096,       0.873,       8.558
 998000         ,      15.021,      11.607,       1.191,       8.180
 999000         ,      18.417,       9.123,       0.301,       7.125
 1000000        ,      21.625,       9.506,       0.803,       6.811
