--------------------------------------------------------------------------------
S H A P E   v2.1         Continuous Shape Measures calculation
(c) 2013  Electronic Structure Group, Universitat de Barcelona
                   Contact:  llunell@ub.edu                   
--------------------------------------------------------------------------------

coordination ZF2 

SP-4            1 D4h   Square                                             
T-4             2 Td    Tetrahedron                                        
SS-4            3 C2v   Seesaw                                             
vTBPY-4         4 C3v   Vacant trigonal bipyramid                          

Structure [ML4 ]         SP-4          T-4         SS-4      vTBPY-4
 0              ,      30.990,       0.700,       8.189,       1.964
 500            ,      33.234,       0.813,       8.440,       1.766
 1000           ,      32.356,       0.491,       8.348,       2.148
 1500           ,      32.775,       0.637,       7.578,       2.079
 2000           ,      31.638,       0.550,       8.732,       2.005
 2500           ,      32.944,       1.048,       8.604,       1.454
 3000           ,      31.991,       0.493,       8.342,       2.331
 3500           ,      31.708,       0.997,       8.759,       1.951
 4000           ,      29.275,       1.232,       8.049,       1.786
 4500           ,      31.448,       0.900,       7.673,       1.628
 5000           ,      32.957,       0.969,       7.949,       1.663
 5500           ,      31.069,       0.667,       8.937,       3.150
 6000           ,      31.031,       0.599,       7.255,       2.141
 6500           ,      30.563,       0.934,       7.369,       1.690
 7000           ,      32.694,       1.010,       7.716,       1.545
 7500           ,      30.777,       1.401,       6.422,       1.592
 8000           ,      30.449,       0.924,       7.656,       2.049
 8500           ,      33.104,       0.618,       8.394,       1.980
 9000           ,      30.108,       1.147,       6.410,       2.784
 9500           ,      32.334,       1.045,       7.865,       1.264
 10000          ,      30.500,       1.032,       6.881,       1.639
 10500          ,      29.913,       1.088,       6.622,       2.074
 11000          ,      28.200,       1.336,       6.150,       2.100
 11500          ,      32.022,       0.609,       8.985,       2.055
 12000          ,      32.381,       0.481,       8.896,       2.420
 12500          ,      31.422,       0.839,       8.006,       1.946
 13000          ,      32.754,       0.628,       7.841,       2.285
 13500          ,      30.890,       0.983,       7.848,       1.473
 14000          ,      31.105,       0.632,       8.019,       2.095
 14500          ,      31.962,       0.409,       8.480,       2.501
 15000          ,      31.232,       0.818,       8.329,       1.800
 15500          ,      29.776,       1.105,       8.037,       1.976
 16000          ,      31.120,       0.975,       8.955,       1.890
 16500          ,      28.746,       1.001,       6.698,       1.725
 17000          ,      29.252,       0.544,       8.213,       2.549
 17500          ,      31.994,       0.875,       6.906,       2.442
 18000          ,      30.939,       0.553,       7.886,       2.513
 18500          ,      30.167,       0.457,       7.521,       2.632
 19000          ,      29.600,       0.755,       7.724,       2.094
 19500          ,      30.342,       0.624,       6.792,       2.581
 20000          ,      30.040,       1.350,       6.810,       1.931
 20500          ,      32.929,       0.969,       8.421,       1.748
 21000          ,      30.375,       0.687,       7.947,       3.149
 21500          ,      31.787,       0.608,       8.417,       2.733
 22000          ,      28.785,       0.661,       8.233,       2.878
 22500          ,      31.860,       0.741,       7.909,       1.791
 23000          ,      32.517,       0.661,       8.467,       2.318
 23500          ,      30.144,       1.306,       7.479,       1.626
 24000          ,      30.532,       0.697,       7.942,       2.718
 24500          ,      28.763,       0.680,       7.261,       2.359
 25000          ,      32.718,       0.832,       7.995,       1.861
 25500          ,      29.836,       0.954,       7.469,       1.904
 26000          ,      32.279,       0.663,       8.206,       1.880
 26500          ,      30.391,       0.735,       7.478,       2.280
 27000          ,      31.876,       0.908,       7.303,       1.526
 27500          ,      29.114,       0.766,       7.236,       2.862
 28000          ,      30.596,       0.649,       7.186,       2.140
 28500          ,      31.716,       0.879,       7.679,       1.599
 29000          ,      25.581,       1.486,       5.013,       2.470
 29500          ,      31.175,       0.748,       7.252,       2.130
 30000          ,      31.318,       1.231,       6.851,       1.600
 30500          ,      28.881,       1.112,       7.496,       2.121
 31000          ,      29.388,       0.839,       6.392,       2.227
 31500          ,      31.227,       0.908,       8.217,       1.646
 32000          ,      32.627,       0.740,       7.707,       2.057
 32500          ,      29.856,       0.562,       7.870,       2.095
 33000          ,      32.014,       1.015,       6.850,       1.871
 33500          ,      31.636,       0.349,       8.624,       2.676
 34000          ,      31.814,       0.526,       8.283,       2.360
 34500          ,      29.860,       0.519,       7.863,       2.632
 35000          ,      28.940,       1.256,       6.463,       1.694
 35500          ,      31.475,       0.412,       8.855,       2.553
 36000          ,      30.932,       0.459,       7.728,       2.280
 36500          ,      26.738,       1.194,       5.561,       2.593
 37000          ,      31.786,       0.684,       7.728,       1.773
 37500          ,      30.884,       0.744,       7.848,       1.970
 38000          ,      27.557,       1.124,       6.947,       2.336
 38500          ,      32.692,       0.753,       8.522,       2.099
 39000          ,      29.815,       1.232,       6.509,       2.466
 39500          ,      31.888,       0.621,       8.515,       2.097
 40000          ,      31.951,       0.522,       8.268,       2.623
 40500          ,      31.000,       1.098,       6.500,       2.179
 41000          ,      30.077,       0.529,       8.525,       2.906
 41500          ,      28.767,       0.928,       6.214,       2.231
 42000          ,      29.324,       0.889,       7.549,       2.295
 42500          ,      29.693,       1.041,       6.947,       1.782
 43000          ,      32.618,       0.690,       8.499,       2.183
 43500          ,      33.290,       0.543,       8.529,       2.028
 44000          ,      29.840,       0.514,       8.032,       2.786
 44500          ,      31.760,       0.481,       9.085,       2.472
 45000          ,      28.657,       1.146,       6.170,       1.998
 45500          ,      31.067,       0.677,       8.000,       2.168
 46000          ,      32.426,       0.794,       8.852,       2.168
 46500          ,      28.669,       1.106,       7.083,       1.926
 47000          ,      32.709,       0.436,       8.212,       1.760
 47500          ,      33.062,       0.621,       8.578,       1.700
 48000          ,      32.771,       0.673,       8.510,       1.979
 48500          ,      32.598,       0.438,       8.050,       2.619
 49000          ,      30.278,       0.685,       7.772,       2.240
 49500          ,      33.175,       0.515,       8.644,       2.284
 50000          ,      32.541,       0.534,       7.749,       2.161
 50500          ,      32.166,       0.446,       9.317,       2.658
 51000          ,      31.746,       0.567,       8.034,       2.589
 51500          ,      30.632,       0.683,       7.246,       1.859
 52000          ,      29.079,       0.936,       7.018,       2.374
 52500          ,      32.093,       0.391,       8.013,       2.889
 53000          ,      32.784,       0.868,       7.651,       1.637
 53500          ,      30.482,       0.925,       7.253,       1.794
 54000          ,      28.726,       1.044,       6.135,       2.089
 54500          ,      30.643,       0.968,       7.640,       2.018
 55000          ,      31.076,       0.756,       7.324,       1.847
 55500          ,      30.503,       0.772,       8.475,       2.257
 56000          ,      32.057,       0.837,       7.870,       1.385
 56500          ,      33.289,       0.379,       8.820,       2.436
 57000          ,      30.798,       0.690,       7.356,       2.450
 57500          ,      31.373,       0.760,       6.878,       1.738
 58000          ,      28.838,       0.988,       7.599,       1.867
 58500          ,      30.648,       0.892,       7.933,       1.758
 59000          ,      31.848,       0.397,       8.115,       2.348
 59500          ,      32.922,       0.416,       8.649,       1.860
 60000          ,      29.716,       1.296,       6.476,       1.418
 60500          ,      29.286,       1.087,       8.271,       1.972
 61000          ,      31.642,       0.798,       8.033,       1.705
 61500          ,      31.362,       0.975,       7.667,       1.482
 62000          ,      29.656,       0.744,       6.857,       1.759
 62500          ,      32.086,       0.765,       8.099,       1.681
 63000          ,      32.970,       0.497,       8.614,       1.828
 63500          ,      27.893,       0.832,       6.496,       3.022
 64000          ,      31.557,       0.449,       8.415,       2.657
 64500          ,      32.727,       0.958,       7.988,       1.488
 65000          ,      29.844,       1.164,       7.419,       1.838
 65500          ,      33.540,       1.068,       8.246,       1.150
 66000          ,      32.310,       0.847,       8.859,       1.643
 66500          ,      32.634,       0.609,       7.229,       2.745
 67000          ,      31.592,       0.772,       7.761,       1.624
 67500          ,      30.829,       0.629,       8.093,       2.105
 68000          ,      32.109,       0.867,       8.418,       1.550
 68500          ,      33.174,       0.614,       7.655,       1.681
 69000          ,      31.453,       1.434,       6.343,       1.723
 69500          ,      33.222,       0.611,       8.221,       1.655
 70000          ,      30.110,       1.069,       6.660,       1.793
 70500          ,      31.431,       0.816,       7.779,       2.132
 71000          ,      30.916,       0.685,       9.143,       2.828
 71500          ,      30.402,       1.160,       6.880,       1.746
 72000          ,      28.914,       0.768,       6.440,       3.008
 72500          ,      31.159,       0.976,       9.082,       2.334
 73000          ,      31.214,       1.113,       8.145,       1.749
 73500          ,      29.211,       1.302,       8.093,       2.958
 74000          ,      29.627,       0.895,       7.996,       2.228
 74500          ,      30.769,       0.845,       7.566,       2.444
 75000          ,      33.206,       0.738,       8.671,       2.172
 75500          ,      31.465,       0.783,       7.863,       2.652
 76000          ,      32.240,       0.559,       9.006,       2.723
 76500          ,      30.834,       0.918,       8.341,       2.546
 77000          ,      30.994,       0.683,       8.123,       2.024
 77500          ,      27.901,       0.887,       7.845,       2.864
 78000          ,      33.019,       0.636,       8.109,       1.957
 78500          ,      32.924,       0.550,       8.936,       2.000
 79000          ,      31.645,       0.372,       7.612,       2.500
 79500          ,      30.802,       0.698,       7.494,       2.944
 80000          ,      32.119,       0.445,       8.729,       2.195
 80500          ,      30.085,       0.889,       7.586,       1.904
 81000          ,      29.686,       1.214,       6.819,       2.140
 81500          ,      31.642,       0.673,       8.417,       2.474
 82000          ,      30.806,       0.758,       7.452,       2.198
 82500          ,      32.044,       0.846,       8.894,       2.331
 83000          ,      31.439,       0.518,       9.021,       2.607
 83500          ,      32.579,       0.391,       8.873,       2.727
 84000          ,      28.159,       1.337,       7.455,       3.066
 84500          ,      30.807,       1.101,       7.683,       1.676
 85000          ,      28.015,       0.869,       7.634,       2.785
 85500          ,      32.652,       0.468,       8.660,       2.397
 86000          ,      30.601,       0.801,       7.053,       1.919
 86500          ,      32.515,       0.497,       8.729,       2.194
 87000          ,      29.654,       0.561,       7.911,       2.548
 87500          ,      31.625,       1.137,       7.947,       1.964
 88000          ,      31.962,       0.565,       8.427,       2.442
 88500          ,      32.416,       0.888,       7.444,       1.968
 89000          ,      29.198,       0.799,       7.420,       2.202
 89500          ,      31.254,       0.609,       8.066,       2.529
 90000          ,      30.043,       0.409,       8.568,       3.141
 90500          ,      32.557,       0.570,       9.426,       2.725
 91000          ,      30.376,       1.595,       6.822,       1.528
 91500          ,      28.353,       1.375,       5.178,       2.279
 92000          ,      28.998,       0.567,       7.285,       2.886
 92500          ,      28.712,       1.200,       7.058,       2.238
 93000          ,      31.740,       0.657,       7.472,       2.453
 93500          ,      30.634,       0.856,       8.196,       1.973
 94000          ,      31.755,       0.737,       8.008,       1.522
 94500          ,      27.241,       0.836,       7.178,       3.011
 95000          ,      29.342,       0.670,       8.161,       2.831
 95500          ,      30.412,       1.100,       7.901,       1.813
 96000          ,      32.881,       0.971,       8.044,       1.313
 96500          ,      30.198,       1.208,       6.214,       1.684
 97000          ,      28.942,       0.782,       7.812,       2.310
 97500          ,      30.281,       0.787,       7.718,       2.670
 98000          ,      29.965,       0.681,       8.639,       2.710
 98500          ,      32.246,       0.824,       8.192,       1.907
 99000          ,      32.601,       0.645,       8.161,       2.355
 99500          ,      32.721,       0.729,       8.477,       2.261
 100000         ,      29.837,       0.883,       7.685,       2.004
 100500         ,      31.262,       1.287,       7.136,       1.367
 101000         ,      31.370,       0.606,       8.686,       2.776
 101500         ,      31.468,       0.480,       8.174,       2.107
 102000         ,      31.954,       0.592,       7.862,       2.462
 102500         ,      31.149,       0.618,       8.146,       3.432
 103000         ,      32.103,       0.769,       8.541,       1.867
 103500         ,      32.813,       0.280,       8.993,       2.608
 104000         ,      32.593,       0.799,       8.015,       1.719
 104500         ,      28.270,       1.379,       6.738,       2.259
 105000         ,      30.296,       0.708,       7.671,       2.084
 105500         ,      31.016,       0.515,       8.635,       3.533
 106000         ,      31.426,       0.690,       8.406,       2.644
 106500         ,      27.532,       1.068,       6.073,       2.413
 107000         ,      31.268,       0.697,       8.237,       2.036
 107500         ,      31.156,       0.341,       8.136,       2.929
 108000         ,      29.588,       0.782,       6.950,       2.145
 108500         ,      30.858,       0.689,       7.501,       2.233
 109000         ,      27.968,       1.406,       6.343,       2.257
 109500         ,      31.201,       0.973,       7.885,       1.818
 110000         ,      32.240,       0.429,       9.136,       2.365
 110500         ,      27.346,       1.028,       6.221,       3.278
 111000         ,      30.027,       0.664,       8.245,       2.584
 111500         ,      32.387,       0.548,       8.766,       3.038
 112000         ,      31.391,       0.379,       8.511,       3.383
 112500         ,      30.972,       0.520,       7.616,       2.598
 113000         ,      31.557,       1.081,       6.928,       1.831
 113500         ,      29.753,       0.736,       7.895,       2.251
 114000         ,      33.107,       1.105,       8.013,       1.273
 114500         ,      26.610,       1.218,       6.747,       3.224
 115000         ,      29.149,       0.584,       6.831,       2.122
 115500         ,      30.707,       0.539,       8.890,       2.884
 116000         ,      30.518,       0.693,       8.216,       1.881
 116500         ,      31.736,       0.804,       7.887,       1.953
 117000         ,      32.152,       0.750,       8.357,       2.040
 117500         ,      32.804,       0.907,       8.788,       1.775
 118000         ,      33.299,       1.069,       8.090,       1.538
 118500         ,      30.488,       0.542,       8.452,       2.988
 119000         ,      30.036,       1.213,       5.905,       2.931
 119500         ,      30.834,       0.587,       8.126,       2.818
 120000         ,      31.600,       1.560,       7.491,       1.276
 120500         ,      32.340,       0.712,       8.779,       2.270
 121000         ,      31.243,       0.876,       8.030,       1.879
 121500         ,      29.593,       0.815,       6.947,       2.185
 122000         ,      29.859,       0.550,       7.902,       2.647
 122500         ,      32.331,       0.745,       7.025,       1.832
 123000         ,      31.127,       0.689,       7.910,       2.610
 123500         ,      32.595,       0.521,       8.008,       2.447
 124000         ,      31.243,       0.494,       8.402,       2.902
 124500         ,      29.822,       0.637,       7.565,       2.307
 125000         ,      31.095,       0.736,       8.716,       2.735
 125500         ,      31.319,       0.543,       8.867,       3.022
 126000         ,      33.107,       0.421,       9.136,       2.619
 126500         ,      30.451,       0.945,       7.728,       1.763
 127000         ,      31.856,       1.080,       7.705,       1.333
 127500         ,      28.941,       1.161,       7.519,       3.316
 128000         ,      31.769,       0.756,       8.107,       2.213
 128500         ,      30.344,       0.715,       8.404,       2.400
 129000         ,      31.913,       0.976,       8.060,       1.663
 129500         ,      32.447,       0.798,       7.578,       1.980
 130000         ,      29.569,       0.995,       6.884,       2.171
 130500         ,      30.278,       0.842,       8.142,       2.353
 131000         ,      31.426,       0.358,       8.625,       2.941
 131500         ,      29.408,       0.746,       7.965,       3.680
 132000         ,      32.772,       0.560,       8.990,       2.235
 132500         ,      31.285,       0.672,       8.703,       1.918
 133000         ,      33.043,       0.621,       8.229,       2.707
 133500         ,      30.193,       0.686,       8.112,       2.336
 134000         ,      32.163,       0.355,       8.530,       3.105
 134500         ,      30.885,       0.800,       8.699,       2.551
 135000         ,      32.028,       0.870,       8.446,       1.472
 135500         ,      29.863,       0.709,       7.620,       2.357
 136000         ,      29.024,       0.596,       7.149,       2.816
 136500         ,      28.992,       0.687,       7.717,       3.313
 137000         ,      30.017,       0.871,       7.712,       2.064
 137500         ,      27.911,       0.864,       7.135,       2.291
 138000         ,      29.297,       0.574,       7.889,       2.638
 138500         ,      30.262,       0.680,       8.146,       3.239
 139000         ,      32.388,       0.913,       8.720,       2.073
 139500         ,      30.845,       0.545,       7.669,       2.423
 140000         ,      33.140,       0.849,       8.463,       1.711
 140500         ,      28.134,       0.656,       7.069,       3.128
 141000         ,      29.929,       1.249,       8.530,       3.166
 141500         ,      30.369,       0.862,       7.863,       2.460
 142000         ,      33.289,       0.447,       8.511,       2.135
 142500         ,      31.307,       0.578,       8.223,       2.588
 143000         ,      32.785,       0.657,       9.053,       2.037
 143500         ,      30.324,       0.740,       7.515,       3.174
 144000         ,      29.769,       0.954,       7.885,       2.167
 144500         ,      30.549,       0.772,       7.995,       2.374
 145000         ,      32.136,       0.652,       8.820,       2.411
 145500         ,      32.607,       0.452,       8.422,       2.385
 146000         ,      28.889,       1.348,       5.732,       1.706
 146500         ,      30.917,       1.209,       8.113,       1.841
 147000         ,      33.004,       0.302,       9.313,       2.796
 147500         ,      30.274,       0.928,       8.318,       2.014
 148000         ,      31.790,       0.521,       9.307,       3.150
 148500         ,      29.705,       0.689,       8.192,       3.087
 149000         ,      32.287,       0.694,       8.161,       2.396
 149500         ,      30.386,       0.803,       7.495,       2.216
 150000         ,      29.882,       1.275,       6.909,       1.723
 150500         ,      32.106,       0.468,       8.771,       2.416
 151000         ,      28.602,       0.687,       6.979,       2.396
 151500         ,      28.924,       0.772,       8.001,       2.608
 152000         ,      31.940,       0.537,       8.404,       2.532
 152500         ,      28.698,       1.078,       8.111,       2.521
 153000         ,      31.259,       0.790,       8.283,       1.880
 153500         ,      28.947,       0.837,       7.752,       2.870
 154000         ,      30.936,       0.656,       8.161,       2.671
 154500         ,      30.401,       0.702,       7.957,       2.222
 155000         ,      28.934,       0.988,       7.879,       2.192
 155500         ,      32.129,       0.608,       8.324,       2.161
 156000         ,      31.225,       0.627,       7.621,       2.233
 156500         ,      31.721,       0.610,       7.869,       2.667
 157000         ,      29.535,       0.700,       7.357,       2.094
 157500         ,      30.182,       0.932,       6.700,       2.189
 158000         ,      30.571,       1.040,       6.535,       2.204
 158500         ,      27.866,       0.919,       7.419,       2.791
 159000         ,      27.480,       1.540,       6.533,       2.174
 159500         ,      31.165,       0.818,       8.310,       2.032
 160000         ,      30.413,       0.790,       8.086,       2.281
 160500         ,      31.245,       0.690,       7.758,       2.268
 161000         ,      31.356,       0.762,       6.986,       2.283
 161500         ,      31.234,       0.704,       7.738,       2.473
 162000         ,      32.232,       0.384,       8.578,       2.253
 162500         ,      29.698,       0.604,       7.608,       2.884
 163000         ,      31.882,       0.974,       7.279,       2.341
 163500         ,      30.769,       0.644,       8.747,       2.582
 164000         ,      31.834,       0.778,       8.189,       2.388
 164500         ,      31.247,       0.606,       9.071,       2.702
 165000         ,      32.209,       0.578,       8.437,       2.449
 165500         ,      28.671,       0.635,       7.965,       2.935
 166000         ,      32.421,       0.407,       8.997,       2.726
 166500         ,      28.610,       0.703,       7.723,       2.938
 167000         ,      29.057,       0.756,       7.559,       3.449
 167500         ,      28.914,       0.588,       8.103,       2.923
 168000         ,      31.329,       1.003,       6.775,       2.185
 168500         ,      32.165,       0.960,       8.490,       1.905
 169000         ,      32.266,       0.510,       8.602,       2.719
 169500         ,      31.211,       0.802,       8.285,       2.121
 170000         ,      32.208,       0.565,       8.524,       2.710
 170500         ,      31.916,       0.685,       8.463,       2.345
 171000         ,      31.303,       0.984,       8.200,       1.827
 171500         ,      30.176,       0.516,       7.483,       2.458
 172000         ,      31.998,       0.625,       8.676,       1.983
 172500         ,      30.428,       0.832,       8.065,       2.042
 173000         ,      31.570,       0.580,       8.928,       2.610
 173500         ,      31.583,       0.712,       8.298,       1.879
 174000         ,      32.935,       0.753,       7.768,       2.227
 174500         ,      26.637,       1.101,       7.426,       3.014
 175000         ,      29.693,       0.629,       8.310,       3.078
 175500         ,      30.763,       0.635,       9.079,       2.831
 176000         ,      31.745,       1.219,       8.560,       1.901
 176500         ,      31.308,       0.815,       7.500,       2.335
 177000         ,      31.538,       0.908,       7.810,       2.013
 177500         ,      30.326,       1.105,       7.624,       2.339
 178000         ,      31.766,       0.580,       8.540,       2.360
 178500         ,      32.286,       0.439,       9.153,       2.756
 179000         ,      29.192,       0.592,       7.863,       2.682
 179500         ,      31.661,       0.531,       8.380,       2.788
 180000         ,      32.807,       1.080,       8.555,       1.584
 180500         ,      30.713,       0.611,       8.733,       2.864
 181000         ,      32.484,       0.404,       8.818,       2.513
 181500         ,      31.348,       0.704,       8.013,       2.560
 182000         ,      32.802,       0.364,       8.732,       2.256
 182500         ,      27.789,       1.269,       7.678,       2.594
 183000         ,      30.162,       0.959,       7.851,       2.172
 183500         ,      31.390,       0.930,       7.972,       1.587
 184000         ,      32.365,       0.723,       8.278,       2.560
 184500         ,      32.325,       0.655,       7.781,       1.766
 185000         ,      29.109,       0.905,       6.883,       1.922
 185500         ,      32.011,       1.344,       7.450,       1.857
 186000         ,      29.507,       0.949,       7.774,       2.124
 186500         ,      31.287,       0.856,       7.485,       2.177
 187000         ,      30.440,       0.932,       8.094,       2.609
 187500         ,      29.288,       1.039,       7.107,       2.008
 188000         ,      31.547,       0.558,       7.953,       2.200
 188500         ,      32.644,       0.625,       8.236,       2.051
 189000         ,      32.035,       0.526,       8.876,       2.682
 189500         ,      30.267,       0.688,       7.039,       2.253
 190000         ,      31.382,       0.689,       8.638,       2.407
 190500         ,      30.528,       0.766,       8.089,       2.752
 191000         ,      33.001,       1.190,       7.642,       1.881
 191500         ,      30.224,       0.903,       8.505,       2.476
 192000         ,      31.496,       0.722,       8.933,       2.672
 192500         ,      30.331,       0.800,       9.029,       2.522
 193000         ,      30.111,       0.885,       7.296,       2.211
 193500         ,      31.973,       0.529,       8.383,       1.860
 194000         ,      30.786,       0.607,       8.196,       2.389
 194500         ,      29.289,       0.976,       6.954,       2.146
 195000         ,      30.790,       0.882,       7.501,       1.978
 195500         ,      32.861,       0.329,       9.111,       2.865
 196000         ,      30.473,       0.534,       7.558,       2.570
 196500         ,      28.666,       0.983,       6.523,       1.840
 197000         ,      28.846,       0.921,       7.381,       2.225
 197500         ,      26.619,       1.019,       6.779,       3.217
 198000         ,      32.985,       0.604,       8.826,       2.409
 198500         ,      31.863,       0.444,       8.262,       2.194
 199000         ,      30.573,       0.718,       8.337,       2.164
 199500         ,      30.850,       0.767,       8.395,       2.241
 200000         ,      31.714,       0.617,       7.863,       2.271
 200500         ,      32.611,       0.509,       8.834,       2.400
 201000         ,      29.365,       0.397,       7.670,       3.000
 201500         ,      30.446,       0.843,       7.088,       1.960
 202000         ,      29.826,       0.775,       6.869,       2.140
 202500         ,      31.818,       0.531,       8.400,       2.310
 203000         ,      32.004,       0.888,       7.943,       1.498
 203500         ,      31.260,       0.813,       8.287,       2.048
 204000         ,      30.967,       1.032,       7.429,       2.422
 204500         ,      32.589,       0.502,       8.787,       2.201
 205000         ,      28.263,       0.997,       6.967,       1.985
 205500         ,      32.081,       0.782,       8.360,       1.900
 206000         ,      31.900,       0.960,       7.516,       1.695
 206500         ,      31.167,       0.694,       7.504,       1.954
 207000         ,      32.490,       0.630,       7.695,       2.193
 207500         ,      31.771,       0.863,       8.622,       2.010
 208000         ,      32.376,       0.550,       8.447,       2.871
 208500         ,      30.022,       1.060,       7.622,       1.928
 209000         ,      29.967,       0.926,       7.630,       1.835
 209500         ,      31.080,       1.042,       7.963,       2.057
 210000         ,      30.614,       0.788,       7.822,       2.351
 210500         ,      30.849,       0.661,       8.480,       2.638
 211000         ,      32.945,       0.299,       9.417,       2.897
 211500         ,      31.163,       0.266,       8.464,       2.989
 212000         ,      32.146,       0.575,       8.155,       2.534
 212500         ,      29.862,       0.712,       8.049,       3.014
 213000         ,      28.677,       1.272,       8.474,       2.249
 213500         ,      31.540,       0.674,       8.815,       2.267
 214000         ,      30.600,       1.278,       7.594,       1.658
 214500         ,      30.812,       0.541,       8.255,       2.558
 215000         ,      31.364,       0.745,       8.317,       2.237
 215500         ,      32.544,       0.531,       8.941,       2.271
 216000         ,      32.394,       0.594,       8.988,       2.250
 216500         ,      31.699,       0.539,       8.748,       2.230
 217000         ,      31.715,       0.539,       8.767,       2.764
 217500         ,      32.643,       0.587,       7.390,       2.073
 218000         ,      32.334,       0.487,       8.326,       2.457
 218500         ,      32.659,       0.603,       8.929,       2.080
 219000         ,      30.765,       0.499,       7.872,       2.799
 219500         ,      30.815,       0.632,       7.755,       2.082
 220000         ,      33.340,       0.705,       8.550,       2.135
 220500         ,      31.499,       0.752,       9.251,       2.406
 221000         ,      29.748,       0.786,       6.946,       2.362
 221500         ,      31.604,       0.492,       8.848,       2.401
 222000         ,      30.754,       0.958,       8.522,       1.877
 222500         ,      31.238,       0.842,       8.343,       2.565
 223000         ,      33.151,       0.657,       8.103,       2.050
 223500         ,      31.317,       0.842,       7.509,       1.668
 224000         ,      33.232,       0.582,       8.124,       2.346
 224500         ,      32.129,       0.774,       8.598,       1.943
 225000         ,      31.390,       0.956,       7.862,       1.710
 225500         ,      28.476,       1.426,       5.320,       1.737
 226000         ,      32.366,       0.633,       8.234,       2.731
 226500         ,      32.224,       0.722,       7.663,       2.947
 227000         ,      32.307,       0.549,       8.853,       2.416
 227500         ,      29.646,       1.404,       7.133,       2.744
 228000         ,      30.437,       0.769,       7.971,       2.153
 228500         ,      29.899,       0.828,       8.339,       2.730
 229000         ,      32.215,       0.784,       8.497,       2.053
 229500         ,      29.460,       0.860,       6.649,       2.145
 230000         ,      31.958,       0.602,       8.246,       2.545
 230500         ,      30.653,       0.690,       8.970,       2.455
 231000         ,      29.676,       0.818,       7.377,       2.901
 231500         ,      30.809,       0.481,       8.952,       2.882
 232000         ,      31.042,       0.704,       8.411,       2.155
 232500         ,      31.762,       0.918,       7.677,       2.044
 233000         ,      33.416,       0.857,       8.614,       1.582
 233500         ,      29.971,       0.473,       8.095,       3.089
 234000         ,      33.012,       0.737,       8.761,       2.355
 234500         ,      31.681,       0.718,       7.727,       2.086
 235000         ,      33.237,       0.968,       8.538,       1.960
 235500         ,      31.497,       0.815,       6.862,       1.748
 236000         ,      30.871,       0.713,       8.880,       3.196
 236500         ,      30.223,       0.805,       8.542,       2.499
 237000         ,      30.924,       0.901,       8.192,       1.784
 237500         ,      32.011,       0.824,       7.871,       2.494
 238000         ,      28.388,       1.122,       6.860,       2.122
 238500         ,      32.394,       0.687,       8.096,       1.663
 239000         ,      31.150,       0.811,       7.367,       2.079
 239500         ,      30.984,       1.293,       6.649,       1.659
 240000         ,      31.178,       1.006,       7.493,       1.729
 240500         ,      31.447,       0.893,       6.734,       2.082
 241000         ,      30.691,       1.204,       6.861,       1.573
 241500         ,      31.571,       0.419,       7.993,       2.578
 242000         ,      30.643,       1.595,       7.467,       1.058
 242500         ,      29.791,       0.603,       7.486,       3.340
 243000         ,      30.199,       1.214,       7.621,       2.207
 243500         ,      31.654,       0.391,       8.872,       2.943
 244000         ,      32.121,       0.501,       8.705,       2.418
 244500         ,      30.633,       0.737,       7.572,       2.270
 245000         ,      30.794,       0.449,       8.154,       2.819
 245500         ,      30.222,       0.540,       7.591,       2.597
 246000         ,      29.588,       1.042,       6.410,       2.465
 246500         ,      32.078,       0.562,       8.101,       2.246
 247000         ,      30.732,       0.702,       7.713,       2.246
 247500         ,      30.298,       0.728,       7.722,       1.849
 248000         ,      28.736,       0.872,       7.722,       3.353
 248500         ,      31.377,       0.968,       8.014,       2.263
 249000         ,      31.952,       0.471,       8.717,       2.556
 249500         ,      31.003,       0.980,       7.521,       2.203
 250000         ,      30.102,       0.718,       7.459,       2.234
 250500         ,      32.262,       0.809,       8.546,       2.494
 251000         ,      32.424,       0.431,       8.776,       2.526
 251500         ,      30.861,       0.742,       8.001,       3.129
 252000         ,      32.921,       0.923,       8.585,       1.865
 252500         ,      28.818,       1.040,       8.108,       3.091
 253000         ,      31.814,       0.520,       7.063,       2.494
 253500         ,      30.950,       0.804,       7.768,       1.720
 254000         ,      32.845,       0.599,       8.958,       2.140
 254500         ,      32.209,       0.669,       8.561,       2.342
 255000         ,      29.789,       1.360,       6.200,       1.852
 255500         ,      31.412,       0.492,       7.974,       2.349
 256000         ,      31.237,       0.689,       6.976,       2.150
 256500         ,      30.377,       1.303,       7.160,       1.358
 257000         ,      31.610,       0.707,       7.668,       2.377
 257500         ,      31.823,       0.444,       7.951,       2.235
 258000         ,      31.171,       0.902,       7.430,       1.768
 258500         ,      30.531,       1.278,       6.381,       1.686
 259000         ,      31.335,       0.464,       8.650,       2.483
 259500         ,      32.262,       0.391,       9.278,       2.984
 260000         ,      32.058,       0.516,       9.245,       2.836
 260500         ,      32.539,       1.061,       7.279,       1.977
 261000         ,      31.747,       0.442,       8.833,       2.784
 261500         ,      30.688,       0.786,       8.939,       2.338
 262000         ,      29.846,       0.591,       7.539,       3.269
 262500         ,      31.583,       0.498,       8.429,       3.099
 263000         ,      32.300,       0.760,       8.000,       1.857
 263500         ,      30.657,       0.666,       7.619,       1.937
 264000         ,      29.608,       1.097,       8.139,       2.581
 264500         ,      33.238,       0.493,       8.377,       2.605
 265000         ,      31.891,       0.730,       8.523,       2.609
 265500         ,      30.863,       0.685,       7.384,       2.051
 266000         ,      32.817,       0.699,       8.206,       1.829
 266500         ,      31.410,       0.750,       8.020,       2.418
 267000         ,      33.373,       0.492,       8.977,       2.119
 267500         ,      31.897,       0.452,       9.035,       3.115
 268000         ,      32.888,       0.665,       8.697,       2.443
 268500         ,      32.878,       0.461,       8.794,       2.625
 269000         ,      29.113,       0.853,       7.217,       2.173
 269500         ,      29.575,       0.836,       7.313,       2.641
 270000         ,      30.703,       1.061,       7.542,       1.650
 270500         ,      29.213,       1.027,       6.760,       1.944
 271000         ,      30.940,       0.651,       8.251,       2.376
 271500         ,      31.318,       1.577,       6.689,       1.864
 272000         ,      30.832,       0.645,       9.170,       2.748
 272500         ,      30.169,       0.863,       7.066,       1.881
 273000         ,      29.900,       0.942,       6.570,       1.738
 273500         ,      31.735,       1.120,       8.101,       1.468
 274000         ,      31.604,       0.851,       7.774,       1.601
 274500         ,      31.520,       0.830,       7.379,       1.655
 275000         ,      31.321,       0.924,       7.417,       2.016
 275500         ,      29.398,       0.763,       7.414,       2.773
 276000         ,      32.269,       0.425,       9.514,       2.880
 276500         ,      31.661,       0.666,       7.804,       2.165
 277000         ,      32.929,       0.624,       8.410,       1.680
 277500         ,      28.537,       0.926,       8.026,       2.576
 278000         ,      29.373,       1.000,       6.826,       2.269
 278500         ,      32.426,       0.605,       9.034,       2.305
 279000         ,      30.092,       1.368,       6.142,       1.751
 279500         ,      32.798,       1.359,       7.169,       1.527
 280000         ,      33.187,       0.534,       8.794,       1.995
 280500         ,      31.011,       0.932,       8.118,       3.036
 281000         ,      28.999,       1.068,       6.564,       2.208
 281500         ,      31.351,       0.323,       8.018,       2.743
 282000         ,      28.051,       1.044,       6.640,       2.378
 282500         ,      30.571,       0.582,       7.998,       2.529
 283000         ,      31.015,       0.688,       7.749,       2.816
 283500         ,      30.112,       0.747,       6.965,       2.143
 284000         ,      32.190,       0.602,       7.785,       2.555
 284500         ,      32.558,       0.588,       8.182,       1.810
 285000         ,      32.669,       1.146,       7.742,       1.833
 285500         ,      31.218,       0.784,       8.762,       2.580
 286000         ,      32.110,       0.637,       8.900,       2.408
 286500         ,      31.146,       1.021,       7.484,       2.047
 287000         ,      30.095,       0.833,       7.858,       2.326
 287500         ,      30.471,       0.717,       7.010,       2.056
 288000         ,      32.430,       0.547,       8.905,       2.280
 288500         ,      32.465,       0.938,       8.232,       1.506
 289000         ,      29.864,       0.620,       7.116,       2.263
 289500         ,      29.543,       0.968,       7.044,       2.138
 290000         ,      29.120,       0.652,       7.061,       2.272
 290500         ,      32.443,       1.091,       7.442,       1.608
 291000         ,      31.720,       0.531,       8.331,       2.995
 291500         ,      30.894,       0.523,       7.507,       2.909
 292000         ,      27.862,       0.940,       6.564,       2.692
 292500         ,      31.233,       1.258,       6.204,       2.143
 293000         ,      31.886,       1.000,       8.482,       1.555
 293500         ,      30.717,       0.689,       7.253,       2.260
 294000         ,      31.712,       1.288,       8.094,       1.438
 294500         ,      30.216,       1.353,       6.642,       1.431
 295000         ,      32.725,       0.473,       9.162,       2.243
 295500         ,      31.126,       0.547,       7.776,       2.344
 296000         ,      31.451,       0.693,       7.423,       2.253
 296500         ,      31.689,       0.997,       8.484,       1.713
 297000         ,      29.022,       1.018,       5.861,       2.303
 297500         ,      31.303,       1.048,       7.588,       2.133
 298000         ,      28.680,       0.754,       8.310,       2.560
 298500         ,      31.293,       0.854,       7.901,       3.245
 299000         ,      31.458,       0.951,       8.638,       2.530
 299500         ,      32.728,       0.575,       8.781,       2.015
 300000         ,      32.608,       0.459,       8.517,       2.365
 300500         ,      32.615,       0.773,       7.955,       1.745
 301000         ,      32.128,       0.876,       7.773,       1.352
 301500         ,      31.111,       1.039,       8.358,       2.009
 302000         ,      28.761,       1.267,       6.781,       2.192
 302500         ,      32.931,       0.977,       8.325,       1.719
 303000         ,      31.264,       0.379,       8.536,       2.747
 303500         ,      32.205,       0.587,       8.422,       2.286
 304000         ,      26.670,       1.167,       6.194,       2.757
 304500         ,      32.450,       0.737,       8.076,       2.051
 305000         ,      27.234,       1.371,       6.258,       2.074
 305500         ,      32.264,       1.071,       8.185,       1.468
 306000         ,      28.473,       0.867,       6.122,       2.550
 306500         ,      32.497,       0.446,       8.861,       2.158
 307000         ,      30.687,       0.548,       8.881,       3.281
 307500         ,      31.397,       0.864,       7.228,       1.753
 308000         ,      32.602,       0.901,       7.637,       1.930
 308500         ,      30.022,       0.763,       6.560,       2.520
 309000         ,      29.399,       0.679,       6.980,       2.314
 309500         ,      32.626,       0.515,       8.062,       2.078
 310000         ,      31.345,       1.098,       7.349,       1.927
 310500         ,      31.484,       0.593,       7.880,       2.415
 311000         ,      32.483,       0.625,       7.697,       2.013
 311500         ,      29.165,       0.861,       5.937,       2.133
 312000         ,      31.693,       0.703,       8.072,       3.050
 312500         ,      26.082,       1.385,       5.716,       2.813
 313000         ,      31.741,       0.591,       7.682,       2.104
 313500         ,      32.060,       0.955,       8.189,       2.003
 314000         ,      31.513,       0.641,       7.690,       2.161
 314500         ,      30.025,       0.919,       6.968,       2.289
 315000         ,      30.521,       1.063,       7.810,       1.669
 315500         ,      30.953,       0.482,       8.243,       2.440
 316000         ,      31.288,       0.872,       7.367,       2.140
 316500         ,      32.772,       0.751,       7.758,       1.760
 317000         ,      32.355,       0.468,       8.782,       2.414
 317500         ,      29.132,       0.823,       8.347,       3.078
 318000         ,      33.234,       0.414,       8.892,       2.199
 318500         ,      31.721,       0.674,       8.516,       2.395
 319000         ,      29.224,       0.633,       7.025,       2.591
 319500         ,      31.335,       0.549,       7.770,       2.461
 320000         ,      30.717,       1.017,       7.087,       1.908
 320500         ,      30.892,       0.609,       7.913,       2.541
 321000         ,      30.883,       0.660,       8.009,       1.983
 321500         ,      31.564,       0.522,       8.441,       2.702
 322000         ,      29.863,       0.834,       8.449,       2.468
 322500         ,      31.491,       0.689,       8.306,       1.735
 323000         ,      30.935,       0.673,       8.241,       2.151
 323500         ,      29.382,       0.808,       8.459,       2.839
 324000         ,      33.002,       0.711,       8.741,       2.281
 324500         ,      32.160,       0.832,       9.059,       1.979
 325000         ,      31.095,       0.836,       7.835,       2.342
 325500         ,      31.982,       0.684,       7.662,       1.996
 326000         ,      33.274,       0.589,       8.686,       2.294
 326500         ,      33.226,       0.293,       9.351,       2.756
 327000         ,      33.280,       0.464,       9.165,       2.780
 327500         ,      32.602,       0.354,       8.689,       2.680
 328000         ,      30.416,       0.543,       8.053,       3.403
 328500         ,      31.746,       0.618,       8.399,       1.977
 329000         ,      30.723,       0.628,       8.235,       2.384
 329500         ,      32.613,       0.629,       8.245,       1.926
 330000         ,      30.091,       0.623,       8.312,       2.571
 330500         ,      32.054,       0.640,       8.394,       2.177
 331000         ,      31.662,       0.956,       8.359,       1.863
 331500         ,      29.504,       0.316,       7.912,       3.451
 332000         ,      32.560,       0.352,       8.703,       2.654
 332500         ,      31.173,       0.586,       7.662,       2.284
 333000         ,      30.241,       0.629,       7.572,       2.121
 333500         ,      32.219,       0.421,       9.317,       2.891
 334000         ,      32.021,       0.407,       9.170,       3.002
 334500         ,      31.501,       0.862,       8.301,       2.047
 335000         ,      29.562,       0.602,       8.521,       3.230
 335500         ,      28.611,       0.959,       7.050,       2.851
 336000         ,      32.300,       0.751,       7.573,       2.194
 336500         ,      32.989,       0.710,       7.810,       1.890
 337000         ,      29.519,       0.542,       8.155,       2.785
 337500         ,      30.070,       0.764,       7.239,       2.760
 338000         ,      32.079,       0.521,       8.383,       2.481
 338500         ,      30.528,       0.793,       8.054,       2.290
 339000         ,      29.859,       0.741,       7.158,       2.767
 339500         ,      30.479,       0.611,       7.063,       2.378
 340000         ,      32.229,       0.498,       8.241,       2.038
 340500         ,      32.663,       0.329,       8.764,       3.077
 341000         ,      30.867,       0.958,       8.493,       1.815
 341500         ,      31.574,       0.581,       8.576,       2.359
 342000         ,      30.367,       1.070,       7.775,       2.148
 342500         ,      31.943,       0.657,       8.571,       2.047
 343000         ,      32.812,       0.854,       8.702,       1.619
 343500         ,      31.301,       0.545,       8.257,       2.443
 344000         ,      32.239,       0.631,       8.381,       2.097
 344500         ,      33.248,       0.558,       8.586,       2.434
 345000         ,      32.186,       0.405,       8.746,       2.436
 345500         ,      30.488,       1.000,       8.362,       2.067
 346000         ,      32.586,       0.443,       8.336,       2.733
 346500         ,      31.965,       0.812,       8.434,       1.844
 347000         ,      31.313,       0.534,       8.332,       2.204
 347500         ,      32.347,       0.762,       7.568,       1.664
 348000         ,      30.030,       0.861,       7.673,       2.533
 348500         ,      32.267,       0.427,       8.366,       2.261
 349000         ,      31.309,       0.599,       8.805,       2.435
 349500         ,      31.839,       0.924,       7.359,       1.644
 350000         ,      31.964,       0.560,       8.125,       2.249
 350500         ,      31.405,       0.406,       8.305,       3.289
 351000         ,      29.667,       0.849,       7.227,       1.934
 351500         ,      31.347,       0.728,       7.975,       2.439
 352000         ,      30.383,       0.760,       7.991,       2.084
 352500         ,      31.419,       0.922,       8.606,       1.956
 353000         ,      32.215,       0.602,       7.532,       2.832
 353500         ,      30.879,       0.796,       8.135,       2.870
 354000         ,      30.240,       0.732,       7.582,       3.071
 354500         ,      30.724,       0.839,       7.777,       2.556
 355000         ,      30.962,       0.731,       8.302,       2.892
 355500         ,      27.962,       0.881,       7.769,       3.281
 356000         ,      26.362,       1.032,       6.832,       3.084
 356500         ,      29.916,       0.721,       8.066,       2.117
 357000         ,      31.821,       0.846,       8.577,       1.523
 357500         ,      33.032,       0.573,       8.558,       2.411
 358000         ,      32.041,       0.680,       8.225,       1.704
 358500         ,      29.844,       0.489,       8.571,       3.453
 359000         ,      32.038,       0.590,       8.078,       1.952
 359500         ,      33.275,       0.426,       8.550,       2.494
 360000         ,      31.097,       0.328,       8.922,       3.501
 360500         ,      26.177,       1.328,       6.706,       2.826
 361000         ,      30.455,       0.584,       8.268,       2.435
 361500         ,      30.489,       0.776,       7.866,       2.504
 362000         ,      30.162,       0.707,       8.127,       2.185
 362500         ,      30.290,       0.504,       8.672,       2.727
 363000         ,      29.734,       0.725,       8.456,       3.118
 363500         ,      31.088,       0.489,       8.279,       2.607
 364000         ,      31.685,       1.241,       7.166,       1.505
 364500         ,      31.481,       0.426,       9.106,       3.675
 365000         ,      32.382,       0.432,       9.142,       2.760
 365500         ,      31.479,       0.679,       8.800,       2.265
 366000         ,      31.004,       0.353,       8.711,       2.689
 366500         ,      32.690,       0.573,       8.453,       2.194
 367000         ,      28.938,       0.775,       8.032,       2.515
 367500         ,      27.762,       0.839,       7.848,       3.749
 368000         ,      29.977,       0.757,       7.954,       2.753
 368500         ,      29.722,       0.597,       8.550,       3.214
 369000         ,      30.142,       0.798,       7.594,       2.381
 369500         ,      32.094,       0.702,       7.949,       2.036
 370000         ,      30.616,       0.855,       7.573,       1.945
 370500         ,      29.901,       1.343,       7.857,       1.840
 371000         ,      30.914,       0.574,       7.939,       2.666
 371500         ,      29.936,       1.256,       6.855,       2.004
 372000         ,      31.654,       0.887,       7.382,       1.775
 372500         ,      32.049,       0.647,       7.466,       1.637
 373000         ,      28.824,       0.942,       7.462,       2.180
 373500         ,      33.038,       0.472,       8.692,       2.230
 374000         ,      32.057,       0.949,       7.727,       1.714
 374500         ,      32.136,       0.411,       8.334,       2.821
 375000         ,      30.608,       0.911,       7.762,       2.217
 375500         ,      29.654,       0.849,       8.685,       3.037
 376000         ,      29.063,       0.579,       7.461,       3.121
 376500         ,      30.798,       0.643,       7.677,       2.120
 377000         ,      31.412,       0.625,       8.269,       2.339
 377500         ,      29.071,       0.870,       7.286,       2.069
 378000         ,      31.488,       0.632,       8.029,       2.512
 378500         ,      30.391,       0.576,       8.399,       2.582
 379000         ,      30.108,       0.603,       8.429,       2.633
 379500         ,      29.655,       0.968,       7.049,       2.271
 380000         ,      30.892,       0.825,       7.334,       1.654
 380500         ,      32.851,       0.729,       8.625,       1.504
 381000         ,      31.159,       1.114,       6.960,       1.545
 381500         ,      28.853,       0.901,       5.905,       2.343
 382000         ,      30.474,       0.661,       8.585,       2.293
 382500         ,      29.437,       0.552,       8.194,       2.897
 383000         ,      31.184,       1.053,       7.455,       2.051
 383500         ,      31.885,       0.723,       9.025,       2.290
 384000         ,      29.529,       0.915,       8.228,       2.387
 384500         ,      31.054,       0.756,       8.138,       1.924
 385000         ,      30.959,       0.610,       8.182,       2.375
 385500         ,      30.576,       0.815,       7.911,       2.474
 386000         ,      32.470,       0.515,       9.304,       2.524
 386500         ,      33.231,       0.498,       8.754,       2.440
 387000         ,      27.200,       0.928,       7.390,       2.841
 387500         ,      31.395,       0.980,       7.776,       2.023
 388000         ,      30.814,       0.317,       8.447,       2.818
 388500         ,      32.786,       0.271,       9.246,       3.083
 389000         ,      31.036,       0.662,       8.852,       2.750
 389500         ,      31.086,       0.822,       7.728,       2.026
 390000         ,      31.752,       0.436,       8.391,       2.474
 390500         ,      31.226,       0.749,       9.096,       2.088
 391000         ,      31.606,       1.058,       7.106,       1.798
 391500         ,      32.038,       0.647,       8.588,       2.811
 392000         ,      29.853,       0.657,       8.570,       2.257
 392500         ,      31.739,       0.669,       8.139,       3.009
 393000         ,      29.401,       0.462,       7.914,       3.013
 393500         ,      29.956,       0.807,       8.180,       2.545
 394000         ,      32.733,       0.603,       8.489,       2.405
 394500         ,      31.958,       0.889,       7.853,       2.337
 395000         ,      31.893,       0.512,       8.483,       2.786
 395500         ,      29.616,       0.711,       8.467,       4.137
 396000         ,      31.797,       0.585,       7.635,       2.096
 396500         ,      30.715,       0.820,       8.065,       2.521
 397000         ,      30.988,       0.729,       7.339,       2.044
 397500         ,      32.207,       0.440,       9.287,       3.123
 398000         ,      29.599,       0.653,       7.997,       3.029
 398500         ,      28.320,       1.048,       7.309,       2.464
 399000         ,      30.842,       0.876,       8.669,       2.497
 399500         ,      32.923,       0.549,       9.210,       2.787
 400000         ,      32.969,       0.714,       8.354,       1.412
 400500         ,      32.912,       0.747,       8.831,       1.778
 401000         ,      28.085,       0.803,       7.556,       2.889
 401500         ,      29.249,       0.822,       8.022,       2.403
 402000         ,      30.726,       0.682,       8.250,       2.555
 402500         ,      32.465,       0.437,       8.678,       2.310
 403000         ,      30.269,       0.696,       7.975,       2.262
 403500         ,      31.556,       0.426,       8.850,       3.194
 404000         ,      29.468,       1.265,       6.785,       2.114
 404500         ,      32.513,       0.714,       8.688,       1.873
 405000         ,      27.293,       0.719,       6.760,       3.124
 405500         ,      30.156,       1.030,       7.443,       1.800
 406000         ,      32.152,       0.570,       8.957,       1.962
 406500         ,      31.733,       1.062,       8.004,       1.851
 407000         ,      31.866,       0.853,       8.345,       2.008
 407500         ,      31.832,       0.525,       8.572,       2.420
 408000         ,      31.403,       0.630,       8.373,       2.616
 408500         ,      33.105,       0.597,       8.950,       2.408
 409000         ,      31.147,       1.216,       7.620,       1.658
 409500         ,      30.025,       0.994,       8.706,       2.914
 410000         ,      32.097,       0.978,       7.904,       1.650
 410500         ,      30.576,       0.563,       8.166,       2.692
 411000         ,      30.830,       0.433,       8.632,       2.871
 411500         ,      32.040,       0.911,       7.842,       1.772
 412000         ,      30.813,       0.758,       8.451,       2.404
 412500         ,      27.468,       1.081,       7.631,       2.674
 413000         ,      29.408,       0.995,       6.582,       2.268
 413500         ,      31.811,       0.420,       8.457,       2.531
 414000         ,      30.957,       1.104,       6.885,       2.277
 414500         ,      30.010,       0.523,       8.649,       2.711
 415000         ,      31.144,       0.821,       6.582,       2.348
 415500         ,      32.234,       0.737,       8.995,       2.574
 416000         ,      30.246,       0.272,       8.534,       3.099
 416500         ,      29.555,       0.600,       7.815,       3.271
 417000         ,      30.683,       0.901,       7.904,       2.372
 417500         ,      33.309,       0.825,       8.287,       1.541
 418000         ,      32.725,       0.736,       8.432,       2.680
 418500         ,      31.443,       0.733,       7.609,       1.988
 419000         ,      32.799,       0.345,       9.078,       3.595
 419500         ,      31.543,       0.466,       8.571,       2.888
 420000         ,      32.143,       0.544,       7.552,       2.755
 420500         ,      31.794,       0.364,       8.292,       2.817
 421000         ,      29.760,       0.700,       7.024,       2.273
 421500         ,      29.677,       0.965,       7.660,       2.805
 422000         ,      31.649,       0.749,       7.412,       2.179
 422500         ,      30.172,       0.955,       8.211,       2.184
 423000         ,      29.367,       1.001,       5.961,       2.282
 423500         ,      30.861,       0.810,       7.998,       1.735
 424000         ,      29.807,       0.693,       7.314,       2.826
 424500         ,      31.006,       0.751,       7.959,       1.998
 425000         ,      33.271,       0.713,       8.435,       1.567
 425500         ,      32.370,       1.196,       8.183,       1.674
 426000         ,      29.740,       0.912,       8.125,       2.798
 426500         ,      31.858,       0.582,       8.621,       2.737
 427000         ,      31.444,       0.507,       8.335,       2.825
 427500         ,      31.044,       0.942,       7.741,       2.482
 428000         ,      32.063,       0.485,       8.804,       2.852
 428500         ,      28.724,       0.837,       6.911,       2.634
 429000         ,      33.242,       0.705,       9.028,       1.893
 429500         ,      31.708,       0.738,       8.125,       1.810
 430000         ,      31.925,       0.551,       8.672,       2.253
 430500         ,      32.561,       0.683,       7.630,       2.811
 431000         ,      28.467,       0.945,       6.608,       2.405
 431500         ,      29.287,       0.845,       8.524,       2.806
 432000         ,      30.419,       1.027,       8.044,       2.353
 432500         ,      29.938,       0.654,       8.072,       2.617
 433000         ,      28.313,       0.876,       6.514,       2.355
 433500         ,      31.864,       0.488,       7.616,       2.416
 434000         ,      29.707,       1.094,       7.027,       2.125
 434500         ,      32.187,       0.448,       8.928,       2.531
 435000         ,      30.742,       0.455,       8.584,       3.074
 435500         ,      28.823,       0.957,       7.780,       3.026
 436000         ,      32.009,       0.784,       6.815,       2.629
 436500         ,      30.368,       0.530,       8.168,       2.984
 437000         ,      30.982,       0.789,       8.648,       2.304
 437500         ,      28.688,       0.761,       8.139,       2.753
 438000         ,      32.031,       0.333,       8.617,       2.735
 438500         ,      32.168,       0.428,       8.827,       2.812
 439000         ,      31.450,       0.397,       8.002,       2.874
 439500         ,      32.488,       0.761,       8.059,       2.325
 440000         ,      30.780,       0.886,       7.082,       2.093
 440500         ,      32.572,       0.428,       8.198,       3.179
 441000         ,      32.623,       0.734,       8.113,       2.691
 441500         ,      29.320,       0.825,       8.524,       2.737
 442000         ,      32.675,       0.493,       8.696,       2.843
 442500         ,      31.683,       0.506,       8.566,       3.253
 443000         ,      30.951,       0.566,       7.449,       2.520
 443500         ,      30.301,       0.472,       8.630,       3.112
 444000         ,      32.295,       0.239,       9.484,       3.304
 444500         ,      32.776,       0.493,       8.968,       2.597
 445000         ,      30.275,       0.728,       7.474,       2.710
 445500         ,      31.073,       0.338,       8.647,       3.258
 446000         ,      32.640,       0.676,       8.473,       2.147
 446500         ,      28.710,       1.120,       8.280,       2.343
 447000         ,      31.820,       0.507,       8.287,       2.819
 447500         ,      32.720,       0.503,       8.646,       1.998
 448000         ,      26.476,       1.034,       7.074,       3.585
 448500         ,      27.701,       0.726,       6.987,       3.044
 449000         ,      32.035,       0.416,       8.308,       2.839
 449500         ,      29.924,       0.688,       8.732,       2.976
 450000         ,      32.081,       0.554,       8.938,       2.376
 450500         ,      30.998,       0.655,       9.111,       2.754
 451000         ,      31.422,       0.452,       8.691,       3.131
 451500         ,      31.659,       0.697,       9.295,       2.408
 452000         ,      31.958,       0.609,       8.303,       3.323
 452500         ,      32.383,       0.411,       8.477,       2.228
 453000         ,      33.231,       0.695,       8.175,       1.667
 453500         ,      30.636,       0.733,       7.549,       2.602
 454000         ,      32.657,       0.444,       8.936,       3.400
 454500         ,      30.864,       0.779,       7.164,       2.112
 455000         ,      32.827,       0.456,       9.319,       2.557
 455500         ,      32.108,       0.529,       8.572,       3.217
 456000         ,      29.280,       0.412,       7.978,       3.188
 456500         ,      27.387,       0.891,       7.091,       3.491
 457000         ,      31.952,       0.486,       9.093,       3.337
 457500         ,      33.420,       0.671,       9.014,       1.967
 458000         ,      27.493,       0.651,       6.390,       2.929
 458500         ,      28.919,       0.550,       8.135,       3.190
 459000         ,      30.547,       0.656,       8.002,       2.508
 459500         ,      33.009,       0.381,       8.663,       2.820
 460000         ,      28.432,       0.672,       7.715,       3.163
 460500         ,      32.987,       0.431,       9.174,       3.054
 461000         ,      30.944,       0.448,       8.774,       2.496
 461500         ,      30.644,       0.698,       8.226,       3.052
 462000         ,      32.758,       0.409,       8.638,       2.758
 462500         ,      28.773,       0.494,       7.390,       3.298
 463000         ,      31.393,       0.643,       9.181,       2.887
 463500         ,      28.032,       0.805,       7.565,       4.073
 464000         ,      30.646,       0.328,       8.667,       3.313
 464500         ,      30.218,       0.559,       8.300,       2.800
 465000         ,      33.127,       0.526,       9.189,       2.621
 465500         ,      32.426,       0.621,       7.819,       2.390
 466000         ,      28.189,       1.026,       5.969,       3.217
 466500         ,      29.234,       0.668,       7.508,       2.723
 467000         ,      28.151,       0.788,       7.319,       3.225
 467500         ,      31.846,       0.527,       9.444,       3.225
 468000         ,      31.912,       0.736,       8.445,       2.682
 468500         ,      31.073,       0.902,       7.727,       2.289
 469000         ,      31.630,       0.701,       8.389,       2.449
 469500         ,      31.885,       0.808,       7.563,       2.406
 470000         ,      29.975,       0.582,       8.681,       3.041
 470500         ,      32.684,       0.282,       9.262,       3.228
 471000         ,      28.185,       0.854,       6.812,       2.952
 471500         ,      31.279,       0.414,       8.059,       2.818
 472000         ,      31.585,       0.508,       8.371,       2.294
 472500         ,      33.315,       0.931,       8.048,       2.073
 473000         ,      32.943,       0.751,       9.074,       2.133
 473500         ,      31.426,       0.552,       8.005,       2.261
 474000         ,      30.311,       0.715,       8.528,       2.467
 474500         ,      31.810,       0.253,       8.634,       2.707
 475000         ,      32.202,       0.466,       9.013,       2.257
 475500         ,      33.027,       0.265,       8.884,       2.935
 476000         ,      31.071,       0.667,       8.141,       2.513
 476500         ,      30.016,       0.624,       8.535,       2.746
 477000         ,      29.845,       0.596,       7.241,       2.673
 477500         ,      29.863,       0.738,       7.719,       2.196
 478000         ,      31.004,       0.539,       8.973,       3.066
 478500         ,      32.161,       0.847,       7.337,       2.374
 479000         ,      33.159,       0.465,       8.678,       2.589
 479500         ,      33.134,       0.394,       8.243,       2.493
 480000         ,      31.823,       0.378,       8.870,       2.867
 480500         ,      32.189,       0.608,       8.923,       2.030
 481000         ,      32.349,       0.521,       8.681,       2.489
 481500         ,      26.368,       0.894,       7.066,       3.400
 482000         ,      32.253,       0.384,       8.604,       3.099
 482500         ,      32.553,       0.228,       9.386,       2.890
 483000         ,      30.634,       0.507,       8.881,       3.118
 483500         ,      30.983,       0.361,       8.571,       2.622
 484000         ,      31.564,       0.643,       8.547,       2.507
 484500         ,      32.904,       0.555,       8.579,       3.193
 485000         ,      30.662,       0.598,       7.776,       2.541
 485500         ,      32.665,       0.387,       9.298,       2.703
 486000         ,      31.897,       0.273,       9.055,       2.847
 486500         ,      28.980,       0.930,       7.149,       2.308
 487000         ,      31.267,       0.508,       8.419,       2.754
 487500         ,      31.287,       0.290,       8.631,       3.518
 488000         ,      27.572,       0.848,       7.007,       3.107
 488500         ,      31.642,       0.804,       7.652,       1.748
 489000         ,      28.793,       0.621,       7.794,       3.559
 489500         ,      28.380,       0.899,       7.920,       3.376
 490000         ,      32.808,       0.361,       8.715,       2.333
 490500         ,      32.900,       0.369,       8.889,       2.513
 491000         ,      32.664,       0.446,       8.422,       2.581
 491500         ,      31.656,       0.218,       9.076,       2.995
 492000         ,      31.610,       0.861,       8.613,       2.026
 492500         ,      31.748,       0.636,       9.164,       2.394
 493000         ,      31.734,       0.649,       8.623,       3.224
 493500         ,      28.971,       1.422,       6.338,       2.119
 494000         ,      31.591,       0.496,       8.047,       2.494
 494500         ,      32.189,       0.810,       7.587,       1.918
 495000         ,      32.413,       0.530,       8.431,       2.565
 495500         ,      31.122,       0.615,       8.104,       2.480
 496000         ,      32.671,       0.382,       9.320,       2.744
 496500         ,      31.898,       0.467,       7.908,       2.841
 497000         ,      31.173,       0.810,       7.992,       2.280
 497500         ,      31.733,       0.743,       8.026,       2.199
 498000         ,      30.949,       0.428,       8.395,       3.173
 498500         ,      32.863,       0.616,       8.333,       2.178
 499000         ,      31.387,       0.395,       8.990,       2.905
 499500         ,      33.103,       0.319,       9.360,       3.292
 500000         ,      28.923,       0.921,       7.916,       2.715
