--------------------------------------------------------------------------------
S H A P E   v2.1         Continuous Shape Measures calculation
(c) 2013  Electronic Structure Group, Universitat de Barcelona
                   Contact:  llunell@ub.edu                   
--------------------------------------------------------------------------------

coordination ZF1 

SP-4            1 D4h   Square                                             
T-4             2 Td    Tetrahedron                                        
SS-4            3 C2v   Seesaw                                             
vTBPY-4         4 C3v   Vacant trigonal bipyramid                          

Structure [ML4 ]         SP-4          T-4         SS-4      vTBPY-4
 0              ,      29.453,       0.277,       7.724,       3.380
 1000           ,      32.023,       0.372,       7.663,       2.763
 2000           ,      29.339,       0.501,       7.481,       2.198
 3000           ,      31.635,       0.429,       8.410,       2.351
 4000           ,      31.018,       0.693,       7.138,       1.707
 5000           ,      28.837,       1.181,       7.225,       2.529
 6000           ,      31.398,       0.422,       7.712,       2.373
 7000           ,      29.606,       0.685,       7.115,       1.758
 8000           ,      26.182,       1.296,       5.291,       3.431
 9000           ,      31.144,       0.472,       8.043,       2.345
 10000          ,      30.221,       0.886,       7.477,       1.858
 11000          ,      29.764,       0.613,       8.099,       2.899
 12000          ,      27.255,       0.848,       7.041,       3.710
 13000          ,      31.328,       0.177,       8.728,       2.760
 14000          ,      32.287,       0.174,       9.113,       3.121
 15000          ,      30.317,       0.393,       8.354,       3.161
 16000          ,      27.010,       0.812,       6.015,       2.862
 17000          ,      27.166,       0.691,       6.703,       3.251
 18000          ,      29.266,       0.287,       7.726,       3.383
 19000          ,      31.488,       0.796,       7.295,       2.639
 20000          ,      30.013,       0.533,       8.284,       2.947
 21000          ,      32.321,       0.316,       9.053,       2.808
 22000          ,      28.083,       0.729,       6.359,       2.348
 23000          ,      28.345,       0.919,       7.346,       2.924
 24000          ,      28.770,       1.094,       7.285,       3.101
 25000          ,      29.021,       0.692,       7.307,       2.359
 26000          ,      32.197,       0.323,       8.233,       2.207
 27000          ,      32.389,       0.253,       8.728,       2.462
 28000          ,      30.509,       0.568,       7.836,       2.217
 29000          ,      32.860,       0.876,       8.144,       1.129
 30000          ,      31.967,       0.825,       7.191,       1.846
 31000          ,      31.596,       1.075,       6.675,       1.790
 32000          ,      32.030,       0.532,       7.921,       3.245
 33000          ,      32.498,       0.119,       8.823,       3.217
 34000          ,      30.344,       0.450,       8.655,       2.543
 35000          ,      29.880,       0.223,       8.227,       3.302
 36000          ,      27.924,       0.573,       7.701,       3.542
 37000          ,      27.735,       0.732,       6.185,       2.703
 38000          ,      31.254,       0.831,       7.214,       1.661
 39000          ,      32.493,       0.370,       8.743,       2.047
 40000          ,      30.480,       0.543,       7.349,       2.551
 41000          ,      30.038,       0.549,       8.050,       2.990
 42000          ,      30.673,       1.283,       7.342,       1.298
 43000          ,      28.355,       1.278,       7.404,       3.367
 44000          ,      29.371,       0.727,       6.835,       1.993
 45000          ,      30.696,       0.312,       8.793,       2.686
 46000          ,      30.542,       0.369,       8.019,       3.051
 47000          ,      32.573,       0.316,       7.628,       2.307
 48000          ,      29.720,       0.437,       7.951,       3.585
 49000          ,      30.581,       0.395,       7.353,       2.238
 50000          ,      31.273,       0.556,       7.539,       2.503
 51000          ,      30.005,       0.446,       7.379,       2.411
 52000          ,      31.667,       0.309,       9.238,       2.558
 53000          ,      27.811,       0.817,       6.547,       3.466
 54000          ,      31.353,       0.308,       8.684,       2.883
 55000          ,      29.856,       0.705,       7.269,       3.065
 56000          ,      29.502,       0.490,       7.431,       2.791
 57000          ,      31.037,       0.643,       8.820,       2.555
 58000          ,      28.767,       0.819,       6.961,       2.632
 59000          ,      32.510,       0.658,       7.803,       2.482
 60000          ,      29.756,       1.440,       5.260,       1.623
 61000          ,      29.350,       0.462,       8.368,       2.729
 62000          ,      29.577,       0.751,       7.008,       1.648
 63000          ,      30.491,       0.897,       6.389,       1.812
 64000          ,      30.909,       0.451,       8.192,       2.780
 65000          ,      31.023,       0.343,       7.752,       3.151
 66000          ,      31.312,       0.347,       8.378,       2.383
 67000          ,      33.172,       0.408,       7.765,       2.245
 68000          ,      30.984,       0.900,       7.959,       1.930
 69000          ,      31.206,       0.389,       8.320,       2.293
 70000          ,      31.109,       0.646,       7.560,       2.205
 71000          ,      30.099,       0.333,       7.806,       2.457
 72000          ,      29.487,       0.457,       8.086,       2.603
 73000          ,      31.828,       0.313,       8.129,       2.890
 74000          ,      30.872,       0.356,       8.472,       2.544
 75000          ,      30.888,       0.752,       7.690,       3.156
 76000          ,      30.635,       0.205,       8.558,       2.973
 77000          ,      29.982,       0.166,       8.125,       3.464
 78000          ,      32.288,       0.172,       8.781,       2.993
 79000          ,      26.489,       0.845,       6.865,       3.137
 80000          ,      28.466,       0.858,       7.734,       2.175
 81000          ,      30.507,       0.433,       7.323,       2.693
 82000          ,      26.173,       0.747,       6.545,       3.525
 83000          ,      29.188,       0.378,       8.248,       2.948
 84000          ,      30.264,       0.184,       8.320,       3.534
 85000          ,      31.605,       0.368,       8.341,       2.270
 86000          ,      33.220,       1.148,       6.766,       1.587
 87000          ,      31.497,       0.514,       7.698,       2.178
 88000          ,      27.537,       0.645,       7.110,       3.323
 89000          ,      31.541,       0.324,       8.252,       2.921
 90000          ,      28.458,       0.761,       7.026,       3.238
 91000          ,      28.499,       0.917,       8.361,       2.354
 92000          ,      27.029,       0.790,       5.916,       3.010
 93000          ,      25.151,       1.471,       4.731,       3.254
 94000          ,      31.047,       0.335,       9.042,       2.493
 95000          ,      29.654,       0.456,       7.429,       3.183
 96000          ,      32.737,       0.677,       7.183,       2.305
 97000          ,      31.187,       0.457,       7.927,       2.453
 98000          ,      29.030,       1.096,       6.990,       2.689
 99000          ,      28.460,       0.426,       7.842,       3.737
 100000         ,      31.539,       0.571,       7.543,       2.655
 101000         ,      26.098,       0.954,       5.923,       3.565
 102000         ,      32.630,       0.595,       7.790,       1.721
 103000         ,      29.580,       0.624,       7.814,       2.591
 104000         ,      32.032,       0.244,       8.442,       2.942
 105000         ,      31.230,       0.291,       8.304,       3.024
 106000         ,      30.404,       0.330,       7.742,       2.902
 107000         ,      29.729,       0.988,       5.822,       1.648
 108000         ,      30.860,       0.659,       8.087,       2.629
 109000         ,      31.449,       0.699,       6.793,       2.283
 110000         ,      31.161,       0.611,       7.661,       2.405
 111000         ,      30.631,       0.796,       6.915,       2.850
 112000         ,      26.574,       1.043,       5.936,       2.328
 113000         ,      28.690,       0.731,       6.406,       2.146
 114000         ,      29.569,       0.904,       7.588,       1.736
 115000         ,      30.794,       0.535,       8.144,       2.327
 116000         ,      28.285,       0.388,       7.122,       3.020
 117000         ,      28.557,       0.504,       6.666,       2.842
 118000         ,      29.948,       0.818,       6.846,       1.779
 119000         ,      27.732,       1.428,       6.163,       1.405
 120000         ,      29.271,       0.436,       7.287,       3.052
 121000         ,      31.009,       0.300,       8.322,       2.631
 122000         ,      29.221,       0.594,       7.602,       2.299
 123000         ,      26.836,       0.836,       6.185,       3.408
 124000         ,      32.450,       0.248,       8.136,       2.287
 125000         ,      32.344,       0.170,       8.252,       2.714
 126000         ,      32.102,       0.299,       9.024,       3.156
 127000         ,      31.583,       0.543,       8.498,       1.751
 128000         ,      28.659,       0.648,       7.312,       2.142
 129000         ,      31.649,       0.453,       8.202,       1.837
 130000         ,      31.432,       0.438,       8.122,       2.408
 131000         ,      29.458,       0.476,       8.177,       2.523
 132000         ,      31.406,       0.560,       7.886,       2.593
 133000         ,      31.095,       0.267,       8.625,       3.275
 134000         ,      29.354,       0.647,       6.543,       2.399
 135000         ,      30.270,       0.417,       8.581,       2.452
 136000         ,      31.108,       0.205,       7.768,       2.694
 137000         ,      30.838,       0.390,       7.219,       2.321
 138000         ,      27.117,       0.731,       6.980,       3.393
 139000         ,      31.806,       0.763,       7.432,       2.112
 140000         ,      28.716,       0.572,       8.028,       3.760
 141000         ,      31.757,       0.467,       7.359,       2.044
 142000         ,      32.349,       0.302,       8.466,       2.462
 143000         ,      33.088,       0.136,       8.910,       2.858
 144000         ,      32.644,       0.253,       7.938,       2.500
 145000         ,      32.170,       0.237,       9.108,       2.525
 146000         ,      31.439,       0.725,       7.952,       1.666
 147000         ,      32.212,       0.248,       8.401,       2.432
 148000         ,      33.043,       0.307,       8.162,       2.941
 149000         ,      32.218,       0.736,       7.184,       1.404
 150000         ,      32.312,       0.391,       9.210,       2.920
 151000         ,      31.360,       0.237,       8.670,       3.129
 152000         ,      29.584,       0.868,       5.954,       2.628
 153000         ,      26.538,       0.888,       6.221,       3.281
 154000         ,      31.166,       0.969,       6.446,       2.421
 155000         ,      31.186,       0.570,       8.372,       2.385
 156000         ,      28.064,       0.806,       6.962,       2.126
 157000         ,      29.435,       0.937,       6.924,       1.807
 158000         ,      30.154,       0.404,       8.047,       3.516
 159000         ,      32.468,       1.343,       7.074,       1.249
 160000         ,      30.758,       0.500,       7.041,       1.985
 161000         ,      25.957,       1.285,       7.096,       3.198
 162000         ,      26.036,       1.261,       6.360,       3.349
 163000         ,      28.837,       0.452,       8.045,       3.307
 164000         ,      28.812,       0.953,       7.797,       2.741
 165000         ,      29.819,       0.296,       7.404,       3.064
 166000         ,      28.030,       0.630,       7.676,       3.873
 167000         ,      30.318,       0.717,       7.541,       2.317
 168000         ,      31.624,       0.388,       7.646,       2.108
 169000         ,      31.444,       0.428,       7.955,       2.634
 170000         ,      26.374,       0.807,       6.958,       3.548
 171000         ,      28.286,       0.806,       6.643,       2.047
 172000         ,      32.420,       0.123,       8.876,       2.811
 173000         ,      32.201,       0.664,       7.398,       2.923
 174000         ,      27.899,       0.532,       7.450,       2.929
 175000         ,      30.645,       0.298,       7.289,       3.004
 176000         ,      32.973,       0.095,       9.126,       2.863
 177000         ,      30.511,       1.163,       8.025,       1.437
 178000         ,      30.475,       0.687,       6.527,       2.328
 179000         ,      29.194,       0.418,       8.086,       3.051
 180000         ,      31.309,       0.291,       8.338,       2.419
 181000         ,      31.432,       0.502,       8.034,       2.357
 182000         ,      30.893,       0.382,       8.241,       2.384
 183000         ,      29.849,       0.454,       6.900,       2.796
 184000         ,      28.904,       0.603,       7.115,       3.301
 185000         ,      32.366,       0.327,       8.748,       2.774
 186000         ,      31.851,       0.149,       8.460,       2.779
 187000         ,      31.219,       0.477,       7.823,       3.191
 188000         ,      31.278,       0.395,       7.766,       2.502
 189000         ,      27.887,       0.562,       7.344,       3.086
 190000         ,      28.340,       0.783,       6.193,       3.262
 191000         ,      30.403,       0.257,       8.292,       2.942
 192000         ,      32.977,       0.541,       7.855,       2.177
 193000         ,      24.220,       1.240,       6.439,       3.774
 194000         ,      29.267,       0.623,       6.041,       2.442
 195000         ,      30.763,       0.241,       8.570,       3.110
 196000         ,      30.383,       0.803,       7.895,       2.457
 197000         ,      28.908,       0.628,       6.628,       2.562
 198000         ,      31.915,       0.270,       8.634,       2.535
 199000         ,      31.391,       0.499,       7.958,       2.757
 200000         ,      29.712,       0.454,       7.994,       2.298
 201000         ,      25.268,       1.484,       4.900,       3.738
 202000         ,      27.317,       1.120,       5.789,       2.456
 203000         ,      28.815,       0.537,       7.497,       2.745
 204000         ,      30.900,       0.471,       7.414,       2.724
 205000         ,      30.011,       1.180,       7.174,       2.343
 206000         ,      30.610,       0.404,       7.597,       2.560
 207000         ,      30.036,       0.190,       8.177,       3.392
 208000         ,      30.938,       0.569,       8.213,       1.898
 209000         ,      29.247,       0.937,       7.540,       2.667
 210000         ,      31.756,       0.757,       7.821,       1.949
 211000         ,      29.033,       0.523,       8.221,       2.795
 212000         ,      30.519,       0.221,       8.366,       2.930
 213000         ,      28.310,       0.609,       7.242,       2.609
 214000         ,      29.283,       0.962,       7.428,       3.226
 215000         ,      30.265,       0.848,       6.192,       2.307
 216000         ,      31.714,       0.345,       7.766,       2.373
 217000         ,      33.047,       0.259,       8.729,       2.233
 218000         ,      30.211,       0.366,       8.291,       2.918
 219000         ,      28.740,       0.322,       8.005,       3.336
 220000         ,      32.056,       0.340,       8.150,       2.144
 221000         ,      29.038,       0.544,       7.265,       2.612
 222000         ,      30.841,       0.606,       6.679,       1.929
 223000         ,      30.117,       0.478,       8.397,       2.992
 224000         ,      30.385,       0.329,       8.029,       3.016
 225000         ,      32.153,       0.361,       8.279,       2.041
 226000         ,      30.145,       0.358,       7.640,       2.732
 227000         ,      28.917,       0.778,       8.399,       2.504
 228000         ,      29.231,       0.603,       7.258,       2.439
 229000         ,      24.568,       1.317,       5.657,       2.897
 230000         ,      29.357,       0.596,       6.656,       3.058
 231000         ,      30.528,       0.710,       8.436,       2.388
 232000         ,      28.932,       0.909,       8.212,       1.999
 233000         ,      28.366,       0.987,       6.894,       1.877
 234000         ,      27.774,       0.662,       7.623,       3.150
 235000         ,      31.988,       0.560,       7.891,       2.110
 236000         ,      31.789,       0.352,       8.142,       2.549
 237000         ,      32.339,       0.213,       8.543,       2.799
 238000         ,      28.967,       0.490,       6.866,       2.521
 239000         ,      29.601,       0.972,       7.424,       3.055
 240000         ,      32.479,       0.677,       7.817,       1.476
 241000         ,      31.134,       0.455,       8.379,       2.432
 242000         ,      27.380,       0.966,       5.742,       2.185
 243000         ,      31.289,       0.932,       7.622,       1.888
 244000         ,      29.887,       0.470,       7.000,       2.989
 245000         ,      31.976,       0.225,       8.318,       2.823
 246000         ,      30.830,       0.475,       7.419,       1.908
 247000         ,      28.231,       0.684,       8.016,       2.841
 248000         ,      31.771,       0.323,       9.130,       2.606
 249000         ,      30.237,       0.464,       7.288,       2.476
 250000         ,      30.043,       0.728,       6.783,       2.883
 251000         ,      31.395,       0.215,       8.073,       2.980
 252000         ,      31.521,       0.392,       8.340,       2.686
 253000         ,      30.303,       0.391,       8.665,       2.782
 254000         ,      31.091,       0.337,       8.606,       2.832
 255000         ,      26.093,       1.580,       6.125,       2.913
 256000         ,      32.942,       0.300,       8.718,       2.528
 257000         ,      31.990,       0.189,       8.775,       2.638
 258000         ,      28.354,       0.839,       6.856,       3.254
 259000         ,      30.954,       0.486,       7.980,       2.802
 260000         ,      32.257,       0.440,       8.116,       2.218
 261000         ,      30.172,       0.247,       8.049,       2.776
 262000         ,      29.248,       0.834,       6.578,       1.756
 263000         ,      30.413,       0.792,       7.263,       2.032
 264000         ,      31.729,       0.296,       8.534,       2.959
 265000         ,      27.127,       0.684,       6.374,       3.332
 266000         ,      31.260,       0.592,       7.292,       2.711
 267000         ,      28.502,       0.919,       8.053,       2.411
 268000         ,      28.206,       0.624,       6.585,       2.902
 269000         ,      32.354,       0.304,       8.517,       2.780
 270000         ,      30.043,       0.388,       8.337,       2.628
 271000         ,      30.866,       0.729,       7.063,       2.635
 272000         ,      31.833,       0.550,       8.526,       1.677
 273000         ,      27.737,       1.536,       5.993,       1.278
 274000         ,      31.762,       0.206,       8.784,       2.812
 275000         ,      32.016,       1.050,       6.419,       1.922
 276000         ,      27.293,       1.223,       6.457,       2.979
 277000         ,      28.198,       0.851,       5.878,       3.087
 278000         ,      29.369,       0.809,       6.610,       2.246
 279000         ,      30.921,       0.473,       7.800,       2.118
 280000         ,      30.183,       0.473,       8.136,       2.375
 281000         ,      32.911,       0.396,       8.559,       1.843
 282000         ,      32.970,       0.097,       9.049,       3.188
 283000         ,      28.945,       0.613,       6.502,       3.003
 284000         ,      30.248,       0.445,       7.465,       2.337
 285000         ,      30.006,       0.469,       8.311,       2.636
 286000         ,      32.519,       0.622,       7.851,       2.479
 287000         ,      31.221,       0.272,       8.894,       2.592
 288000         ,      29.267,       0.489,       6.547,       2.603
 289000         ,      30.852,       0.410,       8.063,       3.135
 290000         ,      32.635,       0.287,       8.109,       2.331
 291000         ,      30.962,       0.297,       7.233,       2.461
 292000         ,      30.542,       0.516,       8.311,       2.585
 293000         ,      32.627,       0.154,       8.488,       3.077
 294000         ,      31.554,       0.111,       8.796,       3.440
 295000         ,      22.545,       1.608,       6.182,       4.477
 296000         ,      31.515,       0.713,       6.774,       2.051
 297000         ,      30.758,       0.673,       8.083,       2.210
 298000         ,      32.915,       0.215,       9.173,       2.922
 299000         ,      26.851,       1.032,       7.245,       3.216
 300000         ,      30.661,       0.462,       6.858,       2.243
 301000         ,      32.034,       0.584,       7.435,       2.180
 302000         ,      30.531,       0.225,       7.818,       2.778
 303000         ,      31.958,       0.401,       7.536,       2.345
 304000         ,      28.365,       1.203,       4.998,       2.731
 305000         ,      30.377,       0.349,       8.149,       2.808
 306000         ,      30.614,       0.614,       6.953,       2.046
 307000         ,      27.465,       0.699,       7.687,       3.969
 308000         ,      31.880,       0.331,       8.177,       2.467
 309000         ,      28.153,       0.615,       7.396,       3.534
 310000         ,      30.932,       1.154,       6.013,       1.739
 311000         ,      31.229,       0.428,       8.124,       2.792
 312000         ,      32.822,       0.282,       8.973,       2.893
 313000         ,      31.980,       0.672,       8.237,       2.565
 314000         ,      31.385,       0.275,       8.736,       2.898
 315000         ,      30.530,       0.406,       8.320,       3.637
 316000         ,      29.440,       0.474,       6.546,       2.739
 317000         ,      32.460,       0.592,       8.077,       1.608
 318000         ,      29.624,       0.682,       6.433,       2.345
 319000         ,      27.778,       0.444,       7.164,       3.095
 320000         ,      31.591,       0.183,       8.665,       2.552
 321000         ,      28.761,       1.238,       8.538,       1.816
 322000         ,      31.210,       0.396,       7.541,       2.805
 323000         ,      32.189,       0.208,       7.759,       2.835
 324000         ,      30.101,       0.383,       8.047,       2.798
 325000         ,      32.434,       0.738,       6.807,       2.217
 326000         ,      31.754,       0.225,       8.468,       2.787
 327000         ,      28.421,       0.609,       7.660,       3.582
 328000         ,      29.684,       0.472,       7.475,       2.829
 329000         ,      30.202,       0.411,       8.102,       2.275
 330000         ,      30.983,       0.354,       8.481,       2.628
 331000         ,      30.349,       0.363,       8.619,       2.988
 332000         ,      30.928,       0.349,       8.546,       3.626
 333000         ,      28.892,       1.122,       6.253,       2.044
 334000         ,      25.154,       1.399,       5.440,       3.568
 335000         ,      25.220,       1.563,       5.860,       2.324
 336000         ,      30.909,       0.491,       8.776,       2.649
 337000         ,      31.685,       0.850,       7.150,       1.856
 338000         ,      30.554,       0.886,       6.776,       1.541
 339000         ,      33.325,       0.092,       9.029,       2.982
 340000         ,      26.980,       0.956,       5.536,       2.809
 341000         ,      28.750,       0.375,       7.064,       3.222
 342000         ,      28.921,       0.375,       7.920,       3.331
 343000         ,      31.351,       0.283,       9.026,       3.020
 344000         ,      24.434,       1.204,       6.731,       3.562
 345000         ,      27.770,       0.751,       6.882,       2.323
 346000         ,      24.727,       0.993,       6.133,       3.745
 347000         ,      31.143,       0.322,       7.132,       2.618
 348000         ,      31.982,       0.235,       8.218,       2.611
 349000         ,      30.754,       0.386,       7.805,       2.708
 350000         ,      30.862,       0.302,       7.559,       2.799
 351000         ,      28.498,       0.996,       6.566,       3.004
 352000         ,      29.671,       1.125,       5.378,       2.811
 353000         ,      28.975,       0.552,       6.990,       2.382
 354000         ,      29.285,       1.079,       5.999,       1.456
 355000         ,      26.780,       0.879,       6.712,       2.715
 356000         ,      32.533,       0.811,       7.854,       1.285
 357000         ,      25.717,       0.836,       7.080,       3.670
 358000         ,      29.392,       0.511,       7.288,       2.906
 359000         ,      28.938,       0.480,       7.609,       3.264
 360000         ,      28.210,       0.522,       6.820,       3.067
 361000         ,      31.598,       0.143,       8.707,       2.769
 362000         ,      26.792,       0.993,       7.228,       3.229
 363000         ,      27.118,       1.022,       7.266,       2.486
 364000         ,      30.222,       0.553,       8.045,       1.965
 365000         ,      32.768,       0.538,       7.520,       2.242
 366000         ,      26.728,       1.122,       7.352,       3.497
 367000         ,      28.015,       0.929,       5.855,       2.433
 368000         ,      32.754,       0.371,       8.658,       2.544
 369000         ,      31.516,       0.995,       8.428,       2.248
 370000         ,      30.245,       0.472,       8.292,       2.474
 371000         ,      30.768,       0.457,       7.868,       2.298
 372000         ,      27.703,       0.828,       5.814,       2.482
 373000         ,      30.017,       0.549,       8.106,       2.836
 374000         ,      27.219,       0.564,       6.594,       3.372
 375000         ,      30.077,       0.489,       7.646,       2.984
 376000         ,      30.383,       0.878,       7.083,       1.396
 377000         ,      29.167,       0.616,       7.980,       3.237
 378000         ,      31.136,       0.448,       8.282,       2.862
 379000         ,      30.964,       0.406,       7.972,       2.075
 380000         ,      30.742,       0.696,       7.448,       2.869
 381000         ,      30.626,       0.415,       7.821,       2.419
 382000         ,      30.975,       0.532,       7.897,       2.315
 383000         ,      28.608,       0.641,       6.192,       2.591
 384000         ,      29.682,       0.532,       7.937,       3.157
 385000         ,      30.834,       0.342,       7.817,       3.282
 386000         ,      27.616,       1.132,       5.885,       2.746
 387000         ,      28.055,       0.777,       8.038,       2.798
 388000         ,      32.847,       0.545,       8.427,       2.438
 389000         ,      33.287,       0.736,       7.431,       2.351
 390000         ,      30.417,       0.488,       7.339,       2.690
 391000         ,      32.479,       0.559,       7.695,       2.601
 392000         ,      31.647,       0.286,       7.853,       2.550
 393000         ,      28.535,       0.858,       6.192,       2.247
 394000         ,      27.926,       0.605,       6.873,       3.551
 395000         ,      27.478,       0.805,       5.625,       2.811
 396000         ,      28.148,       0.772,       7.968,       2.909
 397000         ,      28.511,       0.436,       7.443,       3.265
 398000         ,      32.795,       0.221,       8.994,       2.643
 399000         ,      27.876,       0.705,       6.287,       2.740
 400000         ,      29.082,       0.608,       7.049,       2.160
 401000         ,      31.240,       0.170,       8.757,       3.034
 402000         ,      27.719,       0.776,       6.763,       3.553
 403000         ,      31.732,       0.413,       8.758,       2.707
 404000         ,      30.832,       0.113,       8.552,       3.380
 405000         ,      27.813,       1.131,       6.057,       2.009
 406000         ,      30.054,       0.736,       8.203,       2.523
 407000         ,      28.461,       0.605,       6.708,       3.003
 408000         ,      30.699,       0.545,       8.353,       2.379
 409000         ,      29.808,       0.399,       7.350,       2.365
 410000         ,      32.045,       0.410,       8.086,       1.863
 411000         ,      28.174,       0.863,       8.083,       2.421
 412000         ,      31.575,       0.773,       8.101,       1.344
 413000         ,      30.393,       0.350,       7.508,       2.445
 414000         ,      32.372,       0.237,       8.725,       2.449
 415000         ,      28.787,       0.780,       6.934,       2.014
 416000         ,      32.364,       0.280,       8.807,       2.666
 417000         ,      31.227,       0.500,       7.096,       1.848
 418000         ,      28.097,       0.632,       7.819,       3.584
 419000         ,      30.126,       1.065,       7.061,       2.781
 420000         ,      30.521,       0.380,       7.980,       2.777
 421000         ,      30.932,       0.374,       7.437,       2.433
 422000         ,      30.043,       0.740,       7.598,       2.475
 423000         ,      26.859,       0.679,       6.724,       3.535
 424000         ,      28.338,       0.593,       7.888,       2.777
 425000         ,      29.045,       0.628,       6.756,       3.308
 426000         ,      31.481,       0.262,       7.649,       2.809
 427000         ,      32.750,       0.157,       8.611,       2.748
 428000         ,      30.598,       0.471,       8.081,       2.170
 429000         ,      31.582,       0.122,       8.523,       2.994
 430000         ,      28.230,       1.187,       4.944,       2.597
 431000         ,      32.530,       0.160,       9.007,       2.995
 432000         ,      31.896,       0.354,       8.853,       3.020
 433000         ,      29.399,       0.461,       7.437,       2.956
 434000         ,      29.543,       1.340,       7.504,       2.405
 435000         ,      27.621,       0.980,       5.461,       2.500
 436000         ,      32.163,       0.264,       8.533,       2.390
 437000         ,      32.631,       0.239,       8.639,       2.924
 438000         ,      30.511,       0.626,       7.980,       1.992
 439000         ,      31.608,       0.429,       7.327,       2.215
 440000         ,      28.923,       0.858,       5.669,       2.596
 441000         ,      32.180,       0.680,       8.106,       1.825
 442000         ,      30.840,       0.585,       7.195,       1.900
 443000         ,      28.161,       0.430,       7.257,       3.619
 444000         ,      27.290,       1.049,       5.266,       2.759
 445000         ,      33.145,       0.216,       8.884,       2.570
 446000         ,      29.818,       0.288,       8.365,       3.173
 447000         ,      24.936,       1.359,       6.983,       3.689
 448000         ,      32.810,       1.409,       7.906,       0.903
 449000         ,      28.834,       0.684,       7.592,       2.865
 450000         ,      30.701,       0.745,       7.656,       2.012
 451000         ,      27.960,       1.103,       5.040,       2.333
 452000         ,      29.816,       0.552,       8.534,       2.637
 453000         ,      31.242,       0.402,       8.293,       2.200
 454000         ,      26.160,       1.129,       7.426,       4.068
 455000         ,      31.856,       0.590,       6.546,       2.533
 456000         ,      28.489,       0.502,       7.830,       2.930
 457000         ,      30.794,       0.499,       8.425,       2.483
 458000         ,      30.059,       0.932,       6.135,       2.591
 459000         ,      32.207,       0.277,       8.237,       2.529
 460000         ,      29.020,       0.672,       6.210,       2.007
 461000         ,      31.278,       0.591,       7.776,       2.378
 462000         ,      30.197,       1.018,       7.826,       1.598
 463000         ,      28.091,       0.716,       7.841,       2.655
 464000         ,      34.139,       2.290,       7.841,       0.287
 465000         ,      31.118,       0.163,       8.829,       3.225
 466000         ,      29.970,       1.056,       6.546,       1.353
 467000         ,      32.419,       0.814,       7.135,       1.634
 468000         ,      27.631,       0.743,       7.544,       2.972
 469000         ,      31.817,       0.480,       7.415,       2.564
 470000         ,      31.041,       0.587,       8.180,       2.124
 471000         ,      31.834,       0.151,       9.033,       2.952
 472000         ,      32.062,       0.351,       7.592,       2.203
 473000         ,      31.685,       0.454,       7.736,       2.017
 474000         ,      29.441,       1.251,       7.350,       3.005
 475000         ,      30.381,       0.779,       6.684,       2.157
 476000         ,      28.840,       0.678,       8.003,       3.399
 477000         ,      28.021,       0.535,       6.696,       3.174
 478000         ,      31.906,       0.151,       9.237,       3.176
 479000         ,      32.162,       0.746,       7.489,       1.721
 480000         ,      31.339,       0.376,       7.929,       2.785
 481000         ,      31.441,       1.324,       7.167,       2.564
 482000         ,      24.439,       1.233,       6.463,       3.676
 483000         ,      31.729,       0.498,       8.294,       2.121
 484000         ,      27.887,       0.573,       7.033,       2.921
 485000         ,      25.639,       2.983,       4.540,       1.260
 486000         ,      22.142,       3.512,       3.693,       2.880
 487000         ,      30.655,       2.914,       5.654,       0.511
 488000         ,      28.633,       0.383,       7.274,       3.141
 489000         ,      27.381,       1.436,       6.042,       1.978
 490000         ,      30.275,       0.650,       8.026,       1.964
 491000         ,      32.646,       0.391,       8.544,       2.723
 492000         ,      27.716,       0.993,       6.639,       2.616
 493000         ,      17.895,       7.460,       0.670,       5.620
 494000         ,      28.263,       0.841,       7.245,       1.986
 495000         ,      30.899,       0.568,       8.384,       2.386
 496000         ,      31.026,       0.436,       8.490,       2.349
 497000         ,      30.971,       1.193,       6.589,       0.993
 498000         ,      28.708,       0.925,       7.962,       2.044
 499000         ,      29.251,       0.444,       8.049,       2.787
 500000         ,      28.056,       2.432,       4.605,       1.312
 501000         ,      27.682,       0.709,       6.801,       3.257
 502000         ,      25.990,       3.239,       3.320,       1.578
 503000         ,      29.814,       2.722,       5.188,       1.018
 504000         ,      17.584,       9.237,       0.443,       7.840
 505000         ,      31.387,       2.800,       5.532,       0.620
 506000         ,      29.895,       0.826,       7.772,       2.727
 507000         ,      27.874,       0.726,       7.938,       2.805
 508000         ,      30.133,       0.382,       8.487,       2.595
 509000         ,      30.653,       0.349,       8.308,       3.160
 510000         ,      28.806,       0.844,       6.051,       2.890
 511000         ,      28.647,       1.006,       5.656,       2.336
 512000         ,      30.413,       0.401,       7.178,       2.890
 513000         ,      28.921,       0.670,       6.755,       2.284
 514000         ,      32.599,       0.605,       7.253,       1.852
 515000         ,      26.454,       0.703,       7.216,       3.563
 516000         ,      30.876,       1.004,       7.179,       1.563
 517000         ,      31.224,       0.686,       7.546,       1.630
 518000         ,      32.095,       0.516,       7.582,       2.872
 519000         ,      29.902,       1.184,       7.484,       1.523
 520000         ,      30.162,       0.780,       6.238,       2.853
 521000         ,      29.459,       0.855,       7.875,       3.727
 522000         ,      30.866,       0.760,       7.630,       1.477
 523000         ,      32.210,       0.421,       8.485,       2.007
 524000         ,      31.575,       0.307,       8.050,       2.806
 525000         ,      29.305,       0.612,       8.374,       2.540
 526000         ,      24.690,       1.520,       5.954,       3.298
 527000         ,      28.964,       0.810,       6.175,       3.113
 528000         ,      30.335,       0.441,       7.304,       2.423
 529000         ,      32.472,       0.541,       8.645,       1.746
 530000         ,      30.887,       0.675,       7.508,       2.140
 531000         ,      29.729,       0.409,       8.285,       3.122
 532000         ,      31.701,       0.248,       8.365,       2.857
 533000         ,      30.735,       0.950,       6.594,       1.446
 534000         ,      30.254,       0.508,       7.456,       2.264
 535000         ,      31.236,       0.161,       8.786,       3.101
 536000         ,      31.126,       0.323,       8.864,       3.192
 537000         ,      32.217,       0.382,       8.372,       2.397
 538000         ,      32.067,       0.309,       8.934,       2.620
 539000         ,      29.793,       0.489,       6.968,       2.671
 540000         ,      32.150,       0.350,       7.507,       2.382
 541000         ,      28.536,       1.269,       7.264,       2.918
 542000         ,      30.226,       0.942,       7.220,       1.577
 543000         ,      30.047,       0.817,       5.941,       1.825
 544000         ,      31.369,       0.247,       8.552,       2.773
 545000         ,      33.250,       0.238,       8.227,       2.567
 546000         ,      30.722,       0.371,       8.119,       3.075
 547000         ,      28.015,       1.054,       5.071,       2.875
 548000         ,      30.880,       0.585,       6.756,       2.512
 549000         ,      32.280,       0.344,       8.153,       2.593
 550000         ,      28.933,       0.574,       6.962,       2.333
 551000         ,      30.714,       0.367,       7.890,       2.575
 552000         ,      30.831,       0.492,       6.774,       2.296
 553000         ,      29.465,       0.830,       6.695,       1.585
 554000         ,      30.858,       0.919,       7.330,       2.793
 555000         ,      31.243,       0.363,       7.687,       2.750
 556000         ,      29.686,       0.827,       6.911,       2.058
 557000         ,      32.696,       0.982,       8.155,       1.124
 558000         ,      31.989,       0.399,       8.015,       2.231
 559000         ,      30.892,       0.685,       6.726,       2.236
 560000         ,      30.716,       0.589,       7.324,       1.876
 561000         ,      26.407,       0.919,       6.165,       2.741
 562000         ,      27.760,       0.689,       6.849,       2.843
 563000         ,      29.431,       0.674,       6.834,       1.772
 564000         ,      28.538,       0.507,       7.774,       3.370
 565000         ,      30.833,       0.561,       7.574,       2.916
 566000         ,      30.467,       0.374,       7.397,       2.712
 567000         ,      29.723,       0.553,       7.124,       2.417
 568000         ,      30.727,       0.382,       7.733,       2.503
 569000         ,      31.749,       0.160,       8.343,       2.725
 570000         ,      32.049,       0.555,       7.915,       2.758
 571000         ,      31.634,       0.286,       8.256,       3.193
 572000         ,      31.656,       0.612,       8.563,       1.803
 573000         ,      31.272,       0.498,       7.969,       2.320
 574000         ,      28.478,       1.406,       6.986,       2.195
 575000         ,      28.512,       0.563,       6.869,       3.054
 576000         ,      31.340,       0.397,       7.835,       2.078
 577000         ,      32.029,       0.449,       6.888,       2.464
 578000         ,      32.404,       0.378,       8.778,       2.272
 579000         ,      31.228,       0.931,       6.385,       2.276
 580000         ,      31.957,       0.276,       8.172,       2.924
 581000         ,      30.418,       0.509,       7.653,       1.837
 582000         ,      32.079,       0.474,       8.507,       2.591
 583000         ,      31.929,       0.503,       8.753,       2.025
 584000         ,      32.480,       1.007,       7.782,       1.799
 585000         ,      28.352,       1.307,       6.002,       2.419
 586000         ,      29.237,       0.754,       6.777,       1.967
 587000         ,      29.797,       0.705,       7.429,       1.816
 588000         ,      32.579,       0.152,       8.367,       2.942
 589000         ,      32.308,       0.153,       8.690,       2.616
 590000         ,      28.811,       1.320,       7.209,       1.779
 591000         ,      32.333,       0.270,       8.262,       2.290
 592000         ,      32.016,       0.238,       8.379,       2.521
 593000         ,      29.188,       0.496,       7.526,       2.982
 594000         ,      29.053,       0.342,       7.765,       3.271
 595000         ,      30.423,       0.375,       7.950,       2.308
 596000         ,      26.199,       0.926,       6.533,       2.642
 597000         ,      27.348,       0.873,       7.490,       2.497
 598000         ,      32.731,       1.269,       7.327,       0.838
 599000         ,      28.156,       0.815,       6.326,       2.570
 600000         ,      31.746,       1.308,       6.722,       1.486
 601000         ,      29.363,       0.795,       7.892,       2.588
 602000         ,      30.086,       0.531,       8.590,       3.533
 603000         ,      31.938,       0.684,       6.896,       2.439
 604000         ,      28.069,       1.124,       6.966,       1.960
 605000         ,      28.640,       0.668,       6.039,       3.013
 606000         ,      30.853,       0.491,       8.614,       2.007
 607000         ,      32.867,       0.439,       8.407,       2.401
 608000         ,      29.688,       0.308,       8.137,       3.090
 609000         ,      32.501,       0.243,       9.062,       3.062
 610000         ,      32.064,       0.536,       8.380,       2.274
 611000         ,      31.792,       0.904,       6.891,       1.305
 612000         ,      28.264,       0.593,       7.216,       2.618
 613000         ,      30.636,       0.419,       7.720,       2.179
 614000         ,      29.439,       0.229,       7.789,       3.448
 615000         ,      21.042,       3.672,       2.675,       3.295
 616000         ,      29.876,       0.342,       6.995,       2.980
 617000         ,      28.864,       0.606,       7.238,       3.155
 618000         ,      30.152,       0.466,       8.530,       3.197
 619000         ,      28.278,       0.650,       7.732,       2.650
 620000         ,      29.301,       1.772,       5.909,       2.121
 621000         ,      27.363,       0.725,       7.657,       3.829
 622000         ,      30.483,       0.436,       7.005,       2.387
 623000         ,      26.247,       1.221,       7.504,       3.437
 624000         ,      29.787,       0.468,       7.617,       2.803
 625000         ,      27.468,       0.771,       6.575,       3.024
 626000         ,      30.142,       0.366,       7.993,       3.358
 627000         ,      30.236,       0.324,       7.978,       2.630
 628000         ,      32.304,       0.684,       7.080,       2.241
 629000         ,      26.959,       0.792,       6.625,       3.049
 630000         ,      28.904,       1.054,       6.645,       1.838
 631000         ,      30.227,       0.536,       7.803,       2.096
 632000         ,      28.713,       1.168,       7.665,       1.544
 633000         ,      30.304,       0.974,       6.593,       2.300
 634000         ,      26.479,       1.682,       5.208,       1.741
 635000         ,      32.744,       0.177,       8.937,       2.626
 636000         ,      30.790,       0.526,       8.047,       2.318
 637000         ,      30.515,       0.298,       8.321,       3.386
 638000         ,      31.545,       0.233,       8.173,       3.191
 639000         ,      32.930,       0.182,       8.821,       2.490
 640000         ,      30.574,       0.730,       7.956,       2.646
 641000         ,      29.821,       0.479,       8.181,       2.717
 642000         ,      30.779,       0.112,       8.710,       3.393
 643000         ,      33.549,       1.425,       6.847,       1.044
 644000         ,      32.892,       0.580,       8.378,       3.029
 645000         ,      30.964,       0.764,       7.119,       1.538
 646000         ,      31.557,       0.176,       9.045,       3.159
 647000         ,      30.663,       1.054,       6.879,       1.719
 648000         ,      28.525,       0.753,       5.740,       2.629
 649000         ,      30.582,       1.074,       7.604,       2.039
 650000         ,      30.426,       0.582,       7.190,       2.294
 651000         ,      27.784,       0.858,       5.786,       2.861
 652000         ,      28.310,       0.561,       7.215,       3.062
 653000         ,      29.318,       0.829,       6.786,       2.128
 654000         ,      30.827,       0.699,       8.031,       2.008
 655000         ,      31.978,       0.580,       7.913,       1.581
 656000         ,      29.186,       0.563,       7.217,       2.998
 657000         ,      29.556,       0.346,       7.536,       2.986
 658000         ,      29.064,       0.647,       7.906,       2.293
 659000         ,      27.743,       1.028,       7.972,       2.823
 660000         ,      30.208,       0.493,       7.164,       2.116
 661000         ,      32.159,       0.222,       8.665,       2.676
 662000         ,      28.706,       1.033,       6.402,       2.284
 663000         ,      30.363,       0.542,       8.019,       2.875
 664000         ,      26.654,       1.403,       6.053,       3.159
 665000         ,      32.025,       0.257,       8.916,       2.986
 666000         ,      30.727,       1.385,       6.655,       0.881
 667000         ,      31.511,       0.387,       7.757,       2.197
 668000         ,      30.503,       0.362,       8.297,       3.211
 669000         ,      29.844,       0.969,       8.216,       1.493
 670000         ,      30.709,       0.333,       7.125,       2.781
 671000         ,      31.273,       0.864,       7.789,       1.402
 672000         ,      29.121,       0.396,       7.385,       2.828
 673000         ,      32.506,       0.675,       8.271,       2.188
 674000         ,      30.649,       0.444,       8.345,       2.869
 675000         ,      30.300,       0.445,       6.984,       2.212
 676000         ,      30.401,       0.266,       7.925,       3.375
 677000         ,      31.992,       0.123,       8.482,       3.014
 678000         ,      29.915,       0.382,       7.022,       2.561
 679000         ,      26.881,       0.745,       7.027,       2.812
 680000         ,      31.993,       0.588,       8.384,       1.925
 681000         ,      33.194,       0.852,       7.213,       1.384
 682000         ,      28.905,       0.390,       7.785,       3.361
 683000         ,      32.010,       0.449,       8.083,       1.789
 684000         ,      30.764,       0.434,       7.813,       2.009
 685000         ,      30.023,       1.217,       6.970,       1.853
 686000         ,      31.398,       0.632,       8.191,       1.632
 687000         ,      31.187,       0.407,       8.364,       2.195
 688000         ,      30.056,       0.591,       8.602,       2.262
 689000         ,      32.146,       0.836,       8.192,       1.357
 690000         ,      32.412,       0.926,       7.539,       1.238
 691000         ,      27.213,       1.456,       7.721,       2.737
 692000         ,      31.680,       0.484,       7.489,       2.159
 693000         ,      25.963,       1.085,       7.305,       2.997
 694000         ,      32.024,       0.531,       8.693,       1.776
 695000         ,      28.603,       1.551,       5.891,       1.359
 696000         ,      32.675,       0.307,       7.971,       2.479
 697000         ,      29.492,       0.649,       7.645,       3.300
 698000         ,      32.164,       0.295,       8.589,       2.391
 699000         ,      31.768,       0.332,       7.883,       1.997
 700000         ,      31.273,       0.581,       7.714,       1.844
 701000         ,      31.890,       0.413,       8.349,       2.155
 702000         ,      30.669,       0.972,       6.740,       2.242
 703000         ,      31.124,       0.480,       7.755,       2.586
 704000         ,      30.172,       0.403,       8.668,       3.021
 705000         ,      30.070,       0.836,       7.913,       2.266
 706000         ,      32.720,       0.501,       8.268,       1.576
 707000         ,      28.569,       1.901,       4.934,       2.192
 708000         ,      25.510,       2.743,       3.713,       2.158
 709000         ,      29.502,       1.157,       6.241,       1.701
 710000         ,      29.640,       1.428,       5.482,       1.768
 711000         ,      31.723,       0.445,       8.337,       2.764
 712000         ,      25.038,       1.276,       5.668,       2.872
 713000         ,      28.410,       0.630,       7.979,       2.598
 714000         ,      29.966,       0.325,       7.526,       2.628
 715000         ,      29.738,       0.528,       7.505,       2.723
 716000         ,      29.649,       0.478,       6.778,       3.138
 717000         ,      32.067,       3.083,       7.209,       0.524
 718000         ,      31.750,       2.410,       6.200,       0.386
 719000         ,      30.057,       2.706,       6.122,       0.774
 720000         ,      32.444,       2.229,       8.245,       0.597
 721000         ,      33.106,       2.543,       7.042,       0.324
 722000         ,      32.392,       1.181,       7.577,       1.002
 723000         ,      29.803,       3.440,       5.546,       0.801
 724000         ,      28.825,       1.744,       5.492,       1.164
 725000         ,      30.842,       2.761,       5.543,       0.645
 726000         ,      29.805,       3.065,       5.642,       0.433
 727000         ,      31.850,       3.072,       6.566,       0.217
 728000         ,      28.251,       3.008,       5.436,       0.771
 729000         ,      31.250,       2.503,       7.019,       0.448
 730000         ,      31.018,       1.108,       6.555,       1.587
 731000         ,      31.944,       2.531,       6.582,       0.336
 732000         ,      33.224,       2.558,       6.598,       0.548
 733000         ,      29.438,       2.681,       6.079,       0.538
 734000         ,      33.157,       2.979,       7.482,       0.248
 735000         ,      30.735,       2.437,       5.892,       0.781
 736000         ,      30.678,       1.872,       7.091,       0.528
 737000         ,      31.516,       2.128,       7.134,       0.478
 738000         ,      30.639,       2.383,       7.076,       0.478
 739000         ,      30.930,       2.580,       5.598,       0.606
 740000         ,      30.545,       2.302,       6.812,       0.488
 741000         ,      32.730,       3.056,       6.429,       0.560
 742000         ,      30.756,       2.216,       6.131,       0.699
 743000         ,      30.599,       2.647,       6.692,       0.422
 744000         ,      28.632,       2.678,       6.174,       0.647
 745000         ,      31.338,       2.663,       6.792,       0.402
 746000         ,      30.520,       2.184,       7.145,       0.604
 747000         ,      32.123,       2.445,       7.353,       0.326
 748000         ,      32.463,       2.374,       6.763,       0.387
 749000         ,      33.734,       3.062,       7.906,       0.089
 750000         ,      32.304,       3.375,       7.530,       0.235
 751000         ,      30.419,       2.820,       6.252,       0.999
 752000         ,      29.940,       2.574,       5.983,       0.553
 753000         ,      29.731,       2.759,       5.296,       0.752
 754000         ,      32.752,       2.994,       6.480,       0.488
 755000         ,      31.311,       2.819,       7.070,       0.438
 756000         ,      33.254,       2.610,       7.469,       0.237
 757000         ,      29.754,       3.597,       6.021,       0.505
 758000         ,      32.449,       1.919,       7.577,       0.367
 759000         ,      29.050,       2.358,       5.578,       0.660
 760000         ,      29.704,       1.759,       6.035,       0.762
 761000         ,      32.479,       2.804,       6.094,       0.335
 762000         ,      32.354,       3.372,       6.718,       0.394
 763000         ,      32.275,       2.673,       6.267,       0.877
 764000         ,      31.645,       3.130,       6.518,       0.745
 765000         ,      31.868,       2.942,       6.652,       0.397
 766000         ,      30.530,       3.110,       5.779,       0.578
 767000         ,      31.485,       2.685,       6.339,       0.397
 768000         ,      32.228,       2.549,       7.506,       0.215
 769000         ,      30.039,       2.896,       5.354,       0.641
 770000         ,      32.081,       2.558,       6.135,       0.814
 771000         ,      30.582,       3.416,       6.383,       0.422
 772000         ,      32.332,       3.264,       7.130,       0.247
 773000         ,      31.602,       2.128,       7.334,       0.528
 774000         ,      31.598,       3.256,       5.968,       0.380
 775000         ,      32.041,       2.581,       6.634,       0.452
 776000         ,      31.851,       2.885,       7.061,       0.400
 777000         ,      33.148,       2.906,       7.035,       0.265
 778000         ,      33.465,       2.679,       6.942,       0.239
 779000         ,      32.599,       2.706,       6.268,       0.374
 780000         ,      32.354,       3.501,       7.189,       0.145
 781000         ,      32.846,       2.174,       7.168,       0.392
 782000         ,      32.094,       1.835,       7.150,       0.462
 783000         ,      33.954,       3.937,       6.872,       0.242
 784000         ,      30.527,       3.141,       6.939,       0.453
 785000         ,      31.380,       2.452,       7.324,       0.429
 786000         ,      30.413,       2.098,       5.699,       0.822
 787000         ,      32.206,       3.124,       6.979,       0.467
 788000         ,      31.142,       3.218,       6.608,       0.485
 789000         ,      27.791,       2.313,       5.605,       1.076
 790000         ,      29.916,       2.829,       5.221,       0.829
 791000         ,      33.752,       3.001,       6.692,       0.294
 792000         ,      31.997,       3.054,       7.424,       0.171
 793000         ,      32.173,       3.112,       6.791,       0.320
 794000         ,      32.721,       2.755,       6.366,       0.277
 795000         ,      29.546,       2.595,       6.735,       0.637
 796000         ,      30.932,       3.001,       6.338,       0.581
 797000         ,      31.941,       2.617,       7.028,       0.234
 798000         ,      31.822,       1.586,       7.577,       0.651
 799000         ,      31.723,       2.879,       6.624,       0.503
 800000         ,      30.752,       2.155,       7.040,       0.422
 801000         ,      32.158,       2.351,       7.614,       0.399
 802000         ,      32.398,       2.241,       7.301,       0.394
 803000         ,      27.353,       3.579,       3.587,       1.925
 804000         ,      25.272,       3.980,       4.604,       1.171
 805000         ,      32.356,       1.956,       6.590,       0.570
 806000         ,      28.550,       2.555,       5.292,       0.670
 807000         ,      31.676,       3.562,       6.445,       0.274
 808000         ,      28.266,       3.009,       5.338,       0.889
 809000         ,      32.146,       3.735,       5.559,       0.541
 810000         ,      23.905,       4.760,       2.704,       2.219
 811000         ,      32.181,       2.076,       7.207,       0.456
 812000         ,      32.009,       2.569,       6.726,       0.527
 813000         ,      27.682,       2.793,       4.452,       0.927
 814000         ,      33.587,       2.490,       6.852,       0.577
 815000         ,      27.594,       2.376,       4.799,       0.968
 816000         ,      31.068,       3.770,       6.001,       0.505
 817000         ,      29.759,       3.032,       5.940,       0.769
 818000         ,      32.273,       1.538,       6.630,       0.754
 819000         ,      27.798,       3.210,       4.798,       0.840
 820000         ,      32.187,       2.653,       7.957,       0.277
 821000         ,      33.364,       3.027,       7.977,       0.315
 822000         ,      32.638,       1.731,       6.956,       0.643
 823000         ,      28.873,       2.715,       5.236,       0.781
 824000         ,      31.082,       2.516,       6.616,       0.528
 825000         ,      29.839,       2.485,       6.905,       0.876
 826000         ,      32.959,       3.516,       7.839,       0.163
 827000         ,      31.434,       3.094,       6.675,       0.581
 828000         ,      33.911,       2.380,       7.875,       0.257
 829000         ,      30.088,       2.971,       5.393,       0.899
 830000         ,      32.213,       2.664,       7.502,       0.280
 831000         ,      32.625,       2.961,       6.511,       0.414
 832000         ,      29.776,       2.175,       6.018,       0.761
 833000         ,      33.682,       2.412,       7.944,       0.303
 834000         ,      31.557,       1.738,       7.319,       0.804
 835000         ,      32.299,       2.620,       6.830,       0.433
 836000         ,      27.086,       3.606,       4.889,       0.935
 837000         ,      29.829,       2.240,       5.854,       0.613
 838000         ,      33.117,       2.535,       6.418,       0.787
 839000         ,      29.984,       2.965,       6.020,       0.746
 840000         ,      33.696,       2.606,       7.241,       0.277
 841000         ,      29.137,       2.954,       4.452,       0.927
 842000         ,      30.545,       2.581,       5.560,       0.644
 843000         ,      32.932,       1.830,       7.348,       0.443
 844000         ,      32.789,       3.326,       6.868,       0.254
 845000         ,      33.401,       3.340,       7.960,       0.158
 846000         ,      33.894,       2.173,       7.474,       0.311
 847000         ,      33.605,       2.938,       7.533,       0.291
 848000         ,      28.385,       3.081,       5.266,       0.599
 849000         ,      32.509,       3.035,       7.290,       0.311
 850000         ,      31.482,       3.039,       6.199,       0.273
 851000         ,      27.574,       3.481,       5.341,       0.787
 852000         ,      31.196,       2.710,       7.418,       0.455
 853000         ,      33.857,       3.009,       6.798,       0.310
 854000         ,      30.450,       3.247,       5.334,       0.573
 855000         ,      30.328,       2.443,       5.404,       0.741
 856000         ,      29.597,       1.515,       5.858,       1.177
 857000         ,      31.275,       2.897,       6.496,       0.497
 858000         ,      31.574,       2.064,       6.639,       0.503
 859000         ,      31.684,       2.989,       7.196,       0.286
 860000         ,      32.731,       2.837,       7.844,       0.301
 861000         ,      30.987,       1.665,       6.128,       0.811
 862000         ,      32.063,       3.240,       6.135,       0.663
 863000         ,      29.768,       3.655,       6.613,       0.818
 864000         ,      30.451,       2.951,       4.842,       0.773
 865000         ,      33.574,       2.314,       6.983,       0.312
 866000         ,      30.524,       3.145,       6.210,       0.637
 867000         ,      32.594,       3.325,       6.667,       0.263
 868000         ,      32.461,       1.932,       7.286,       0.550
 869000         ,      31.315,       1.348,       6.414,       0.834
 870000         ,      33.338,       2.550,       7.405,       0.306
 871000         ,      32.752,       2.322,       6.900,       0.424
 872000         ,      33.771,       2.189,       7.353,       0.329
 873000         ,      31.748,       3.230,       6.764,       0.185
 874000         ,      32.482,       1.972,       7.155,       0.407
 875000         ,      30.020,       3.217,       5.150,       0.652
 876000         ,      31.840,       2.657,       6.262,       0.327
 877000         ,      29.178,       1.786,       6.102,       0.993
 878000         ,      30.934,       3.955,       5.702,       0.485
 879000         ,      30.241,       3.365,       5.615,       0.477
 880000         ,      33.635,       3.047,       7.941,       0.285
 881000         ,      26.160,       3.111,       4.448,       1.115
 882000         ,      31.618,       2.512,       6.221,       0.396
 883000         ,      30.426,       3.796,       6.636,       0.319
 884000         ,      33.013,       1.960,       7.451,       0.295
 885000         ,      30.886,       2.661,       5.524,       0.640
 886000         ,      29.672,       2.874,       4.691,       0.739
 887000         ,      29.125,       2.914,       4.799,       0.921
 888000         ,      29.065,       3.137,       4.067,       0.878
 889000         ,      31.467,       2.318,       5.458,       0.694
 890000         ,      30.977,       2.282,       6.050,       0.517
 891000         ,      31.206,       2.104,       7.283,       0.435
 892000         ,      25.215,       4.336,       4.131,       1.659
 893000         ,      31.169,       2.455,       5.942,       0.874
 894000         ,      30.661,       2.923,       6.026,       0.856
 895000         ,      27.573,       3.489,       3.702,       1.147
 896000         ,      32.552,       2.336,       7.568,       0.365
 897000         ,      31.618,       3.870,       5.037,       0.767
 898000         ,      33.967,       2.661,       7.735,       0.189
 899000         ,      30.186,       3.705,       6.168,       0.719
 900000         ,      28.702,       2.706,       5.607,       0.713
 901000         ,      30.346,       3.631,       5.670,       0.404
 902000         ,      31.595,       2.625,       6.346,       0.517
 903000         ,      30.628,       2.978,       7.138,       0.409
 904000         ,      33.454,       2.334,       7.749,       0.189
 905000         ,      29.922,       3.528,       6.313,       0.705
 906000         ,      31.787,       2.228,       7.627,       0.395
 907000         ,      31.721,       3.164,       5.982,       0.753
 908000         ,      33.401,       2.601,       6.970,       0.392
 909000         ,      29.840,       2.628,       5.555,       0.587
 910000         ,      30.990,       2.844,       6.854,       0.373
 911000         ,      31.453,       2.708,       7.351,       0.437
 912000         ,      25.919,       3.090,       4.748,       1.272
 913000         ,      32.071,       2.556,       6.766,       0.565
 914000         ,      31.240,       2.382,       6.228,       0.466
 915000         ,      30.991,       2.207,       6.825,       0.764
 916000         ,      32.221,       2.120,       7.034,       0.368
 917000         ,      30.904,       2.441,       6.760,       0.324
 918000         ,      29.802,       2.373,       6.054,       0.555
 919000         ,      29.691,       3.372,       5.159,       0.647
 920000         ,      31.700,       3.707,       6.929,       0.518
 921000         ,      32.742,       1.988,       6.291,       0.590
 922000         ,      25.389,       4.090,       3.224,       1.627
 923000         ,      30.111,       3.262,       5.536,       0.761
 924000         ,      31.663,       3.048,       6.603,       0.480
 925000         ,      28.031,       2.278,       5.225,       0.874
 926000         ,      29.889,       2.703,       5.198,       0.777
 927000         ,      30.819,       2.769,       6.912,       0.642
 928000         ,      29.533,       3.030,       6.971,       0.942
 929000         ,      30.928,       2.860,       6.892,       0.609
 930000         ,      29.103,       3.826,       4.169,       1.149
 931000         ,      32.426,       3.304,       7.112,       0.296
 932000         ,      28.416,       1.866,       5.755,       1.046
 933000         ,      31.249,       2.832,       6.570,       0.287
 934000         ,      33.143,       2.285,       7.794,       0.256
 935000         ,      32.051,       2.109,       7.465,       0.472
 936000         ,      32.953,       2.666,       7.595,       0.181
 937000         ,      32.821,       2.471,       7.192,       0.398
 938000         ,      31.946,       1.574,       7.615,       0.808
 939000         ,      30.954,       2.040,       6.915,       0.933
 940000         ,      31.042,       2.740,       5.462,       0.634
 941000         ,      32.730,       2.060,       7.328,       0.490
 942000         ,      30.706,       2.935,       5.808,       0.982
 943000         ,      32.643,       2.868,       6.057,       0.425
 944000         ,      29.624,       2.948,       6.090,       0.419
 945000         ,      31.814,       3.026,       6.613,       0.357
 946000         ,      33.109,       2.642,       7.478,       0.249
 947000         ,      30.801,       2.410,       6.091,       0.409
 948000         ,      32.143,       2.246,       6.360,       0.332
 949000         ,      33.704,       1.791,       8.158,       0.419
 950000         ,      30.497,       0.966,       7.152,       1.118
 951000         ,      30.303,       2.232,       6.418,       0.453
 952000         ,      31.521,       1.786,       6.003,       0.772
 953000         ,      31.504,       3.288,       6.522,       0.376
 954000         ,      33.518,       1.933,       7.921,       0.340
 955000         ,      32.671,       3.205,       6.930,       0.338
 956000         ,      30.501,       2.084,       5.348,       0.796
 957000         ,      34.113,       3.819,       7.303,       0.100
 958000         ,      29.326,       2.281,       6.088,       0.588
 959000         ,      26.077,       3.281,       4.456,       1.426
 960000         ,      29.006,       2.314,       5.140,       0.821
 961000         ,      33.136,       1.708,       6.940,       0.660
 962000         ,      31.450,       2.793,       6.139,       0.367
 963000         ,      30.613,       2.935,       5.827,       0.661
 964000         ,      32.310,       2.851,       6.882,       0.359
 965000         ,      32.626,       2.167,       7.061,       0.461
 966000         ,      30.382,       1.841,       6.619,       1.230
 967000         ,      33.494,       3.091,       8.136,       0.152
 968000         ,      32.512,       2.948,       7.182,       0.336
 969000         ,      29.314,       3.411,       5.257,       0.671
 970000         ,      33.293,       3.009,       6.503,       0.416
 971000         ,      31.454,       2.764,       6.815,       0.300
 972000         ,      30.316,       2.078,       6.116,       1.167
 973000         ,      30.546,       2.068,       6.949,       0.712
 974000         ,      31.769,       2.725,       6.686,       0.619
 975000         ,      31.161,       2.864,       5.716,       0.421
 976000         ,      28.134,       2.385,       6.037,       0.760
 977000         ,      28.387,       2.403,       5.377,       1.011
 978000         ,      32.599,       2.626,       6.578,       0.318
 979000         ,      29.400,       3.017,       5.120,       0.773
 980000         ,      31.893,       2.534,       7.552,       0.461
 981000         ,      33.039,       2.882,       7.434,       0.180
 982000         ,      31.890,       1.841,       7.810,       0.508
 983000         ,      32.344,       1.529,       7.199,       0.579
 984000         ,      32.370,       2.706,       7.312,       0.273
 985000         ,      30.577,       2.089,       6.643,       0.695
 986000         ,      31.959,       2.161,       7.970,       0.497
 987000         ,      32.558,       2.024,       7.689,       0.507
 988000         ,      28.055,       2.445,       5.536,       0.799
 989000         ,      32.723,       2.813,       7.245,       0.297
 990000         ,      31.166,       2.960,       6.079,       0.506
 991000         ,      33.274,       2.696,       7.477,       0.154
 992000         ,      29.292,       2.912,       4.926,       0.677
 993000         ,      29.015,       3.462,       5.895,       0.478
 994000         ,      33.096,       2.615,       7.572,       0.280
 995000         ,      33.155,       2.046,       7.830,       0.663
 996000         ,      29.505,       2.576,       6.119,       0.723
 997000         ,      31.913,       2.691,       6.327,       0.318
 998000         ,      31.782,       0.797,       7.900,       1.391
 999000         ,      30.291,       3.702,       6.333,       0.422
 1000000        ,      32.882,       3.467,       7.699,       0.166
