--------------------------------------------------------------------------------
S H A P E   v2.1         Continuous Shape Measures calculation
(c) 2013  Electronic Structure Group, Universitat de Barcelona
                   Contact:  llunell@ub.edu                   
--------------------------------------------------------------------------------

coordination ZF1 

SP-4            1 D4h   Square                                             
T-4             2 Td    Tetrahedron                                        
SS-4            3 C2v   Seesaw                                             
vTBPY-4         4 C3v   Vacant trigonal bipyramid                          

Structure [ML4 ]         SP-4          T-4         SS-4      vTBPY-4
 0              ,      15.988,      11.229,       0.690,       8.591
 1000           ,      20.004,       9.108,       0.570,       7.444
 2000           ,      22.834,       7.409,       0.990,       5.464
 3000           ,      18.596,      10.316,       0.727,       7.056
 4000           ,      20.565,      11.086,       1.258,       6.753
 5000           ,      17.997,       9.460,       0.742,       6.095
 6000           ,      20.430,       8.628,       0.508,       6.564
 7000           ,      20.483,       8.273,       0.483,       6.391
 8000           ,      15.106,      12.176,       1.071,       8.716
 9000           ,      22.857,       8.741,       1.545,       6.334
 10000          ,      18.870,       9.833,       0.666,       7.123
 11000          ,      18.038,      10.935,       0.592,       8.394
 12000          ,      24.160,       9.258,       2.052,       7.581
 13000          ,      19.016,      11.182,       0.531,       8.647
 14000          ,      20.665,       8.376,       0.785,       5.726
 15000          ,      15.391,      11.480,       0.415,       9.537
 16000          ,      18.999,       9.770,       0.518,       7.655
 17000          ,      18.901,       9.171,       0.526,       7.112
 18000          ,      19.868,       7.991,       0.837,       5.483
 19000          ,      22.205,       9.909,       1.061,       6.880
 20000          ,      20.536,       9.837,       0.919,       7.495
 21000          ,      11.122,      12.611,       1.444,      11.158
 22000          ,      19.251,      10.531,       0.892,       7.627
 23000          ,      14.356,      13.143,       1.116,      11.207
 24000          ,      19.402,      10.882,       0.560,       8.919
 25000          ,      16.376,       9.638,       0.901,       8.393
 26000          ,      16.147,      10.634,       0.519,       8.484
 27000          ,      17.061,       8.613,       0.348,       7.782
 28000          ,      20.771,      10.172,       0.807,       7.001
 29000          ,      19.642,      10.874,       0.634,       7.447
 30000          ,      18.486,      10.101,       0.479,       7.733
 31000          ,      18.612,       8.692,       0.537,       6.880
 32000          ,      18.958,      10.723,       0.732,       7.215
 33000          ,      18.077,      11.589,       0.665,       9.238
 34000          ,      15.442,      10.922,       0.849,       8.588
 35000          ,      22.629,       8.210,       0.710,       6.094
 36000          ,      21.256,       9.662,       0.900,       7.222
 37000          ,      22.692,       9.037,       1.145,       6.268
 38000          ,      19.654,      10.340,       0.539,       7.159
 39000          ,      19.436,       9.335,       0.624,       7.193
 40000          ,      20.135,       8.796,       0.594,       6.917
 41000          ,      18.853,       9.224,       0.508,       7.043
 42000          ,      16.655,      10.322,       0.651,       8.022
 43000          ,      19.928,      11.832,       1.365,       8.772
 44000          ,      18.989,       9.478,       1.002,       6.393
 45000          ,      18.326,      10.689,       0.678,       7.950
 46000          ,      19.236,      10.244,       0.462,       7.433
 47000          ,      20.040,       8.557,       0.666,       6.409
 48000          ,      20.254,       7.627,       0.526,       6.550
 49000          ,      18.345,      12.598,       1.322,       8.461
 50000          ,      18.737,       9.130,       0.304,       7.306
 51000          ,      19.862,       8.165,       0.399,       6.202
 52000          ,      17.481,      10.814,       0.563,       8.950
 53000          ,      19.780,       8.962,       0.338,       6.571
 54000          ,      17.284,      10.125,       0.275,       8.053
 55000          ,      17.162,       9.891,       0.507,       7.962
 56000          ,      21.930,       8.078,       0.396,       6.166
 57000          ,      16.329,      10.650,       0.690,       8.224
 58000          ,      15.439,      11.009,       0.768,       9.322
 59000          ,      18.104,      10.238,       0.494,       7.540
 60000          ,      17.732,       9.497,       0.838,       6.219
 61000          ,      20.879,       9.347,       0.822,       7.088
 62000          ,      20.233,       9.176,       0.574,       6.533
 63000          ,      19.908,       9.437,       0.929,       6.129
 64000          ,      20.960,       8.737,       0.767,       7.194
 65000          ,      19.379,       9.292,       0.663,       6.356
 66000          ,      20.155,      10.862,       0.587,       8.060
 67000          ,      17.674,      10.532,       0.587,       8.437
 68000          ,      22.619,       8.171,       0.766,       6.314
 69000          ,      16.438,      12.194,       1.033,       8.250
 70000          ,      20.741,       8.570,       0.560,       6.018
 71000          ,      21.401,       7.791,       0.804,       5.478
 72000          ,      20.410,      10.171,       0.770,       7.134
 73000          ,      19.264,       8.987,       1.311,       6.044
 74000          ,      20.004,       9.809,       0.564,       7.093
 75000          ,      19.370,       9.602,       0.426,       6.740
 76000          ,      20.845,      10.689,       0.580,       8.043
 77000          ,      19.117,      10.138,       0.813,       7.079
 78000          ,      19.583,      10.256,       0.755,       7.456
 79000          ,      20.058,       8.983,       0.552,       7.287
 80000          ,      19.638,       8.831,       1.005,       6.249
 81000          ,      16.019,      10.224,       0.818,       8.465
 82000          ,      17.656,       9.279,       0.445,       7.683
 83000          ,      19.037,       8.952,       0.401,       7.670
 84000          ,      19.095,       8.997,       0.379,       7.474
 85000          ,      16.961,      10.121,       0.474,       7.831
 86000          ,      16.113,      11.546,       0.497,       9.280
 87000          ,      17.263,       9.612,       0.462,       7.888
 88000          ,      15.818,      10.450,       0.438,       8.470
 89000          ,      17.839,       8.635,       0.789,       6.734
 90000          ,      18.609,      11.866,       0.959,       8.054
 91000          ,      21.085,       9.319,       0.724,       6.029
 92000          ,      18.025,       9.989,       0.525,       7.289
 93000          ,      16.129,       9.579,       0.720,       8.118
 94000          ,      22.965,       8.686,       1.051,       5.740
 95000          ,      19.895,       8.792,       0.574,       7.460
 96000          ,      20.056,       9.396,       0.375,       7.407
 97000          ,      20.602,       9.548,       0.681,       7.061
 98000          ,      17.982,      11.409,       0.442,       8.729
 99000          ,      15.589,       9.980,       0.576,       8.626
 100000         ,      20.680,       9.027,       0.765,       6.067
 101000         ,      20.706,      11.502,       1.104,       7.206
 102000         ,      20.596,       9.838,       0.651,       6.905
 103000         ,      18.873,      10.807,       0.345,       8.682
 104000         ,      16.931,       9.848,       0.334,       7.879
 105000         ,      17.671,       9.279,       0.884,       6.846
 106000         ,      18.391,       9.832,       0.448,       7.938
 107000         ,      22.895,       7.404,       1.160,       5.989
 108000         ,      15.716,      10.968,       0.466,       9.012
 109000         ,      20.567,       8.623,       0.532,       6.507
 110000         ,      15.366,      11.085,       0.837,       8.459
 111000         ,      19.777,      11.928,       0.803,       7.822
 112000         ,      18.046,       9.260,       0.309,       6.937
 113000         ,      20.423,      11.331,       0.836,       7.157
 114000         ,      19.513,      10.074,       0.702,       6.621
 115000         ,      18.663,       9.117,       0.543,       7.095
 116000         ,      18.214,      11.144,       1.213,       6.957
 117000         ,      18.945,      11.109,       0.563,       8.676
 118000         ,      19.887,       9.252,       0.706,       6.374
 119000         ,      20.154,      11.152,       0.887,       9.007
 120000         ,      21.135,       9.308,       0.625,       6.473
 121000         ,      19.351,       9.362,       0.247,       6.955
 122000         ,      19.417,      10.288,       0.655,       7.148
 123000         ,      15.495,       9.608,       0.530,       7.827
 124000         ,      20.835,       9.203,       0.700,       6.730
 125000         ,      20.566,      10.351,       0.889,       6.631
 126000         ,      21.531,       9.164,       0.877,       6.669
 127000         ,      21.492,       7.665,       1.384,       5.262
 128000         ,      21.567,      11.198,       0.745,       8.111
 129000         ,      19.807,       8.695,       0.335,       6.573
 130000         ,      19.720,       9.034,       0.686,       6.113
 131000         ,      19.629,      10.895,       0.900,       6.838
 132000         ,      24.155,       6.976,       0.902,       5.183
 133000         ,      22.349,       9.444,       0.856,       5.920
 134000         ,      20.713,       8.766,       0.682,       6.193
 135000         ,      17.800,      10.073,       0.670,       7.700
 136000         ,      15.073,      10.106,       0.513,       8.960
 137000         ,      13.688,      10.905,       0.776,      10.023
 138000         ,      19.482,      10.295,       0.771,       7.718
 139000         ,      18.069,      10.704,       0.418,       8.723
 140000         ,      19.010,       8.930,       0.631,       6.069
 141000         ,      19.275,       9.940,       0.789,       7.041
 142000         ,      21.227,       8.637,       0.445,       6.980
 143000         ,      16.167,      10.486,       0.657,       7.786
 144000         ,      20.999,       8.713,       0.734,       7.299
 145000         ,      15.936,      11.660,       0.700,       9.325
 146000         ,      21.335,       9.029,       0.693,       6.496
 147000         ,      21.958,      10.589,       0.909,       7.204
 148000         ,      20.087,       9.930,       0.749,       7.009
 149000         ,      22.469,       9.298,       1.309,       5.241
 150000         ,      22.153,      10.271,       0.659,       7.442
 151000         ,      20.270,       9.573,       0.440,       7.818
 152000         ,      21.969,       9.377,       0.623,       6.917
 153000         ,      20.978,       9.436,       0.559,       7.344
 154000         ,      18.096,       9.139,       0.341,       7.951
 155000         ,      19.655,       8.800,       0.394,       6.894
 156000         ,      21.932,       8.651,       0.590,       6.188
 157000         ,      24.059,       7.690,       1.174,       5.212
 158000         ,      17.486,      11.139,       0.428,       8.911
 159000         ,      22.084,       8.922,       1.499,       5.212
 160000         ,      17.293,       9.770,       0.332,       7.791
 161000         ,      18.329,       9.477,       0.441,       6.970
 162000         ,      15.914,      10.264,       0.469,       8.265
 163000         ,      18.243,      11.399,       0.469,       8.690
 164000         ,      18.927,      11.277,       0.762,       8.377
 165000         ,      17.613,       9.713,       0.884,       7.255
 166000         ,      15.818,      11.287,       0.787,       8.243
 167000         ,      19.996,       9.490,       0.371,       7.089
 168000         ,      17.681,      11.619,       0.496,       8.836
 169000         ,      15.609,      11.701,       0.917,       8.641
 170000         ,      18.490,      10.498,       0.744,       8.818
 171000         ,      19.177,       9.006,       0.501,       6.378
 172000         ,      17.767,      10.447,       0.327,       8.705
 173000         ,      17.852,      11.416,       0.644,       8.438
 174000         ,      19.260,       9.034,       0.297,       7.514
 175000         ,      17.466,      10.115,       0.618,       7.629
 176000         ,      17.494,      10.913,       0.812,       7.715
 177000         ,      17.953,       9.121,       0.651,       6.605
 178000         ,      19.998,       8.947,       0.636,       6.926
 179000         ,      22.337,       9.213,       0.767,       6.450
 180000         ,      13.978,      13.368,       0.979,      10.413
 181000         ,      13.889,      11.888,       0.875,       9.942
 182000         ,      19.098,       8.401,       0.710,       6.524
 183000         ,      14.789,      13.249,       1.292,      11.303
 184000         ,      18.600,      10.450,       0.520,       8.468
 185000         ,      20.674,       8.565,       0.697,       6.515
 186000         ,      21.121,       8.310,       0.748,       5.736
 187000         ,      19.641,       9.994,       0.696,       7.290
 188000         ,      18.860,       9.638,       0.745,       7.026
 189000         ,      15.023,      10.946,       0.781,       8.502
 190000         ,      18.487,       8.807,       0.376,       7.033
 191000         ,      15.920,      10.766,       0.686,       8.301
 192000         ,      15.695,      10.697,       0.643,       8.306
 193000         ,      22.449,       8.535,       1.203,       5.619
 194000         ,      22.079,       7.630,       1.221,       5.935
 195000         ,      17.347,      11.084,       0.794,       8.696
 196000         ,      13.661,      13.074,       1.411,       9.620
 197000         ,      18.242,       9.613,       0.491,       7.619
 198000         ,      16.601,      11.298,       0.501,       9.110
 199000         ,      19.881,      10.126,       0.578,       7.171
 200000         ,      17.627,       8.859,       0.534,       7.849
 201000         ,      19.484,       9.610,       0.616,       6.744
 202000         ,      16.069,      10.837,       0.785,       8.222
 203000         ,      18.190,      11.110,       0.806,       9.412
 204000         ,      17.958,       8.961,       0.737,       7.362
 205000         ,      14.908,      11.134,       0.769,       9.514
 206000         ,      15.729,      10.418,       0.397,       8.767
 207000         ,      22.184,       9.247,       0.821,       5.839
 208000         ,      16.005,      11.902,       0.776,       8.854
 209000         ,      21.777,       9.954,       0.726,       6.792
 210000         ,      18.654,      10.592,       0.925,       7.255
 211000         ,      17.215,       9.482,       0.450,       7.429
 212000         ,      18.965,      10.315,       0.570,       8.262
 213000         ,      17.263,      10.687,       0.359,       8.652
 214000         ,      23.009,       8.418,       1.264,       4.612
 215000         ,      17.588,      11.702,       0.379,       8.675
 216000         ,      21.130,      10.139,       0.850,       6.893
 217000         ,      20.747,      10.661,       1.813,       6.037
 218000         ,      22.608,       9.700,       1.193,       5.876
 219000         ,      21.952,      11.046,       2.112,       6.710
 220000         ,      22.752,       9.342,       1.267,       7.530
 221000         ,      20.737,       9.854,       0.960,       6.440
 222000         ,      20.648,      10.472,       0.770,       7.028
 223000         ,      19.735,       9.001,       0.449,       6.312
 224000         ,      16.464,      11.067,       0.694,       9.189
 225000         ,      22.439,       9.114,       1.110,       5.736
 226000         ,      17.963,      10.172,       0.433,       8.373
 227000         ,      17.488,       9.346,       0.623,       7.329
 228000         ,      20.632,       8.424,       0.753,       6.438
 229000         ,      17.464,       9.015,       0.630,       7.260
 230000         ,      16.827,      10.748,       0.481,       7.843
 231000         ,      16.163,      11.056,       0.759,       7.961
 232000         ,      20.618,       9.080,       0.739,       5.954
 233000         ,      23.648,       8.922,       0.951,       5.961
 234000         ,      22.785,       8.319,       1.038,       4.997
 235000         ,      17.967,      10.777,       0.769,       7.332
 236000         ,      17.634,       9.929,       0.535,       7.640
 237000         ,      19.459,       9.484,       0.930,       6.305
 238000         ,      20.347,       9.202,       0.478,       6.719
 239000         ,      19.636,       8.403,       0.835,       5.772
 240000         ,      21.693,       8.788,       0.473,       6.757
 241000         ,      19.286,       9.577,       0.433,       7.101
 242000         ,      21.177,       8.575,       1.042,       5.242
 243000         ,      19.071,      10.678,       0.540,       7.444
 244000         ,      20.892,       8.426,       0.698,       6.622
 245000         ,      18.232,       8.358,       0.912,       6.269
 246000         ,      21.900,       7.479,       0.732,       5.532
 247000         ,      22.770,       8.582,       0.880,       5.854
 248000         ,      20.953,       9.005,       0.876,       6.028
 249000         ,      20.455,       9.467,       0.747,       6.381
 250000         ,      15.081,      12.254,       0.621,       9.557
 251000         ,      16.022,      10.527,       0.760,       7.755
 252000         ,      20.009,      10.017,       0.481,       6.865
 253000         ,      20.197,       8.270,       0.835,       6.389
 254000         ,      19.864,       9.736,       1.151,       7.588
 255000         ,      20.395,       8.975,       0.521,       7.036
 256000         ,      22.118,      10.077,       0.655,       6.831
 257000         ,      19.004,       9.998,       0.641,       7.154
 258000         ,      16.251,      10.080,       0.674,       8.952
 259000         ,      17.639,       9.304,       0.722,       6.954
 260000         ,      19.777,       8.183,       0.612,       5.670
 261000         ,      21.906,       8.270,       0.640,       6.781
 262000         ,      14.464,      12.181,       0.744,      10.268
 263000         ,      20.401,       9.040,       0.849,       7.047
 264000         ,      21.854,       9.087,       0.530,       7.334
 265000         ,      19.363,      10.285,       0.614,       7.214
 266000         ,      20.183,       8.774,       0.735,       6.646
 267000         ,      23.011,       9.570,       0.578,       6.769
 268000         ,      19.524,       8.801,       0.487,       6.652
 269000         ,      20.816,       8.831,       0.653,       6.507
 270000         ,      16.341,      11.730,       0.716,       8.910
 271000         ,      21.416,       8.920,       0.785,       6.374
 272000         ,      16.492,      10.081,       0.559,       7.950
 273000         ,      15.770,      11.747,       0.945,       8.758
 274000         ,      17.144,      10.394,       0.233,       8.250
 275000         ,      21.899,       7.916,       0.787,       5.546
 276000         ,      23.873,       9.801,       1.267,       5.724
 277000         ,      18.870,       8.747,       1.053,       5.975
 278000         ,      19.111,      11.386,       0.667,       7.591
 279000         ,      19.766,       7.906,       0.654,       5.572
 280000         ,      19.145,       9.394,       0.972,       6.318
 281000         ,      16.482,      10.067,       0.496,       7.422
 282000         ,      19.878,       8.876,       0.422,       6.982
 283000         ,      16.181,      10.293,       0.852,       7.568
 284000         ,      18.502,       9.338,       0.221,       7.171
 285000         ,      18.584,      10.182,       0.423,       7.526
 286000         ,      21.441,       8.846,       0.915,       6.394
 287000         ,      22.726,       9.342,       1.298,       5.995
 288000         ,      22.425,      10.468,       0.946,       7.242
 289000         ,      20.419,       8.756,       0.754,       6.125
 290000         ,      19.352,       9.950,       0.820,       7.011
 291000         ,      22.834,       7.164,       0.927,       4.657
 292000         ,      22.151,       7.828,       1.181,       5.718
 293000         ,      20.087,      10.357,       0.594,       7.804
 294000         ,      19.668,      10.776,       0.944,       6.650
 295000         ,      22.306,       8.059,       0.780,       5.752
 296000         ,      17.479,       8.919,       0.586,       7.339
 297000         ,      19.942,      10.204,       0.717,       6.975
 298000         ,      17.884,      10.279,       0.670,       8.090
 299000         ,      20.152,       9.752,       0.604,       6.526
 300000         ,      17.002,      11.615,       0.696,       8.511
 301000         ,      17.517,       9.593,       0.116,       8.146
 302000         ,      15.866,      12.094,       0.709,       9.784
 303000         ,      16.704,      10.137,       0.578,       7.925
 304000         ,      18.232,      11.302,       0.346,       9.243
 305000         ,      21.819,      13.231,       1.934,       9.165
 306000         ,      18.370,      10.178,       0.684,       7.629
 307000         ,      21.027,       9.484,       0.619,       7.675
 308000         ,      20.855,      10.301,       0.634,       6.937
 309000         ,      20.170,       9.454,       0.878,       6.932
 310000         ,      20.751,       8.521,       0.722,       5.817
 311000         ,      21.324,       9.642,       0.862,       6.964
 312000         ,      18.487,      10.013,       0.691,       8.063
 313000         ,      19.489,       9.516,       0.515,       7.741
 314000         ,      20.754,       9.088,       0.651,       6.126
 315000         ,      18.802,       9.179,       0.545,       6.465
 316000         ,      18.606,       9.624,       0.618,       7.972
 317000         ,      21.078,       9.553,       0.626,       6.564
 318000         ,      20.242,      10.712,       0.991,       7.619
 319000         ,      21.782,       8.615,       0.763,       6.035
 320000         ,      18.781,      10.081,       0.483,       7.385
 321000         ,      20.483,       9.664,       0.746,       6.567
 322000         ,      13.615,      13.343,       1.492,      10.430
 323000         ,      19.524,       9.397,       0.190,       7.790
 324000         ,      22.199,       9.459,       0.894,       5.914
 325000         ,      19.735,      11.242,       0.991,       6.853
 326000         ,      18.532,      10.930,       0.824,       7.188
 327000         ,      16.646,      13.188,       1.206,       8.747
 328000         ,      18.136,      10.842,       0.575,       7.853
 329000         ,      19.561,      10.169,       0.692,       7.022
 330000         ,      17.998,       9.510,       0.366,       7.082
 331000         ,      21.952,       8.279,       0.615,       6.374
 332000         ,      20.148,       8.489,       1.232,       6.720
 333000         ,      13.822,      12.356,       0.892,      10.143
 334000         ,      24.600,       7.569,       1.206,       4.353
 335000         ,      19.752,       8.543,       0.715,       6.055
 336000         ,      21.741,       8.381,       0.563,       5.591
 337000         ,      21.405,       8.823,       0.732,       6.515
 338000         ,      16.703,      10.939,       1.044,       7.852
 339000         ,      18.254,      10.626,       0.574,       8.495
 340000         ,      16.753,       9.105,       0.734,       7.926
 341000         ,      20.267,       9.189,       0.443,       7.015
 342000         ,      21.089,       9.469,       0.804,       6.110
 343000         ,      18.941,      10.040,       0.757,       7.270
 344000         ,      19.806,      10.487,       1.091,       6.407
 345000         ,      21.297,       9.400,       1.043,       5.861
 346000         ,      22.259,       9.703,       1.088,       5.576
 347000         ,      21.009,      10.444,       0.841,       7.265
 348000         ,      21.686,       8.289,       0.728,       5.603
 349000         ,      19.924,      11.387,       1.198,       7.742
 350000         ,      18.912,      10.979,       0.585,       7.886
 351000         ,      21.179,      10.247,       1.248,       6.372
 352000         ,      18.312,      10.082,       0.459,       7.400
 353000         ,      19.384,       9.305,       0.490,       6.567
 354000         ,      19.944,       8.719,       0.871,       5.764
 355000         ,      20.780,       8.202,       0.626,       6.073
 356000         ,      17.939,       9.126,       0.480,       6.811
 357000         ,      22.922,       9.145,       0.654,       6.915
 358000         ,      22.411,       9.110,       1.174,       5.532
 359000         ,      16.014,      10.583,       1.286,       7.347
 360000         ,      15.816,      10.105,       0.505,       8.419
 361000         ,      19.881,       8.712,       0.558,       7.174
 362000         ,      15.842,      11.106,       0.466,       9.640
 363000         ,      21.604,      10.288,       0.943,       6.554
 364000         ,      21.445,       8.592,       0.589,       5.732
 365000         ,      17.363,      10.659,       0.472,       7.919
 366000         ,      15.914,      11.786,       1.456,       7.909
 367000         ,      17.992,      10.986,       0.400,       8.356
 368000         ,      17.487,      12.396,       1.390,       8.323
 369000         ,      17.448,      13.175,       0.967,       9.155
 370000         ,      21.877,       8.937,       1.556,       4.733
 371000         ,      17.537,      10.066,       0.348,       7.525
 372000         ,      23.791,       7.485,       0.996,       5.291
 373000         ,      17.160,       9.262,       0.517,       7.040
 374000         ,      21.101,      10.139,       0.521,       7.155
 375000         ,      19.674,       9.694,       1.001,       6.200
 376000         ,      22.499,       8.820,       0.988,       5.732
 377000         ,      21.694,       8.185,       0.521,       6.161
 378000         ,      21.619,       7.675,       0.916,       5.767
 379000         ,      19.434,       9.553,       0.307,       7.533
 380000         ,      23.407,       8.935,       1.137,       5.317
 381000         ,      23.657,       9.315,       1.404,       6.424
 382000         ,      21.208,      10.529,       0.823,       6.824
 383000         ,      19.422,       9.846,       0.989,       6.360
 384000         ,      20.076,      11.169,       0.787,       7.462
 385000         ,      18.805,      10.749,       0.851,       7.570
 386000         ,      19.948,       9.909,       0.593,       7.046
 387000         ,      20.236,       7.761,       0.698,       6.770
 388000         ,      18.324,       9.702,       0.777,       7.365
 389000         ,      18.374,      11.747,       0.651,       8.188
 390000         ,      19.830,      11.318,       1.377,       6.905
 391000         ,      20.019,      10.219,       0.579,       7.227
 392000         ,      16.461,      11.845,       0.694,       8.620
 393000         ,      18.482,       9.538,       0.360,       7.152
 394000         ,      17.237,      10.275,       0.363,       8.087
 395000         ,      17.398,       9.942,       0.922,       7.533
 396000         ,      20.231,      10.451,       0.736,       7.270
 397000         ,      18.209,      11.102,       0.902,       7.349
 398000         ,      20.600,       9.288,       0.803,       5.772
 399000         ,      19.762,      10.818,       0.571,       8.524
 400000         ,      22.276,       8.280,       0.931,       6.041
 401000         ,      14.307,      11.512,       0.660,       9.504
 402000         ,      20.086,      10.671,       0.474,       7.425
 403000         ,      18.563,       9.630,       0.641,       6.615
 404000         ,      18.770,      10.565,       0.818,       8.065
 405000         ,      17.999,      11.286,       0.544,       7.880
 406000         ,      18.633,      10.004,       0.597,       7.340
 407000         ,      21.762,      11.169,       1.498,       8.472
 408000         ,      19.824,      10.628,       0.711,       7.797
 409000         ,      21.692,       8.988,       0.727,       5.556
 410000         ,      21.017,      10.342,       0.704,       8.260
 411000         ,      20.964,      10.251,       0.551,       7.140
 412000         ,      19.590,      10.252,       0.910,       7.630
 413000         ,      17.601,      11.150,       0.614,       7.751
 414000         ,      21.394,      12.097,       1.061,       8.091
 415000         ,      16.887,      10.795,       0.946,       7.466
 416000         ,      18.907,      12.215,       1.065,       7.955
 417000         ,      18.049,      10.720,       0.721,       7.903
 418000         ,      19.365,      11.361,       0.969,       7.134
 419000         ,      17.206,      10.627,       0.562,       8.665
 420000         ,      21.305,      11.057,       0.665,       7.276
 421000         ,      22.961,       9.148,       1.016,       5.707
 422000         ,      18.775,      11.665,       0.978,       7.650
 423000         ,      18.190,       9.941,       0.641,       7.301
 424000         ,      18.366,      11.276,       0.802,       9.031
 425000         ,      20.992,       9.896,       1.112,       6.200
 426000         ,      17.465,       8.524,       0.996,       6.452
 427000         ,      19.545,      10.504,       0.890,       6.561
 428000         ,      16.481,       9.078,       1.126,       6.926
 429000         ,      22.477,       9.668,       0.697,       6.751
 430000         ,      22.652,       9.955,       1.057,       6.225
 431000         ,      24.295,       8.583,       1.092,       5.764
 432000         ,      19.843,      10.063,       0.430,       6.962
 433000         ,      18.864,       8.643,       0.499,       6.696
 434000         ,      18.273,      11.530,       0.825,       8.148
 435000         ,      18.310,       9.465,       0.889,       6.379
 436000         ,      22.899,       8.696,       0.983,       4.843
 437000         ,      16.377,      12.287,       0.710,       9.041
 438000         ,      15.613,      11.475,       0.825,       8.721
 439000         ,      22.986,      11.336,       1.054,       7.353
 440000         ,      20.031,       8.795,       0.933,       6.535
 441000         ,      19.354,      10.552,       0.440,       7.452
 442000         ,      19.579,       8.364,       0.638,       6.291
 443000         ,      19.965,      12.205,       0.634,       8.514
 444000         ,      17.001,      10.714,       0.497,       7.943
 445000         ,      20.798,       9.798,       0.723,       6.617
 446000         ,      19.162,      10.339,       1.281,       6.342
 447000         ,      17.928,      11.735,       1.139,       7.861
 448000         ,      18.860,      10.330,       0.634,       7.157
 449000         ,      17.794,      10.985,       0.738,       7.687
 450000         ,      20.583,      11.177,       1.283,       6.568
 451000         ,      19.358,       8.366,       0.797,       6.070
 452000         ,      13.944,      11.671,       1.252,       8.649
 453000         ,      20.191,      11.154,       0.572,       8.712
 454000         ,      18.099,      10.437,       0.406,       7.733
 455000         ,      20.588,       8.791,       0.448,       6.494
 456000         ,      21.622,      10.335,       1.135,       6.016
 457000         ,      18.100,      10.830,       1.000,       7.507
 458000         ,      20.313,       8.157,       0.574,       7.051
 459000         ,      20.746,      10.494,       0.849,       7.788
 460000         ,      19.317,      10.511,       0.659,       8.182
 461000         ,      18.356,       9.739,       0.708,       6.926
 462000         ,      18.271,      11.962,       0.683,       8.778
 463000         ,      17.153,      10.092,       0.944,       7.088
 464000         ,      19.224,      11.205,       0.824,       7.940
 465000         ,      17.466,      12.178,       0.513,       8.911
 466000         ,      21.492,       9.329,       1.234,       6.233
 467000         ,      20.169,      10.401,       0.424,       8.466
 468000         ,      19.447,      10.000,       0.620,       7.083
 469000         ,      19.740,       9.262,       0.724,       6.020
 470000         ,      21.340,      10.012,       1.476,       5.564
 471000         ,      19.721,      11.076,       0.687,       8.049
 472000         ,      18.104,      10.735,       0.659,       8.268
 473000         ,      19.766,      10.084,       0.396,       8.040
 474000         ,      19.453,      11.480,       0.656,       8.199
 475000         ,      20.051,      10.647,       0.861,       6.618
 476000         ,      19.398,      10.281,       0.925,       6.602
 477000         ,      16.466,       9.547,       0.961,       7.307
 478000         ,      19.870,      11.805,       1.257,       7.871
 479000         ,      19.725,       9.315,       0.718,       6.194
 480000         ,      21.434,       9.258,       0.920,       5.625
 481000         ,      20.754,      10.253,       0.940,       6.413
 482000         ,      18.804,      10.190,       0.623,       7.133
 483000         ,      17.368,      10.247,       0.703,       7.176
 484000         ,      20.303,       8.445,       0.806,       5.573
 485000         ,      21.483,       9.942,       0.525,       6.943
 486000         ,      18.169,       9.760,       0.489,       7.561
 487000         ,      18.278,       9.778,       0.504,       7.633
 488000         ,      19.764,      10.628,       0.626,       7.912
 489000         ,      19.521,      10.424,       0.431,       7.732
 490000         ,      23.343,       7.952,       0.736,       5.643
 491000         ,      19.750,      11.219,       0.923,       7.016
 492000         ,      21.326,       8.598,       0.650,       6.661
 493000         ,      20.799,      10.559,       0.505,       7.534
 494000         ,      21.834,       8.140,       0.696,       6.350
 495000         ,      16.958,      10.009,       0.463,       7.694
 496000         ,      18.591,      10.704,       0.286,       8.842
 497000         ,      21.722,       8.483,       1.096,       4.923
 498000         ,      19.863,       9.670,       1.140,       6.618
 499000         ,      20.037,      10.488,       0.614,       7.273
 500000         ,      16.770,      11.617,       1.206,       7.975
 501000         ,      21.503,       7.055,       0.923,       5.357
 502000         ,      20.897,       9.509,       0.331,       7.134
 503000         ,      20.904,       7.611,       1.039,       5.451
 504000         ,      19.941,       9.116,       0.723,       6.296
 505000         ,      17.252,      10.809,       0.661,       7.607
 506000         ,      20.225,      11.135,       0.936,       7.214
 507000         ,      21.532,       9.883,       0.736,       6.462
 508000         ,      19.529,       8.852,       0.546,       6.451
 509000         ,      17.772,       9.302,       0.940,       6.621
 510000         ,      16.417,      10.948,       0.422,       9.199
 511000         ,      25.561,       8.334,       1.181,       5.726
 512000         ,      20.099,       9.010,       0.523,       6.538
 513000         ,      19.244,      10.051,       0.804,       6.669
 514000         ,      17.481,      11.308,       0.877,       7.869
 515000         ,      20.743,       8.536,       0.671,       6.408
 516000         ,      19.744,       9.933,       0.953,       6.185
 517000         ,      18.691,      10.011,       0.866,       7.332
 518000         ,      17.490,      11.247,       0.468,       8.689
 519000         ,      21.099,       9.870,       0.842,       6.279
 520000         ,      16.087,      13.376,       1.225,       9.514
 521000         ,      17.292,       9.974,       0.512,       7.641
 522000         ,      17.149,       9.417,       0.311,       7.588
 523000         ,      20.239,      10.243,       0.447,       7.139
 524000         ,      17.677,       9.758,       0.732,       8.427
 525000         ,      17.173,      10.073,       0.746,       7.310
 526000         ,      19.026,      10.543,       0.536,       7.589
 527000         ,      22.974,      11.334,       1.427,       6.664
 528000         ,      18.484,      11.443,       1.128,       7.499
 529000         ,      18.539,      11.966,       0.904,       7.655
 530000         ,      18.972,      10.437,       0.531,       7.086
 531000         ,      21.669,       8.817,       0.916,       5.469
 532000         ,      18.130,       9.496,       0.477,       6.751
 533000         ,      16.679,      12.115,       1.095,       8.606
 534000         ,      17.137,      10.651,       0.477,       8.261
 535000         ,      17.336,      13.050,       0.939,       8.952
 536000         ,      22.587,       9.051,       0.859,       6.094
 537000         ,      18.377,      10.030,       1.088,       6.655
 538000         ,      19.896,      11.338,       0.486,       8.213
 539000         ,      20.536,       9.160,       0.520,       6.801
 540000         ,      21.127,       9.737,       0.590,       7.283
 541000         ,      19.335,      10.887,       0.576,       7.483
 542000         ,      21.295,       8.294,       0.874,       5.647
 543000         ,      19.362,       9.902,       0.724,       6.623
 544000         ,      17.526,      10.537,       1.194,       6.796
 545000         ,      19.331,       9.721,       0.327,       7.444
 546000         ,      16.925,      10.052,       0.838,       7.354
 547000         ,      17.646,      11.000,       0.993,       7.377
 548000         ,      18.996,      10.787,       0.760,       7.375
 549000         ,      19.608,       9.101,       0.547,       6.404
 550000         ,      16.963,      11.104,       0.564,       8.504
 551000         ,      17.500,      10.524,       0.839,       7.103
 552000         ,      16.777,       9.967,       0.466,       7.943
 553000         ,      21.130,      10.240,       1.068,       6.525
 554000         ,      19.026,      12.298,       1.115,       7.777
 555000         ,      19.974,       9.306,       0.420,       7.124
 556000         ,      17.428,       9.796,       0.672,       7.307
 557000         ,      19.406,      10.849,       0.954,       7.733
 558000         ,      19.544,       9.271,       0.683,       6.106
 559000         ,      23.623,       7.777,       1.078,       5.216
 560000         ,      23.367,       8.679,       1.126,       5.636
 561000         ,      22.451,       8.909,       0.996,       5.751
 562000         ,      20.951,       8.573,       0.852,       6.161
 563000         ,      17.642,      11.191,       0.557,       8.878
 564000         ,      22.874,       8.608,       1.103,       5.764
 565000         ,      21.849,       8.927,       1.164,       5.490
 566000         ,      22.219,       7.533,       0.717,       5.938
 567000         ,      21.295,      10.013,       0.760,       6.668
 568000         ,      23.674,       7.597,       1.320,       5.129
 569000         ,      19.838,      10.544,       0.568,       7.800
 570000         ,      18.043,      10.650,       0.763,       7.733
 571000         ,      20.893,      10.074,       0.692,       7.392
 572000         ,      21.707,       9.543,       0.829,       6.185
 573000         ,      22.562,       9.527,       0.909,       6.292
 574000         ,      20.289,       9.464,       0.811,       6.485
 575000         ,      18.971,      11.043,       0.404,       7.611
 576000         ,      17.054,      12.314,       0.664,       9.023
 577000         ,      18.379,      10.254,       0.767,       6.996
 578000         ,      17.639,      10.046,       0.605,       7.141
 579000         ,      20.512,      10.582,       0.779,       7.400
 580000         ,      19.619,      10.621,       0.804,       6.895
 581000         ,      19.859,      11.717,       1.162,       7.431
 582000         ,      17.051,      10.038,       0.565,       8.172
 583000         ,      17.954,      11.819,       0.673,       8.359
 584000         ,      17.524,      10.673,       0.398,       7.852
 585000         ,      21.465,       7.195,       0.805,       6.023
 586000         ,      18.992,      10.319,       0.794,       6.885
 587000         ,      20.439,      10.540,       1.070,       6.635
 588000         ,      21.309,       9.279,       0.883,       6.891
 589000         ,      19.192,       9.575,       0.423,       7.811
 590000         ,      19.838,      10.769,       0.634,       8.628
 591000         ,      18.158,      10.383,       0.711,       7.715
 592000         ,      22.449,       7.487,       0.706,       5.913
 593000         ,      24.179,       8.089,       0.998,       5.752
 594000         ,      22.614,       7.907,       0.939,       5.232
 595000         ,      18.777,       9.876,       0.836,       7.475
 596000         ,      16.605,      10.575,       0.817,       8.186
 597000         ,      19.432,      10.080,       0.670,       7.062
 598000         ,      17.205,       9.414,       0.745,       6.810
 599000         ,      21.305,       8.898,       0.669,       6.315
 600000         ,      20.002,       9.113,       0.651,       6.389
 601000         ,      20.683,       9.232,       0.699,       6.289
 602000         ,      24.047,       7.744,       1.110,       5.341
 603000         ,      18.974,      11.376,       0.758,       8.384
 604000         ,      22.800,      10.915,       1.198,       6.964
 605000         ,      23.503,       7.330,       1.571,       4.360
 606000         ,      23.477,       8.064,       1.067,       6.550
 607000         ,      21.170,       9.903,       1.176,       6.457
 608000         ,      19.614,      12.374,       1.682,       7.647
 609000         ,      24.136,       9.172,       1.297,       5.343
 610000         ,      22.706,       8.426,       1.049,       5.981
 611000         ,      24.100,       8.375,       1.657,       5.542
 612000         ,      21.184,      11.564,       1.169,       7.372
 613000         ,      21.882,      11.179,       1.901,       6.859
 614000         ,      24.151,      10.047,       1.616,       6.941
 615000         ,      20.916,      11.189,       1.050,       8.096
 616000         ,      20.864,      10.201,       0.925,       7.068
 617000         ,      22.517,       8.807,       1.016,       6.530
 618000         ,      21.767,      10.288,       1.326,       5.909
 619000         ,      19.752,      10.281,       0.788,       7.143
 620000         ,      23.000,       8.421,       1.170,       5.470
 621000         ,      15.662,       9.980,       0.657,       8.692
 622000         ,      21.498,      10.381,       1.050,       7.156
 623000         ,      23.105,       8.970,       1.111,       6.679
 624000         ,      24.341,       7.207,       1.429,       5.652
 625000         ,      19.052,      10.441,       0.727,       7.160
 626000         ,      21.270,       9.989,       0.651,       6.903
 627000         ,      22.851,       8.506,       1.660,       4.821
 628000         ,      18.108,       8.719,       0.585,       7.296
 629000         ,      20.661,       9.441,       1.016,       5.824
 630000         ,      23.385,       9.600,       1.176,       5.601
 631000         ,      19.874,      10.812,       1.993,       7.113
 632000         ,      20.583,      10.819,       0.613,       7.832
 633000         ,      23.044,       9.091,       0.868,       6.225
 634000         ,      23.540,      10.023,       1.976,       6.423
 635000         ,      21.797,       9.139,       1.208,       5.876
 636000         ,      20.404,      11.080,       1.419,       7.253
 637000         ,      20.813,       9.959,       0.729,       6.847
 638000         ,      21.528,       8.991,       1.168,       5.873
 639000         ,      24.032,       9.067,       1.667,       5.912
 640000         ,      20.241,       8.998,       0.854,       5.968
 641000         ,      22.593,       8.332,       1.025,       5.246
 642000         ,      25.699,       9.513,       2.293,       6.379
 643000         ,      22.863,       8.345,       1.018,       5.598
 644000         ,      23.158,       9.443,       2.179,       5.720
 645000         ,      21.088,      10.260,       1.375,       6.371
 646000         ,      18.392,       9.354,       0.861,       7.029
 647000         ,      21.904,       9.917,       1.480,       5.685
 648000         ,      19.834,       8.969,       0.520,       6.459
 649000         ,      19.988,      10.019,       0.709,       6.482
 650000         ,      22.214,       9.032,       1.055,       6.458
 651000         ,      18.861,      10.669,       0.742,       7.532
 652000         ,      24.099,       8.854,       1.303,       5.330
 653000         ,      22.622,       9.400,       1.100,       5.571
 654000         ,      18.557,      10.229,       0.380,       7.717
 655000         ,      22.761,      11.208,       1.691,       7.186
 656000         ,      19.856,       9.489,       0.793,       6.505
 657000         ,      26.637,       8.261,       1.804,       4.812
 658000         ,      22.822,       8.556,       0.790,       5.739
 659000         ,      22.102,       9.856,       0.847,       6.446
 660000         ,      25.258,       9.876,       1.914,       5.552
 661000         ,      22.203,      10.292,       1.184,       6.567
 662000         ,      20.730,      10.066,       1.132,       6.466
 663000         ,      22.964,       8.118,       1.403,       5.531
 664000         ,      24.128,       9.551,       2.304,       6.355
 665000         ,      19.834,       9.935,       0.810,       7.605
 666000         ,      18.297,       9.883,       0.443,       7.474
 667000         ,      21.236,       9.747,       0.923,       6.704
 668000         ,      26.868,       9.089,       2.419,       5.860
 669000         ,      21.728,      10.059,       1.708,       6.190
 670000         ,      20.451,       9.508,       0.721,       6.709
 671000         ,      20.315,      11.343,       1.030,       7.138
 672000         ,      20.701,       9.581,       0.691,       6.690
 673000         ,      21.182,       9.976,       1.492,       5.870
 674000         ,      23.344,       8.186,       1.739,       5.401
 675000         ,      20.624,      10.225,       0.951,       6.210
 676000         ,      20.033,       9.685,       0.708,       6.422
 677000         ,      22.182,      10.405,       1.986,       5.580
 678000         ,      23.188,       8.283,       0.928,       5.794
 679000         ,      18.739,      10.462,       0.331,       8.276
 680000         ,      14.797,      11.504,       0.670,       9.489
 681000         ,      23.301,       9.545,       1.356,       5.691
 682000         ,      18.921,       9.758,       0.783,       6.782
 683000         ,      19.280,      10.386,       0.446,       7.506
 684000         ,      18.551,      11.782,       0.851,       8.300
 685000         ,      16.303,      11.341,       1.035,       7.581
 686000         ,      17.705,      11.840,       0.679,       8.956
 687000         ,      15.906,      10.300,       0.363,       8.768
 688000         ,      20.758,       9.796,       0.914,       6.477
 689000         ,      19.993,       9.426,       0.660,       6.873
 690000         ,      18.924,       8.959,       0.856,       6.485
 691000         ,      18.252,       9.870,       0.611,       6.999
 692000         ,      19.365,      10.567,       0.829,       7.658
 693000         ,      18.761,       9.942,       0.691,       7.279
 694000         ,      17.003,      10.720,       0.570,       8.884
 695000         ,      19.632,      11.297,       0.996,       8.115
 696000         ,      20.404,      10.166,       0.764,       7.404
 697000         ,      17.290,       9.989,       0.604,       7.532
 698000         ,      21.249,       9.769,       1.192,       6.528
 699000         ,      17.795,       9.255,       0.443,       6.791
 700000         ,      14.747,      11.907,       1.012,       9.806
 701000         ,      19.469,       9.592,       0.572,       6.360
 702000         ,      19.953,       8.907,       0.818,       6.220
 703000         ,      21.607,       8.427,       0.655,       6.229
 704000         ,      20.570,       9.468,       0.938,       6.905
 705000         ,      22.396,       8.667,       0.533,       6.053
 706000         ,      16.691,      11.265,       0.558,       8.501
 707000         ,      15.952,      10.731,       0.447,       8.779
 708000         ,      20.167,       9.841,       0.883,       6.847
 709000         ,      18.153,      10.664,       0.676,       7.532
 710000         ,      17.476,       9.780,       0.518,       7.035
 711000         ,      21.430,       9.772,       0.522,       7.652
 712000         ,      17.570,       9.863,       0.413,       7.717
 713000         ,      16.753,       9.450,       0.435,       7.365
 714000         ,      21.491,       9.877,       0.618,       7.553
 715000         ,      18.670,      12.203,       0.786,       8.434
 716000         ,      21.257,       8.229,       0.610,       6.261
 717000         ,      18.563,      10.084,       0.530,       7.498
 718000         ,      13.050,      15.437,       2.252,      10.942
 719000         ,      17.826,      10.639,       0.856,       7.718
 720000         ,      15.928,      11.454,       0.815,       9.817
 721000         ,      17.250,      11.231,       0.634,       8.034
 722000         ,      19.591,      10.862,       0.456,       8.649
 723000         ,      17.351,      10.204,       0.419,       8.024
 724000         ,      18.248,       9.836,       0.409,       8.146
 725000         ,      18.319,       9.897,       0.331,       7.790
 726000         ,      20.202,       9.231,       0.692,       7.052
 727000         ,      15.704,      10.690,       0.265,       9.515
 728000         ,      20.019,       8.400,       0.501,       5.904
 729000         ,      17.080,      12.185,       0.784,       8.320
 730000         ,      14.330,      11.191,       0.803,       9.385
 731000         ,      15.974,      11.002,       0.667,       8.410
 732000         ,      18.539,      10.505,       0.407,       8.299
 733000         ,      18.379,       8.793,       0.244,       7.314
 734000         ,      16.550,      10.596,       0.683,       9.161
 735000         ,      15.787,      11.174,       0.661,       8.409
 736000         ,      14.720,       9.568,       0.737,       8.128
 737000         ,      21.172,       7.817,       1.161,       6.276
 738000         ,      17.805,      10.418,       0.571,       8.647
 739000         ,      19.147,      10.159,       0.705,       6.863
 740000         ,      19.129,       7.082,       0.674,       6.008
 741000         ,      18.304,      10.167,       0.497,       7.959
 742000         ,      20.382,       9.050,       0.517,       7.127
 743000         ,      21.540,       9.038,       0.972,       5.385
 744000         ,      17.158,      10.727,       0.190,       8.737
 745000         ,      14.505,      11.001,       0.682,       9.187
 746000         ,      19.368,      11.016,       1.113,       6.500
 747000         ,      19.202,       9.164,       0.515,       7.095
 748000         ,      23.030,       8.515,       1.065,       5.132
 749000         ,      14.801,      13.680,       0.985,      11.110
 750000         ,      13.027,      15.113,       1.515,      12.543
 751000         ,      16.405,      10.509,       0.943,       7.588
 752000         ,      18.489,      10.151,       0.372,       7.522
 753000         ,      17.609,       9.992,       0.348,       7.466
 754000         ,      19.839,      11.246,       0.857,       8.639
 755000         ,      17.878,       9.721,       0.447,       7.589
 756000         ,      18.269,       9.827,       0.815,       7.158
 757000         ,      17.234,      12.088,       0.849,       8.906
 758000         ,      16.849,       9.594,       0.600,       7.709
 759000         ,      19.150,       9.008,       0.419,       7.069
 760000         ,      16.452,      11.272,       0.443,       9.211
 761000         ,      19.504,      10.616,       0.857,       7.278
 762000         ,      12.657,      13.429,       1.324,      10.529
 763000         ,      17.596,       8.785,       0.900,       6.980
 764000         ,      19.934,       9.436,       0.733,       6.206
 765000         ,      20.928,      10.266,       1.332,       6.498
 766000         ,      15.606,       9.502,       1.307,       6.655
 767000         ,      19.637,      11.254,       0.773,       8.403
 768000         ,      13.898,      13.541,       1.037,      11.261
 769000         ,      19.916,      10.676,       0.645,       7.668
 770000         ,      14.748,      11.094,       0.804,       8.657
 771000         ,      13.918,      11.523,       0.966,      10.544
 772000         ,      16.273,      11.847,       0.864,       8.517
 773000         ,      17.167,      11.087,       0.378,       8.861
 774000         ,      19.293,       9.352,       0.825,       6.769
 775000         ,      15.812,      10.557,       0.518,       9.175
 776000         ,      17.424,      10.010,       0.681,       7.438
 777000         ,      18.759,       7.363,       0.630,       6.310
 778000         ,      18.314,      12.110,       0.894,       8.449
 779000         ,      16.045,       9.957,       0.604,       8.393
 780000         ,      18.702,       9.495,       0.751,       6.753
 781000         ,      17.593,      11.556,       0.378,       9.422
 782000         ,      15.838,      10.780,       0.711,       8.884
 783000         ,      16.812,      12.543,       0.634,      10.161
 784000         ,      19.875,       7.863,       0.608,       6.500
 785000         ,      19.860,       9.876,       0.432,       7.130
 786000         ,      15.605,      13.301,       1.171,       9.486
 787000         ,      13.480,      11.948,       0.983,       9.511
 788000         ,      13.246,      14.490,       1.195,      11.411
 789000         ,      12.802,      13.650,       1.129,      11.802
 790000         ,      17.298,      10.520,       0.582,       7.741
 791000         ,      19.594,      10.565,       0.935,       6.745
 792000         ,      20.297,      11.478,       0.595,       8.786
 793000         ,      19.099,       9.846,       0.653,       8.379
 794000         ,      12.931,      12.010,       1.011,      10.301
 795000         ,      18.779,       8.652,       0.506,       6.208
 796000         ,      18.492,       9.808,       0.390,       7.615
 797000         ,      20.156,       9.747,       0.541,       6.444
 798000         ,      16.889,      13.172,       0.702,       9.739
 799000         ,      11.851,      13.285,       1.328,      11.803
 800000         ,      20.564,      10.920,       0.816,       7.032
 801000         ,      17.691,      10.501,       0.412,       8.832
 802000         ,      17.238,      10.774,       0.414,       8.049
 803000         ,      15.230,      11.449,       0.637,       8.763
 804000         ,      18.383,      10.932,       1.262,       6.848
 805000         ,      18.554,      10.098,       0.300,       7.695
 806000         ,      18.332,      11.683,       0.754,       8.855
 807000         ,      18.679,      10.968,       0.577,       9.002
 808000         ,      19.614,       9.441,       0.193,       7.759
 809000         ,      18.702,      10.967,       0.663,       8.370
 810000         ,      19.252,       9.274,       0.427,       7.237
 811000         ,      17.104,      11.684,       0.798,       8.522
 812000         ,      19.383,       8.236,       0.436,       7.235
 813000         ,      18.100,       9.830,       0.383,       7.910
 814000         ,      19.007,      11.037,       0.602,       7.996
 815000         ,      17.378,      11.414,       0.830,       8.509
 816000         ,      20.752,       9.981,       0.978,       6.543
 817000         ,      18.379,       9.896,       0.570,       6.996
 818000         ,      17.448,      10.243,       0.524,       7.738
 819000         ,      19.188,      10.982,       0.390,       8.422
 820000         ,      21.148,       9.701,       0.441,       7.162
 821000         ,      17.468,      11.525,       0.557,       8.301
 822000         ,      17.339,      11.413,       0.576,       9.074
 823000         ,      18.616,      10.218,       0.644,       8.050
 824000         ,      19.038,      10.306,       0.979,       6.522
 825000         ,      19.402,       9.854,       0.489,       8.068
 826000         ,      18.905,      10.046,       0.227,       8.352
 827000         ,      17.450,      11.833,       0.914,       8.125
 828000         ,      22.584,       9.794,       0.501,       7.595
 829000         ,      20.752,       8.506,       0.668,       6.154
 830000         ,      20.432,       7.425,       0.642,       5.354
 831000         ,      22.196,       9.186,       0.822,       6.872
 832000         ,      19.036,      10.771,       0.577,       8.555
 833000         ,      19.694,      10.126,       0.676,       6.828
 834000         ,      20.350,      11.171,       0.908,       6.925
 835000         ,      22.433,       9.500,       0.725,       6.172
 836000         ,      19.799,       9.821,       0.504,       6.770
 837000         ,      15.377,      11.657,       1.128,       8.187
 838000         ,      18.798,       9.067,       0.679,       6.598
 839000         ,      19.667,       9.426,       0.382,       6.569
 840000         ,      16.289,       9.762,       0.922,       6.881
 841000         ,      24.299,       9.071,       1.209,       5.934
 842000         ,      19.551,       8.140,       0.597,       5.875
 843000         ,      13.402,      13.146,       0.896,      11.076
 844000         ,      18.666,      11.202,       0.781,       8.442
 845000         ,      18.983,      10.610,       0.836,       7.190
 846000         ,      20.182,       9.577,       0.969,       6.989
 847000         ,      17.610,      12.103,       0.597,       9.118
 848000         ,      16.456,      12.041,       1.210,       8.325
 849000         ,      22.769,       9.586,       1.170,       5.819
 850000         ,      18.266,       9.932,       0.609,       8.423
 851000         ,      18.287,      10.990,       0.412,       8.280
 852000         ,      15.675,      10.970,       0.846,       8.070
 853000         ,      16.197,      11.428,       0.676,       8.594
 854000         ,      21.509,       7.760,       0.683,       5.411
 855000         ,      24.447,       7.945,       0.993,       5.748
 856000         ,      17.569,      10.342,       0.404,       7.742
 857000         ,      18.943,      11.404,       0.544,       7.941
 858000         ,      14.435,      12.582,       0.711,      11.021
 859000         ,      18.020,      10.968,       0.377,       8.095
 860000         ,      18.384,      10.715,       0.501,       8.517
 861000         ,      18.357,       9.458,       0.620,       7.015
 862000         ,      18.234,      10.549,       0.848,       7.418
 863000         ,      21.685,       9.254,       0.691,       6.548
 864000         ,      18.851,      11.731,       1.093,       7.748
 865000         ,      14.880,      10.399,       0.657,       8.749
 866000         ,      20.626,      10.035,       0.794,       7.352
 867000         ,      14.118,      11.499,       0.792,       9.296
 868000         ,      16.786,      10.484,       0.766,       8.835
 869000         ,      20.095,       9.498,       0.380,       7.714
 870000         ,      22.092,       8.299,       1.068,       5.299
 871000         ,      18.650,       9.240,       0.400,       7.259
 872000         ,      19.104,      11.281,       0.946,       7.768
 873000         ,      18.982,       9.847,       0.727,       7.048
 874000         ,      18.348,      10.175,       0.468,       7.483
 875000         ,      19.933,      10.659,       0.896,       6.770
 876000         ,      20.767,       9.025,       0.585,       7.063
 877000         ,      18.404,      10.356,       0.365,       8.223
 878000         ,      18.485,      10.137,       0.278,       7.746
 879000         ,      16.170,      11.880,       0.662,       8.615
 880000         ,      20.192,      11.048,       0.847,       8.869
 881000         ,      19.778,       8.783,       0.258,       6.171
 882000         ,      17.357,       9.645,       1.026,       6.477
 883000         ,      15.324,      12.541,       0.653,      10.062
 884000         ,      17.638,      11.451,       0.660,       8.930
 885000         ,      19.589,      10.449,       0.372,       7.984
 886000         ,      16.889,      10.608,       0.282,       8.785
 887000         ,      21.173,       9.766,       0.770,       7.132
 888000         ,      19.678,      10.777,       0.913,       7.870
 889000         ,      19.592,       7.870,       0.813,       6.475
 890000         ,      18.909,      10.291,       0.297,       8.216
 891000         ,      18.572,      10.905,       0.443,       8.338
 892000         ,      16.830,      10.762,       0.540,       8.494
 893000         ,      16.782,      10.264,       0.369,       9.044
 894000         ,      22.359,       8.468,       0.763,       6.030
 895000         ,      20.751,      10.989,       1.061,       7.803
 896000         ,      24.628,       7.488,       0.903,       5.347
 897000         ,      21.859,       8.495,       0.742,       6.894
 898000         ,      17.132,       8.610,       0.395,       7.720
 899000         ,      18.060,       9.839,       0.545,       7.199
 900000         ,      15.698,      12.487,       0.813,       9.617
 901000         ,      17.237,      11.977,       0.368,       9.438
 902000         ,      20.755,       8.396,       0.522,       6.114
 903000         ,      18.278,       9.935,       0.331,       8.191
 904000         ,      20.978,       8.771,       0.674,       5.912
 905000         ,      19.098,       9.623,       0.679,       6.951
 906000         ,      17.920,      10.846,       0.994,       7.598
 907000         ,      19.300,      10.496,       1.044,       7.083
 908000         ,      19.141,      12.194,       0.778,       8.230
 909000         ,      13.905,      12.443,       0.795,      10.363
 910000         ,      17.160,      10.355,       0.522,       8.481
 911000         ,      13.701,      11.766,       0.939,      10.633
 912000         ,      16.213,       9.222,       0.511,       8.010
 913000         ,      21.790,       8.429,       0.872,       5.167
 914000         ,      20.799,      10.136,       0.923,       6.678
 915000         ,      20.531,      10.899,       0.678,       8.334
 916000         ,      19.080,       9.257,       0.687,       6.664
 917000         ,      19.217,       9.281,       0.542,       7.269
 918000         ,      20.991,       9.774,       0.666,       7.539
 919000         ,      21.851,       9.726,       0.862,       6.659
 920000         ,      21.340,       8.707,       0.612,       5.792
 921000         ,      14.841,      12.529,       0.652,      10.660
 922000         ,      18.078,      10.351,       0.741,       7.476
 923000         ,      17.031,      11.381,       0.426,       9.746
 924000         ,      17.976,       9.226,       0.731,       6.411
 925000         ,      15.889,      11.572,       0.611,       9.711
 926000         ,      14.325,      11.722,       1.058,       9.079
 927000         ,      15.838,      11.861,       0.518,       9.255
 928000         ,      18.328,       9.184,       0.663,       6.801
 929000         ,      20.113,      10.060,       0.834,       7.209
 930000         ,      18.046,      10.551,       0.707,       7.841
 931000         ,      15.742,      12.492,       1.520,       9.182
 932000         ,      16.364,      10.990,       0.812,       8.218
 933000         ,      16.132,      11.426,       0.885,       8.724
 934000         ,      20.636,       8.482,       0.733,       5.805
 935000         ,      14.823,      11.705,       0.501,      10.009
 936000         ,      16.996,      11.428,       0.499,       8.751
 937000         ,      22.081,       9.256,       0.867,       7.191
 938000         ,      19.856,       9.977,       0.537,       7.231
 939000         ,      19.128,       9.647,       0.619,       7.951
 940000         ,      19.166,       9.894,       0.491,       7.454
 941000         ,      15.047,      10.422,       0.700,       8.535
 942000         ,      18.401,      11.822,       1.171,       8.186
 943000         ,      18.115,       9.643,       0.385,       8.274
 944000         ,      19.321,       8.486,       1.119,       6.181
 945000         ,      17.266,      11.547,       0.770,       8.132
 946000         ,      19.182,      11.944,       0.552,       9.148
 947000         ,      20.340,      10.665,       1.025,       7.344
 948000         ,      13.653,      11.264,       0.750,       9.820
 949000         ,      20.738,       8.492,       0.456,       6.348
 950000         ,      16.965,       9.896,       0.525,       7.256
 951000         ,      19.811,       8.408,       0.991,       6.096
 952000         ,      18.235,       9.171,       0.696,       6.391
 953000         ,      21.173,       9.132,       0.745,       6.214
 954000         ,      16.968,       9.418,       0.657,       7.373
 955000         ,      17.661,       9.883,       0.831,       7.293
 956000         ,      14.540,      12.403,       1.041,       9.330
 957000         ,      15.435,      11.562,       0.447,       9.829
 958000         ,      14.580,      12.075,       1.039,       9.077
 959000         ,      16.818,       9.317,       0.735,       7.093
 960000         ,      19.701,      11.292,       0.913,       7.409
 961000         ,      19.841,       9.153,       0.699,       6.818
 962000         ,      14.360,      11.603,       0.876,       9.901
 963000         ,      18.558,      11.210,       0.720,       8.055
 964000         ,      18.540,      13.111,       0.741,      10.219
 965000         ,      17.814,       8.637,       0.349,       7.662
 966000         ,      17.024,      10.783,       0.560,       8.337
 967000         ,      18.317,      10.109,       0.412,       7.569
 968000         ,      14.953,      12.679,       1.131,       9.498
 969000         ,      18.774,      10.322,       1.054,       6.539
 970000         ,      18.323,      10.474,       0.363,       8.600
 971000         ,      17.425,      12.443,       0.707,       9.655
 972000         ,      17.017,      10.857,       0.883,       7.953
 973000         ,      16.719,      13.058,       0.989,       9.243
 974000         ,      19.227,       8.809,       0.475,       6.929
 975000         ,      21.612,       9.545,       0.720,       7.236
 976000         ,      20.994,       9.792,       0.604,       7.445
 977000         ,      21.579,       8.169,       0.765,       5.955
 978000         ,      17.586,      11.671,       0.710,       8.541
 979000         ,      18.563,      10.712,       0.491,       7.686
 980000         ,      20.736,      10.114,       0.963,       6.034
 981000         ,      14.800,      11.404,       1.132,       8.503
 982000         ,      15.621,      13.031,       0.678,      10.284
 983000         ,      18.124,      10.407,       0.565,       7.191
 984000         ,      21.803,       8.435,       0.672,       5.998
 985000         ,      24.123,       7.585,       2.195,       3.481
 986000         ,      18.366,      10.206,       0.660,       7.199
 987000         ,      20.116,       8.306,       0.598,       6.796
 988000         ,      18.039,       9.617,       0.298,       8.146
 989000         ,      20.595,       8.984,       0.520,       6.155
 990000         ,      20.706,       8.387,       0.852,       5.437
 991000         ,      25.242,       7.199,       1.145,       5.246
 992000         ,      21.955,       9.108,       1.178,       5.901
 993000         ,      16.226,      10.548,       0.836,       7.770
 994000         ,      19.686,      11.228,       0.572,       8.231
 995000         ,      21.709,       8.738,       0.440,       6.298
 996000         ,      20.095,      10.184,       0.718,       7.092
 997000         ,      18.198,      11.150,       0.838,       7.409
 998000         ,      22.351,       9.742,       0.944,       6.220
 999000         ,      22.141,       7.991,       0.738,       5.512
 1000000        ,      16.516,      12.872,       0.696,       9.460
