--------------------------------------------------------------------------------
S H A P E   v2.1         Continuous Shape Measures calculation
(c) 2013  Electronic Structure Group, Universitat de Barcelona
                   Contact:  llunell@ub.edu                   
--------------------------------------------------------------------------------

coordination ZF2 

HP-6            1 D6h   Hexagon                                            
PPY-6           2 C5v   Pentagonal pyramid                                 
OC-6            3 Oh    Octahedron                                         
TPR-6           4 D3h   Trigonal prism                                     
JPPY-6          5 C5v   Johnson pentagonal pyramid J2                      

Structure [ML6 ]         HP-6        PPY-6         OC-6        TPR-6       JPPY-6
 0              ,      31.976,      26.940,       2.353,      14.499,      29.932
 500            ,      33.626,      25.764,       2.753,      13.256,      29.437
 1000           ,      32.276,      26.091,       2.883,      15.229,      28.942
 1500           ,      32.453,      23.393,       2.094,      12.309,      27.047
 2000           ,      32.919,      28.200,       1.428,      15.942,      32.323
 2500           ,      32.866,      25.670,       1.981,      13.812,      30.403
 3000           ,      32.930,      27.256,       2.149,      14.478,      29.703
 3500           ,      32.884,      26.442,       2.585,      14.061,      29.269
 4000           ,      32.948,      25.812,       1.376,      13.948,      30.013
 4500           ,      32.902,      27.082,       2.085,      14.032,      30.817
 5000           ,      32.678,      26.090,       1.801,      13.578,      28.399
 5500           ,      33.363,      28.978,       1.781,      16.687,      32.484
 6000           ,      32.756,      28.218,       1.598,      16.276,      31.542
 6500           ,      31.498,      27.353,       1.804,      15.248,      30.373
 7000           ,      31.096,      28.209,       1.965,      16.260,      30.157
 7500           ,      31.454,      28.488,       1.288,      15.720,      32.136
 8000           ,      31.652,      26.710,       1.741,      13.576,      29.620
 8500           ,      32.335,      27.268,       1.585,      14.379,      30.385
 9000           ,      33.846,      25.119,       1.853,      13.555,      29.513
 9500           ,      33.612,      26.040,       1.540,      15.353,      30.272
 10000          ,      31.901,      27.297,       1.477,      13.806,      29.873
 10500          ,      32.144,      27.225,       1.820,      15.597,      30.270
 11000          ,      33.251,      28.055,       1.344,      16.481,      32.701
 11500          ,      33.865,      26.101,       1.729,      14.405,      30.911
 12000          ,      33.078,      28.120,       1.465,      16.373,      32.305
 12500          ,      33.367,      26.047,       1.904,      15.701,      30.711
 13000          ,      33.239,      28.552,       1.943,      17.259,      31.295
 13500          ,      32.755,      26.189,       1.482,      15.041,      31.065
 14000          ,      33.548,      27.109,       2.029,      15.123,      30.730
 14500          ,      33.836,      27.288,       1.310,      16.030,      31.605
 15000          ,      32.284,      27.469,       1.512,      15.500,      30.784
 15500          ,      32.522,      25.728,       2.003,      14.842,      29.974
 16000          ,      31.285,      23.123,       3.437,      11.955,      25.938
 16500          ,      31.811,      24.864,       1.920,      12.867,      27.903
 17000          ,      31.450,      28.525,       1.322,      16.128,      31.830
 17500          ,      32.926,      26.185,       2.120,      14.244,      29.429
 18000          ,      33.613,      27.759,       1.667,      15.574,      31.901
 18500          ,      33.581,      27.096,       1.455,      16.581,      31.506
 19000          ,      31.506,      28.017,       1.711,      15.877,      30.208
 19500          ,      32.238,      27.863,       1.466,      16.234,      31.691
 20000          ,      33.046,      26.276,       1.725,      14.300,      29.302
 20500          ,      33.739,      24.354,       2.182,      13.215,      28.532
 21000          ,      31.701,      27.665,       1.756,      15.991,      30.489
 21500          ,      32.434,      27.374,       1.782,      16.062,      32.216
 22000          ,      33.035,      27.068,       1.482,      13.869,      30.495
 22500          ,      32.800,      26.262,       1.722,      14.389,      29.754
 23000          ,      30.891,      26.573,       1.942,      14.559,      29.623
 23500          ,      33.750,      27.126,       1.584,      14.978,      31.207
 24000          ,      31.667,      27.577,       2.000,      16.691,      31.182
 24500          ,      31.194,      27.593,       1.987,      16.260,      29.668
 25000          ,      33.126,      28.786,       1.294,      16.458,      32.293
 25500          ,      31.867,      28.276,       1.729,      16.507,      31.998
 26000          ,      33.153,      28.097,       1.690,      16.447,      32.472
 26500          ,      32.448,      26.932,       1.498,      15.627,      30.059
 27000          ,      32.768,      28.039,       2.072,      16.729,      32.361
 27500          ,      33.491,      26.335,       2.008,      14.103,      29.833
 28000          ,      32.885,      27.467,       1.623,      15.093,      31.277
 28500          ,      31.087,      27.036,       1.830,      15.050,      31.034
 29000          ,      31.326,      26.735,       2.047,      15.098,      31.242
 29500          ,      33.629,      26.894,       2.255,      14.462,      31.296
 30000          ,      32.979,      27.371,       1.896,      16.435,      31.932
 30500          ,      32.224,      26.171,       1.287,      15.010,      30.990
 31000          ,      31.963,      26.662,       1.979,      14.325,      29.758
 31500          ,      32.864,      28.657,       1.776,      16.233,      30.938
 32000          ,      32.995,      25.843,       2.223,      15.027,      30.648
 32500          ,      32.889,      28.779,       1.700,      16.761,      32.107
 33000          ,      31.654,      28.314,       1.550,      16.294,      30.743
 33500          ,      31.829,      25.813,       2.132,      14.228,      28.839
 34000          ,      32.864,      28.751,       1.922,      16.871,      31.757
 34500          ,      33.771,      27.574,       1.871,      16.037,      32.250
 35000          ,      31.558,      26.751,       1.694,      14.785,      30.758
 35500          ,      31.767,      26.859,       1.642,      15.278,      29.935
 36000          ,      32.063,      25.593,       1.675,      14.277,      29.899
 36500          ,      31.569,      25.523,       2.895,      14.521,      28.706
 37000          ,      32.032,      27.050,       1.656,      15.560,      29.982
 37500          ,      33.190,      26.756,       2.048,      15.657,      30.742
 38000          ,      29.313,      25.960,       1.770,      14.007,      28.967
 38500          ,      31.866,      27.409,       1.549,      15.148,      30.122
 39000          ,      30.715,      28.409,       1.642,      16.689,      30.754
 39500          ,      31.440,      27.571,       2.512,      15.303,      30.275
 40000          ,      34.028,      25.566,       2.735,      13.535,      30.136
 40500          ,      32.202,      28.323,       1.232,      16.244,      31.528
 41000          ,      32.718,      24.514,       2.882,      12.653,      26.495
 41500          ,      32.571,      25.344,       2.052,      14.102,      28.576
 42000          ,      30.760,      28.468,       1.466,      16.191,      31.588
 42500          ,      31.426,      28.800,       2.072,      16.501,      31.623
 43000          ,      30.790,      26.572,       2.524,      16.208,      29.688
 43500          ,      32.929,      27.697,       1.991,      15.260,      31.172
 44000          ,      31.749,      27.417,       1.610,      16.090,      31.359
 44500          ,      32.789,      25.199,       2.631,      11.434,      29.303
 45000          ,      33.081,      24.353,       1.827,      12.384,      28.862
 45500          ,      33.278,      26.824,       1.630,      14.081,      31.420
 46000          ,      32.717,      26.162,       2.863,      14.960,      29.410
 46500          ,      33.796,      27.032,       1.411,      15.713,      31.208
 47000          ,      32.873,      27.383,       1.813,      16.468,      31.031
 47500          ,      32.809,      26.371,       1.411,      14.808,      30.064
 48000          ,      32.621,      26.023,       2.137,      12.999,      29.926
 48500          ,      33.547,      26.818,       1.487,      14.989,      30.424
 49000          ,      33.400,      25.635,       2.000,      13.647,      29.517
 49500          ,      32.216,      27.881,       1.754,      16.167,      31.539
 50000          ,      29.833,      27.462,       1.727,      15.723,      30.139
 50500          ,      31.365,      27.251,       2.142,      13.885,      29.836
 51000          ,      33.417,      26.595,       1.847,      15.168,      31.515
 51500          ,      32.614,      26.688,       2.068,      14.227,      29.933
 52000          ,      31.648,      26.604,       2.249,      14.214,      29.209
 52500          ,      34.066,      26.206,       2.031,      16.187,      31.139
 53000          ,      32.135,      27.072,       1.746,      14.555,      30.456
 53500          ,      32.667,      26.221,       2.344,      15.095,      30.557
 54000          ,      31.704,      27.409,       2.057,      14.094,      30.106
 54500          ,      33.674,      28.533,       1.524,      16.620,      32.826
 55000          ,      33.179,      28.000,       2.229,      16.297,      32.389
 55500          ,      32.503,      28.040,       1.602,      15.780,      31.498
 56000          ,      33.405,      27.549,       2.090,      15.806,      31.567
 56500          ,      32.616,      27.523,       1.524,      15.878,      30.574
 57000          ,      30.296,      26.652,       2.355,      15.605,      29.156
 57500          ,      34.156,      25.902,       2.141,      15.017,      31.018
 58000          ,      34.069,      26.283,       1.857,      14.496,      30.935
 58500          ,      32.620,      23.247,       2.331,      11.671,      26.122
 59000          ,      32.953,      26.799,       1.502,      15.744,      31.419
 59500          ,      32.308,      28.487,       2.053,      16.796,      32.009
 60000          ,      32.285,      27.085,       2.176,      16.202,      32.335
 60500          ,      32.321,      27.635,       1.450,      14.961,      30.104
 61000          ,      32.319,      26.856,       2.288,      15.883,      29.519
 61500          ,      32.947,      26.060,       1.476,      13.653,      29.639
 62000          ,      32.590,      28.392,       2.165,      16.449,      30.356
 62500          ,      31.568,      27.365,       1.957,      15.597,      30.704
 63000          ,      31.241,      27.332,       1.649,      16.004,      29.653
 63500          ,      32.488,      27.180,       2.133,      15.635,      29.536
 64000          ,      32.525,      27.727,       1.484,      15.013,      30.894
 64500          ,      33.547,      28.189,       1.596,      16.144,      32.812
 65000          ,      31.721,      26.369,       1.861,      14.406,      29.481
 65500          ,      32.074,      26.409,       1.916,      14.403,      29.592
 66000          ,      32.809,      25.703,       1.742,      13.184,      29.425
 66500          ,      33.098,      27.787,       1.911,      15.828,      31.223
 67000          ,      30.442,      26.710,       2.333,      14.576,      29.113
 67500          ,      32.653,      28.211,       1.690,      16.515,      32.016
 68000          ,      32.386,      26.028,       2.147,      14.040,      29.587
 68500          ,      31.030,      27.240,       1.517,      14.544,      30.072
 69000          ,      31.885,      23.590,       2.526,      10.713,      26.320
 69500          ,      32.688,      27.037,       1.236,      16.081,      30.831
 70000          ,      33.336,      27.675,       2.042,      15.926,      30.844
 70500          ,      33.531,      29.067,       2.459,      17.260,      32.215
 71000          ,      32.467,      26.725,       2.715,      15.777,      31.278
 71500          ,      31.350,      28.782,       1.624,      16.850,      31.404
 72000          ,      33.124,      28.283,       2.077,      16.626,      32.108
 72500          ,      33.458,      25.369,       2.072,      15.078,      28.827
 73000          ,      31.085,      28.368,       2.051,      17.014,      30.859
 73500          ,      32.226,      26.793,       2.086,      15.311,      31.151
 74000          ,      33.101,      27.250,       1.754,      16.410,      32.293
 74500          ,      32.820,      26.305,       1.831,      16.217,      30.913
 75000          ,      32.264,      27.688,       1.480,      15.789,      30.072
 75500          ,      33.355,      25.880,       1.489,      15.398,      30.489
 76000          ,      33.763,      26.783,       1.781,      15.532,      30.998
 76500          ,      32.983,      26.998,       1.472,      15.011,      31.574
 77000          ,      33.127,      26.421,       1.824,      14.477,      30.221
 77500          ,      31.598,      27.996,       1.531,      15.361,      30.111
 78000          ,      32.547,      26.282,       1.744,      14.861,      30.946
 78500          ,      31.289,      27.258,       1.795,      15.284,      30.014
 79000          ,      30.668,      28.033,       1.585,      16.668,      31.154
 79500          ,      32.505,      27.021,       1.615,      15.688,      32.126
 80000          ,      34.023,      27.010,       2.503,      15.830,      31.451
 80500          ,      33.513,      28.273,       2.376,      17.168,      32.715
 81000          ,      31.709,      27.950,       1.718,      16.198,      29.948
 81500          ,      33.062,      27.978,       1.643,      15.917,      31.702
 82000          ,      32.551,      27.208,       1.776,      15.724,      30.589
 82500          ,      33.538,      26.756,       1.949,      16.035,      31.236
 83000          ,      31.977,      24.855,       2.460,      14.289,      28.082
 83500          ,      32.635,      28.145,       1.449,      16.581,      31.881
 84000          ,      32.166,      27.772,       1.732,      17.085,      32.660
 84500          ,      32.285,      28.034,       1.792,      15.582,      30.473
 85000          ,      34.173,      27.901,       1.774,      15.649,      32.020
 85500          ,      31.794,      28.837,       2.327,      16.698,      31.059
 86000          ,      31.407,      28.449,       2.051,      16.102,      30.616
 86500          ,      32.488,      27.427,       1.612,      16.161,      30.564
 87000          ,      33.360,      28.005,       1.444,      17.071,      32.741
 87500          ,      31.755,      26.185,       1.835,      15.045,      30.426
 88000          ,      32.527,      27.035,       1.869,      14.078,      30.417
 88500          ,      31.201,      25.813,       2.237,      13.919,      28.162
 89000          ,      33.074,      26.429,       1.623,      14.866,      31.335
 89500          ,      32.290,      26.904,       1.549,      15.014,      31.569
 90000          ,      32.591,      28.766,       1.724,      17.293,      32.183
 90500          ,      33.010,      25.685,       1.827,      14.040,      29.478
 91000          ,      33.221,      25.987,       1.562,      15.580,      30.139
 91500          ,      32.338,      27.415,       2.009,      15.748,      31.891
 92000          ,      33.080,      27.003,       1.751,      15.824,      31.272
 92500          ,      31.703,      28.468,       1.993,      17.261,      31.834
 93000          ,      31.323,      26.979,       2.186,      14.793,      30.291
 93500          ,      32.375,      26.062,       1.700,      15.703,      30.772
 94000          ,      30.408,      27.649,       1.938,      16.434,      29.356
 94500          ,      33.223,      27.969,       1.239,      16.359,      32.525
 95000          ,      32.138,      26.430,       2.239,      14.332,      29.518
 95500          ,      32.521,      28.413,       1.875,      16.498,      31.370
 96000          ,      33.719,      26.615,       2.406,      14.173,      30.474
 96500          ,      33.147,      27.293,       1.890,      15.501,      30.662
 97000          ,      33.525,      26.587,       1.751,      14.849,      29.953
 97500          ,      33.254,      26.724,       1.962,      16.470,      31.183
 98000          ,      29.890,      26.213,       1.864,      15.295,      28.873
 98500          ,      33.041,      27.511,       1.934,      15.050,      30.017
 99000          ,      33.275,      28.106,       1.670,      16.202,      31.402
 99500          ,      33.004,      27.681,       1.804,      15.041,      30.955
 100000         ,      33.265,      27.443,       1.836,      16.868,      32.604
 100500         ,      31.204,      25.210,       1.805,      14.574,      29.622
 101000         ,      31.956,      27.934,       1.877,      16.351,      31.353
 101500         ,      33.088,      25.960,       1.349,      15.007,      30.776
 102000         ,      33.406,      28.560,       1.863,      16.881,      31.908
 102500         ,      32.996,      28.546,       2.114,      16.994,      32.343
 103000         ,      32.063,      29.019,       1.498,      17.006,      31.591
 103500         ,      32.747,      26.587,       1.623,      15.022,      29.417
 104000         ,      31.767,      28.161,       1.757,      16.590,      31.025
 104500         ,      33.152,      27.247,       1.129,      15.922,      31.118
 105000         ,      32.104,      26.473,       2.200,      15.481,      30.881
 105500         ,      33.723,      26.423,       1.761,      15.851,      31.081
 106000         ,      32.864,      26.904,       1.730,      15.619,      30.948
 106500         ,      32.555,      28.173,       1.732,      16.263,      31.458
 107000         ,      33.620,      28.459,       1.914,      16.147,      31.686
 107500         ,      33.395,      26.677,       2.168,      15.073,      29.344
 108000         ,      32.295,      28.395,       1.231,      15.756,      30.913
 108500         ,      32.523,      28.329,       1.663,      16.025,      31.155
 109000         ,      32.887,      23.936,       2.296,      12.157,      26.803
 109500         ,      32.944,      27.809,       1.932,      16.268,      31.089
 110000         ,      33.155,      24.900,       1.494,      14.400,      29.303
 110500         ,      33.210,      27.932,       1.844,      17.038,      32.427
 111000         ,      32.806,      28.082,       1.377,      16.499,      31.392
 111500         ,      33.174,      28.291,       1.401,      16.499,      32.006
 112000         ,      33.247,      27.096,       1.418,      15.348,      31.442
 112500         ,      31.255,      26.523,       1.478,      13.879,      29.916
 113000         ,      31.509,      26.236,       1.758,      14.392,      29.000
 113500         ,      33.131,      27.141,       1.941,      15.630,      31.716
 114000         ,      33.160,      27.754,       2.083,      16.024,      31.985
 114500         ,      31.788,      25.843,       1.767,      14.607,      30.494
 115000         ,      32.700,      26.522,       1.631,      15.454,      29.910
 115500         ,      32.429,      28.995,       1.267,      16.986,      32.197
 116000         ,      32.616,      28.048,       1.269,      16.461,      31.348
 116500         ,      32.968,      26.641,       1.789,      15.401,      30.883
 117000         ,      32.419,      28.568,       1.817,      15.283,      31.091
 117500         ,      32.722,      25.636,       1.658,      12.706,      29.630
 118000         ,      30.167,      26.920,       2.894,      16.305,      29.427
 118500         ,      33.307,      27.335,       1.763,      15.817,      30.991
 119000         ,      33.818,      26.978,       2.227,      15.325,      31.359
 119500         ,      31.169,      27.609,       1.562,      16.139,      31.121
 120000         ,      33.078,      28.191,       1.646,      16.700,      32.846
 120500         ,      31.867,      25.868,       1.544,      14.651,      29.055
 121000         ,      33.060,      28.223,       1.990,      17.105,      31.718
 121500         ,      33.114,      25.274,       2.638,      13.424,      28.758
 122000         ,      32.852,      28.651,       1.269,      16.769,      32.586
 122500         ,      31.396,      27.127,       1.188,      15.667,      29.317
 123000         ,      33.243,      27.563,       1.346,      16.395,      31.998
 123500         ,      29.610,      25.126,       2.072,      14.456,      27.368
 124000         ,      31.607,      27.562,       2.194,      14.912,      30.092
 124500         ,      32.237,      24.654,       2.314,      12.296,      27.405
 125000         ,      32.632,      27.573,       1.493,      15.692,      32.354
 125500         ,      32.806,      27.967,       1.400,      16.260,      31.405
 126000         ,      33.422,      25.652,       2.024,      14.383,      29.502
 126500         ,      31.941,      27.371,       2.665,      16.052,      29.861
 127000         ,      32.119,      26.728,       1.521,      14.198,      28.903
 127500         ,      32.373,      26.439,       1.796,      14.903,      28.862
 128000         ,      31.856,      27.151,       1.684,      15.518,      29.755
 128500         ,      33.463,      27.491,       1.651,      15.070,      30.284
 129000         ,      31.705,      25.183,       1.218,      13.742,      29.390
 129500         ,      33.227,      26.033,       1.663,      13.104,      29.894
 130000         ,      30.068,      28.142,       1.319,      16.072,      30.398
 130500         ,      33.009,      26.168,       1.848,      13.446,      29.751
 131000         ,      32.427,      27.874,       1.407,      16.681,      31.636
 131500         ,      31.956,      26.533,       1.926,      14.193,      29.230
 132000         ,      31.623,      27.909,       1.592,      16.755,      30.086
 132500         ,      33.027,      28.929,       1.736,      16.873,      32.161
 133000         ,      32.711,      26.958,       1.844,      16.251,      30.919
 133500         ,      32.515,      20.949,       2.418,      12.445,      25.971
 134000         ,      32.245,      28.010,       1.437,      15.192,      32.212
 134500         ,      32.458,      28.078,       1.536,      15.356,      31.037
 135000         ,      32.362,      28.709,       1.511,      16.603,      31.056
 135500         ,      33.086,      25.838,       1.994,      15.256,      30.980
 136000         ,      33.120,      28.377,       1.367,      16.290,      32.484
 136500         ,      32.776,      28.163,       1.718,      15.380,      31.050
 137000         ,      31.386,      27.305,       1.752,      15.324,      30.330
 137500         ,      32.770,      26.937,       1.782,      14.968,      29.917
 138000         ,      33.351,      27.697,       1.274,      16.347,      32.508
 138500         ,      30.938,      27.685,       1.761,      14.554,      29.649
 139000         ,      34.021,      26.279,       1.713,      14.254,      30.875
 139500         ,      33.241,      27.820,       1.947,      15.390,      31.063
 140000         ,      33.015,      27.970,       1.525,      16.383,      32.049
 140500         ,      31.843,      25.515,       2.112,      14.390,      30.389
 141000         ,      33.422,      26.047,       1.892,      15.106,      30.326
 141500         ,      30.975,      27.539,       1.266,      15.972,      31.611
 142000         ,      32.535,      25.374,       1.834,      13.839,      30.316
 142500         ,      32.437,      27.123,       1.671,      15.296,      31.673
 143000         ,      32.175,      20.622,       2.459,      11.496,      25.118
 143500         ,      31.697,      27.457,       2.181,      16.034,      29.570
 144000         ,      31.142,      27.939,       1.478,      15.884,      30.969
 144500         ,      32.809,      27.300,       1.845,      16.361,      31.718
 145000         ,      31.955,      27.255,       1.529,      15.546,      31.772
 145500         ,      32.244,      28.596,       1.629,      17.251,      32.193
 146000         ,      32.717,      27.891,       1.806,      16.377,      32.424
 146500         ,      32.566,      26.726,       2.010,      16.354,      31.988
 147000         ,      32.465,      27.536,       2.696,      17.184,      32.344
 147500         ,      33.180,      27.410,       1.671,      16.549,      31.854
 148000         ,      32.466,      27.240,       1.403,      14.507,      30.755
 148500         ,      31.243,      27.342,       1.422,      15.786,      29.867
 149000         ,      32.274,      28.497,       2.128,      17.186,      31.645
 149500         ,      32.517,      27.861,       1.339,      16.048,      32.590
 150000         ,      30.876,      26.608,       2.845,      16.420,      28.541
 150500         ,      33.316,      27.033,       1.343,      15.043,      31.066
 151000         ,      33.377,      28.293,       2.289,      15.935,      31.149
 151500         ,      29.979,      26.549,       1.892,      15.255,      29.584
 152000         ,      32.532,      28.738,       1.673,      16.801,      31.292
 152500         ,      31.853,      26.315,       2.189,      13.231,      30.672
 153000         ,      33.225,      26.351,       1.578,      15.085,      31.024
 153500         ,      32.011,      27.346,       2.201,      15.056,      30.025
 154000         ,      33.288,      27.403,       2.545,      15.737,      32.130
 154500         ,      32.110,      26.099,       1.506,      14.863,      30.927
 155000         ,      32.239,      26.904,       1.824,      15.108,      31.777
 155500         ,      32.897,      27.952,       1.472,      16.267,      32.527
 156000         ,      33.533,      27.258,       1.739,      15.441,      30.691
 156500         ,      33.087,      27.444,       1.297,      16.136,      31.883
 157000         ,      30.068,      26.244,       2.280,      15.576,      30.559
 157500         ,      32.044,      27.887,       2.152,      16.056,      30.910
 158000         ,      33.224,      26.072,       2.392,      15.777,      29.834
 158500         ,      33.014,      28.518,       1.680,      16.572,      32.584
 159000         ,      32.931,      27.230,       2.019,      15.906,      29.977
 159500         ,      30.200,      22.813,       3.341,      13.310,      24.671
 160000         ,      33.804,      25.236,       2.078,      15.632,      30.329
 160500         ,      32.498,      26.877,       2.830,      14.366,      29.552
 161000         ,      31.504,      26.117,       2.259,      14.173,      29.120
 161500         ,      33.112,      26.454,       1.893,      14.879,      30.965
 162000         ,      32.159,      26.952,       2.743,      14.803,      28.513
 162500         ,      32.197,      26.992,       2.261,      14.886,      29.713
 163000         ,      33.151,      27.758,       1.900,      15.882,      32.125
 163500         ,      32.774,      28.043,       1.829,      15.812,      31.159
 164000         ,      33.849,      24.385,       2.198,      12.956,      29.418
 164500         ,      32.289,      27.610,       1.950,      16.162,      30.523
 165000         ,      33.380,      27.888,       1.326,      16.142,      32.470
 165500         ,      30.643,      26.613,       2.245,      14.032,      28.504
 166000         ,      32.753,      26.614,       1.045,      14.408,      30.342
 166500         ,      31.677,      28.016,       2.137,      16.521,      31.702
 167000         ,      33.884,      27.864,       2.935,      15.804,      30.684
 167500         ,      32.433,      27.720,       1.789,      16.056,      31.930
 168000         ,      33.809,      25.426,       2.382,      13.112,      29.616
 168500         ,      32.593,      25.324,       2.294,      14.077,      29.831
 169000         ,      32.563,      26.092,       2.529,      14.674,      30.667
 169500         ,      33.423,      27.997,       2.032,      14.975,      31.789
 170000         ,      32.342,      26.494,       2.292,      15.432,      31.254
 170500         ,      32.699,      27.991,       1.449,      15.350,      31.254
 171000         ,      34.004,      25.656,       2.031,      14.411,      30.662
 171500         ,      33.599,      25.616,       2.099,      13.528,      30.145
 172000         ,      33.975,      28.151,       2.289,      17.284,      31.585
 172500         ,      32.355,      26.663,       2.168,      14.594,      30.582
 173000         ,      32.986,      26.471,       1.996,      14.168,      30.458
 173500         ,      31.842,      25.923,       1.542,      14.954,      30.469
 174000         ,      30.939,      27.482,       1.454,      14.927,      29.475
 174500         ,      32.416,      26.911,       1.736,      15.010,      30.217
 175000         ,      31.886,      28.042,       2.262,      15.920,      30.310
 175500         ,      33.704,      27.629,       1.964,      17.227,      32.069
 176000         ,      33.733,      27.168,       1.418,      15.548,      31.905
 176500         ,      31.738,      25.557,       1.605,      14.243,      29.903
 177000         ,      31.950,      27.446,       2.571,      14.495,      30.737
 177500         ,      33.624,      24.779,       1.892,      12.942,      29.388
 178000         ,      32.910,      26.642,       1.609,      14.220,      30.869
 178500         ,      32.706,      26.624,       2.467,      14.642,      29.694
 179000         ,      32.053,      26.643,       2.004,      13.948,      29.235
 179500         ,      32.577,      27.532,       2.409,      15.007,      29.639
 180000         ,      32.005,      26.974,       1.652,      14.529,      30.512
 180500         ,      32.566,      25.888,       1.782,      14.256,      29.525
 181000         ,      31.669,      25.477,       2.295,      12.154,      28.939
 181500         ,      33.178,      23.868,       2.215,      12.175,      28.262
 182000         ,      31.486,      25.274,       1.820,      14.045,      29.917
 182500         ,      31.184,      26.966,       2.042,      15.493,      29.831
 183000         ,      32.759,      23.788,       1.723,      12.600,      28.591
 183500         ,      30.915,      25.124,       2.450,      13.140,      27.876
 184000         ,      31.494,      24.781,       2.106,      14.535,      27.832
 184500         ,      31.209,      23.906,       2.260,      12.292,      28.608
 185000         ,      33.483,      25.338,       2.309,      13.529,      28.781
 185500         ,      30.061,      26.855,       1.770,      16.360,      30.724
 186000         ,      33.462,      24.058,       2.071,      13.705,      29.409
 186500         ,      32.763,      26.729,       1.822,      14.674,      29.767
 187000         ,      31.544,      25.626,       2.581,      14.152,      27.370
 187500         ,      32.655,      25.335,       2.138,      14.324,      30.143
 188000         ,      32.455,      25.891,       2.102,      14.767,      29.758
 188500         ,      30.952,      27.571,       1.690,      14.561,      29.997
 189000         ,      33.185,      27.286,       2.002,      15.731,      31.576
 189500         ,      32.755,      26.044,       2.321,      16.068,      31.507
 190000         ,      33.697,      25.648,       2.389,      14.227,      29.955
 190500         ,      33.391,      27.767,       1.689,      15.750,      32.089
 191000         ,      31.212,      27.281,       2.319,      14.674,      30.679
 191500         ,      32.532,      27.548,       2.334,      15.195,      30.083
 192000         ,      30.020,      27.852,       2.187,      15.744,      29.962
 192500         ,      33.735,      23.895,       3.185,      14.102,      28.624
 193000         ,      33.788,      26.728,       2.006,      15.148,      31.841
 193500         ,      32.107,      26.727,       2.131,      13.424,      29.064
 194000         ,      33.777,      26.306,       2.403,      16.257,      30.449
 194500         ,      33.771,      26.067,       2.222,      16.116,      30.185
 195000         ,      33.339,      28.170,       2.147,      15.414,      31.957
 195500         ,      31.921,      27.894,       1.806,      16.794,      31.717
 196000         ,      33.302,      27.150,       1.531,      16.389,      31.773
 196500         ,      32.476,      26.880,       1.571,      14.960,      31.232
 197000         ,      32.452,      25.993,       2.838,      14.059,      29.013
 197500         ,      33.116,      26.207,       1.878,      13.729,      30.514
 198000         ,      33.674,      28.288,       1.706,      17.277,      32.779
 198500         ,      30.619,      25.342,       2.153,      14.779,      29.712
 199000         ,      31.977,      28.382,       1.223,      15.023,      31.232
 199500         ,      33.920,      25.912,       2.580,      14.985,      30.614
 200000         ,      34.112,      27.002,       2.229,      14.604,      31.166
 200500         ,      34.562,      23.908,       3.072,      13.673,      27.475
 201000         ,      32.251,      28.494,       2.293,      16.365,      31.316
 201500         ,      32.504,      25.797,       1.984,      14.554,      30.894
 202000         ,      33.389,      24.899,       2.134,      14.166,      30.010
 202500         ,      33.095,      26.746,       1.818,      15.958,      31.785
 203000         ,      32.708,      27.924,       1.743,      15.660,      31.468
 203500         ,      33.071,      27.081,       1.485,      14.624,      31.047
 204000         ,      33.521,      27.399,       2.644,      15.625,      31.515
 204500         ,      29.331,      27.472,       2.058,      16.821,      30.551
 205000         ,      32.844,      28.326,       1.920,      16.191,      32.159
 205500         ,      32.667,      26.314,       1.749,      15.401,      31.200
 206000         ,      31.839,      24.224,       2.635,      14.296,      28.709
 206500         ,      32.768,      27.394,       1.236,      15.903,      32.192
 207000         ,      32.375,      26.526,       1.633,      16.052,      31.344
 207500         ,      33.789,      27.141,       1.674,      14.754,      31.342
 208000         ,      31.000,      26.211,       1.487,      13.606,      29.907
 208500         ,      32.745,      28.697,       1.724,      16.934,      32.305
 209000         ,      31.235,      26.520,       2.894,      15.007,      28.274
 209500         ,      32.454,      25.911,       2.434,      14.492,      29.719
 210000         ,      31.526,      26.880,       2.212,      16.280,      31.319
 210500         ,      32.954,      24.112,       2.527,      13.427,      29.063
 211000         ,      32.453,      28.693,       1.781,      17.194,      31.878
 211500         ,      30.986,      25.859,       2.405,      15.696,      28.667
 212000         ,      33.115,      26.494,       1.862,      15.116,      31.364
 212500         ,      33.382,      28.828,       2.297,      16.853,      31.771
 213000         ,      32.958,      27.862,       2.022,      17.527,      32.756
 213500         ,      31.885,      28.047,       1.945,      15.944,      30.110
 214000         ,      33.248,      28.081,       2.038,      16.095,      32.134
 214500         ,      33.935,      27.034,       2.471,      16.674,      32.101
 215000         ,      32.764,      27.117,       1.615,      15.918,      31.921
 215500         ,      32.871,      28.247,       2.156,      16.835,      30.453
 216000         ,      31.742,      27.117,       2.229,      14.363,      29.389
 216500         ,      33.225,      25.951,       2.742,      13.320,      28.607
 217000         ,      32.838,      25.802,       1.756,      14.793,      29.327
 217500         ,      32.232,      28.405,       1.741,      15.714,      31.661
 218000         ,      32.740,      26.430,       1.630,      15.871,      31.172
 218500         ,      33.386,      27.354,       1.551,      14.586,      30.150
 219000         ,      32.727,      28.172,       1.524,      17.377,      31.683
 219500         ,      33.349,      26.901,       1.127,      14.961,      31.049
 220000         ,      30.530,      27.861,       2.099,      16.789,      31.363
 220500         ,      33.300,      25.322,       2.042,      13.613,      28.953
 221000         ,      32.567,      25.981,       1.783,      15.260,      30.407
 221500         ,      32.846,      28.255,       1.205,      15.608,      31.581
 222000         ,      32.439,      25.067,       1.778,      14.402,      29.650
 222500         ,      33.868,      26.536,       2.175,      14.990,      30.444
 223000         ,      33.073,      26.501,       1.732,      14.913,      30.695
 223500         ,      33.814,      26.193,       2.973,      13.997,      27.980
 224000         ,      32.074,      27.702,       1.567,      16.660,      32.214
 224500         ,      33.925,      23.537,       2.831,      12.773,      28.256
 225000         ,      31.535,      24.838,       2.086,      13.667,      28.614
 225500         ,      32.892,      26.628,       1.820,      14.095,      30.824
 226000         ,      33.855,      25.529,       1.737,      14.659,      29.854
 226500         ,      32.525,      26.059,       1.917,      14.109,      30.639
 227000         ,      33.435,      27.920,       1.519,      15.312,      31.503
 227500         ,      33.727,      25.705,       1.770,      14.156,      30.197
 228000         ,      33.459,      26.939,       1.927,      16.414,      31.681
 228500         ,      33.064,      26.884,       1.707,      14.829,      31.836
 229000         ,      32.888,      27.356,       1.719,      14.940,      30.185
 229500         ,      30.960,      27.735,       2.200,      16.632,      29.949
 230000         ,      33.973,      27.067,       2.340,      15.839,      32.007
 230500         ,      32.098,      26.919,       2.241,      14.961,      29.201
 231000         ,      32.380,      28.488,       1.883,      16.809,      31.571
 231500         ,      32.193,      26.657,       1.629,      15.534,      30.487
 232000         ,      33.374,      28.703,       1.506,      16.604,      33.056
 232500         ,      32.984,      28.103,       1.855,      15.137,      30.915
 233000         ,      32.590,      28.498,       1.318,      17.160,      32.771
 233500         ,      33.494,      28.327,       1.491,      15.869,      32.574
 234000         ,      33.157,      23.788,       2.590,      11.835,      27.575
 234500         ,      33.414,      26.905,       2.397,      14.780,      30.561
 235000         ,      32.239,      26.168,       2.282,      14.577,      29.202
 235500         ,      33.382,      28.421,       2.078,      16.616,      31.444
 236000         ,      29.851,      27.200,       2.413,      14.944,      29.988
 236500         ,      33.419,      28.246,       2.492,      16.698,      32.431
 237000         ,      33.499,      28.617,       1.476,      16.117,      32.084
 237500         ,      32.858,      26.321,       2.167,      16.237,      31.334
 238000         ,      34.712,      27.161,       2.227,      14.922,      31.747
 238500         ,      32.588,      27.134,       2.561,      15.917,      30.225
 239000         ,      33.472,      27.955,       1.678,      16.139,      30.980
 239500         ,      33.856,      27.205,       1.610,      15.026,      30.867
 240000         ,      33.376,      28.752,       2.426,      17.407,      32.006
 240500         ,      32.290,      28.144,       2.428,      16.270,      30.776
 241000         ,      30.747,      28.088,       2.548,      16.958,      30.182
 241500         ,      31.356,      26.206,       2.411,      15.666,      28.279
 242000         ,      32.609,      27.366,       2.761,      15.567,      30.179
 242500         ,      31.822,      27.392,       1.594,      15.497,      31.912
 243000         ,      34.079,      26.209,       1.854,      15.303,      31.067
 243500         ,      32.061,      26.015,       1.793,      15.361,      30.736
 244000         ,      31.406,      26.833,       1.885,      15.189,      29.332
 244500         ,      32.575,      27.750,       1.739,      16.188,      31.939
 245000         ,      33.317,      26.847,       2.644,      14.836,      29.692
 245500         ,      33.289,      25.615,       2.004,      14.146,      30.638
 246000         ,      32.544,      28.520,       2.010,      17.192,      32.894
 246500         ,      34.131,      24.996,       2.038,      13.573,      29.379
 247000         ,      31.831,      27.438,       1.847,      16.319,      31.277
 247500         ,      33.744,      26.084,       2.758,      13.565,      29.557
 248000         ,      32.751,      26.592,       2.343,      14.998,      30.025
 248500         ,      32.741,      25.137,       2.218,      12.952,      29.616
 249000         ,      33.403,      25.893,       2.052,      14.339,      30.243
 249500         ,      32.245,      24.055,       3.291,      13.130,      27.990
 250000         ,      33.400,      26.799,       1.431,      15.334,      31.418
 250500         ,      32.154,      24.523,       1.830,      13.362,      28.866
 251000         ,      31.964,      25.749,       2.541,      13.048,      28.742
 251500         ,      32.916,      28.344,       2.188,      16.732,      31.443
 252000         ,      32.883,      27.821,       1.826,      16.088,      30.781
 252500         ,      33.015,      26.388,       1.544,      15.026,      30.704
 253000         ,      33.262,      27.755,       1.693,      16.747,      32.332
 253500         ,      31.265,      24.781,       2.564,      12.872,      27.425
 254000         ,      31.384,      24.873,       1.932,      13.887,      29.625
 254500         ,      31.708,      28.825,       1.747,      16.689,      30.786
 255000         ,      32.645,      26.081,       2.154,      14.685,      30.485
 255500         ,      33.052,      25.875,       2.171,      13.928,      29.034
 256000         ,      33.106,      26.145,       3.127,      15.489,      31.043
 256500         ,      33.996,      25.066,       1.818,      14.014,      29.923
 257000         ,      32.591,      28.321,       1.065,      16.356,      32.364
 257500         ,      33.247,      26.123,       2.375,      14.322,      29.298
 258000         ,      30.836,      28.384,       2.666,      16.332,      31.383
 258500         ,      33.912,      27.915,       2.164,      17.033,      31.548
 259000         ,      32.015,      24.698,       2.335,      15.337,      30.132
 259500         ,      32.385,      28.065,       1.581,      16.783,      32.211
 260000         ,      32.466,      27.652,       1.508,      15.044,      30.226
 260500         ,      32.889,      24.876,       2.445,      13.299,      28.395
 261000         ,      32.217,      25.648,       2.763,      13.422,      29.110
 261500         ,      31.889,      26.532,       2.539,      14.746,      29.141
 262000         ,      31.334,      27.377,       1.723,      16.172,      30.452
 262500         ,      32.510,      28.014,       1.516,      16.414,      32.630
 263000         ,      33.069,      25.876,       1.926,      13.341,      29.125
 263500         ,      31.564,      28.675,       2.162,      16.998,      31.483
 264000         ,      31.281,      24.202,       2.016,      13.676,      28.663
 264500         ,      33.324,      26.781,       2.554,      15.173,      31.384
 265000         ,      33.355,      25.156,       1.664,      14.382,      29.541
 265500         ,      34.021,      23.144,       2.726,      12.080,      27.918
 266000         ,      32.590,      25.971,       1.971,      14.805,      30.332
 266500         ,      32.279,      26.448,       2.515,      14.863,      31.053
 267000         ,      33.401,      25.805,       2.057,      14.607,      29.680
 267500         ,      32.599,      26.753,       1.620,      14.163,      29.763
 268000         ,      30.678,      27.747,       1.822,      16.107,      30.910
 268500         ,      29.763,      25.841,       1.684,      16.024,      30.796
 269000         ,      33.166,      26.799,       2.477,      16.070,      31.327
 269500         ,      33.950,      27.936,       2.052,      16.102,      32.514
 270000         ,      34.184,      26.478,       1.874,      14.999,      30.842
 270500         ,      32.205,      26.272,       1.667,      15.739,      30.915
 271000         ,      33.617,      26.887,       1.495,      14.975,      30.655
 271500         ,      33.140,      27.261,       1.438,      15.258,      30.883
 272000         ,      31.397,      27.188,       1.966,      15.468,      30.428
 272500         ,      31.915,      24.984,       2.817,      12.857,      26.824
 273000         ,      34.423,      23.065,       3.275,      11.143,      27.561
 273500         ,      33.432,      28.028,       1.630,      15.599,      31.843
 274000         ,      31.705,      27.105,       1.955,      14.249,      30.573
 274500         ,      33.130,      25.618,       2.200,      14.635,      30.146
 275000         ,      30.519,      26.698,       2.693,      15.237,      28.467
 275500         ,      33.604,      25.843,       2.935,      15.286,      29.015
 276000         ,      32.953,      27.832,       1.689,      15.789,      31.105
 276500         ,      33.560,      26.480,       1.948,      14.991,      29.981
 277000         ,      32.756,      24.948,       2.438,      13.407,      29.597
 277500         ,      31.893,      25.952,       2.305,      14.721,      29.848
 278000         ,      31.600,      27.138,       1.761,      16.239,      31.664
 278500         ,      33.958,      28.007,       1.654,      16.023,      32.799
 279000         ,      33.351,      25.611,       2.088,      15.190,      30.767
 279500         ,      32.849,      26.346,       2.476,      15.191,      31.284
 280000         ,      33.282,      27.694,       1.582,      16.316,      32.407
 280500         ,      32.037,      27.634,       1.975,      15.925,      30.789
 281000         ,      32.272,      24.866,       2.001,      13.358,      29.095
 281500         ,      33.433,      28.171,       1.584,      16.021,      32.013
 282000         ,      32.016,      27.989,       1.586,      15.664,      31.320
 282500         ,      31.621,      27.162,       1.878,      15.474,      31.126
 283000         ,      33.865,      23.481,       2.905,      11.195,      28.136
 283500         ,      33.315,      27.676,       1.590,      15.487,      31.940
 284000         ,      32.660,      28.253,       2.007,      16.161,      32.172
 284500         ,      32.040,      25.213,       1.532,      13.960,      29.456
 285000         ,      31.727,      27.305,       1.495,      14.795,      31.243
 285500         ,      32.539,      26.729,       2.076,      15.874,      31.755
 286000         ,      33.082,      26.575,       1.412,      15.852,      30.961
 286500         ,      30.863,      26.033,       2.300,      15.238,      29.110
 287000         ,      33.419,      26.673,       2.161,      14.695,      31.070
 287500         ,      32.682,      27.797,       1.752,      15.693,      30.807
 288000         ,      32.267,      27.682,       2.313,      16.117,      29.775
 288500         ,      32.465,      26.185,       2.480,      14.442,      30.657
 289000         ,      32.728,      28.986,       1.917,      16.375,      31.460
 289500         ,      33.702,      26.611,       1.805,      15.685,      31.434
 290000         ,      33.172,      27.303,       2.224,      15.453,      31.494
 290500         ,      31.025,      26.063,       2.098,      13.770,      28.106
 291000         ,      33.352,      26.169,       2.343,      14.588,      30.399
 291500         ,      32.929,      26.620,       1.499,      15.562,      30.645
 292000         ,      32.795,      26.211,       1.530,      14.435,      30.648
 292500         ,      33.380,      27.369,       1.597,      16.074,      32.181
 293000         ,      33.937,      25.517,       2.664,      13.311,      30.425
 293500         ,      33.650,      26.341,       1.955,      15.818,      31.582
 294000         ,      32.512,      26.206,       1.906,      14.606,      30.282
 294500         ,      32.314,      27.716,       1.807,      16.117,      30.974
 295000         ,      33.935,      27.118,       2.190,      15.464,      30.920
 295500         ,      33.439,      27.308,       2.323,      16.073,      32.407
 296000         ,      33.550,      25.475,       2.274,      13.279,      29.787
 296500         ,      33.219,      28.640,       1.965,      16.005,      31.620
 297000         ,      31.168,      25.567,       2.712,      14.191,      28.182
 297500         ,      31.982,      27.304,       1.803,      16.068,      31.078
 298000         ,      33.743,      27.539,       2.497,      16.253,      32.045
 298500         ,      32.929,      28.833,       1.905,      17.277,      31.793
 299000         ,      32.329,      26.770,       1.766,      15.451,      30.646
 299500         ,      33.459,      28.046,       2.055,      17.017,      32.450
 300000         ,      34.309,      26.578,       1.885,      14.082,      30.992
 300500         ,      30.858,      26.446,       2.402,      14.904,      29.787
 301000         ,      34.151,      27.094,       2.207,      14.483,      30.378
 301500         ,      32.824,      26.699,       2.163,      15.226,      31.425
 302000         ,      33.656,      26.751,       1.586,      15.413,      31.696
 302500         ,      33.387,      24.618,       2.647,      13.611,      29.654
 303000         ,      32.784,      27.197,       2.335,      15.863,      31.191
 303500         ,      32.764,      26.054,       1.869,      15.219,      29.119
 304000         ,      32.391,      28.374,       1.993,      16.418,      31.077
 304500         ,      30.693,      24.135,       1.771,      13.663,      28.668
 305000         ,      33.501,      27.025,       1.832,      15.675,      31.785
 305500         ,      30.317,      27.825,       2.166,      15.093,      29.671
 306000         ,      32.817,      25.501,       1.605,      14.620,      30.012
 306500         ,      33.135,      26.641,       2.117,      16.294,      31.814
 307000         ,      33.287,      27.530,       1.664,      15.066,      31.396
 307500         ,      32.426,      28.768,       1.070,      16.272,      32.175
 308000         ,      31.778,      26.586,       1.897,      14.800,      29.949
 308500         ,      32.460,      26.945,       1.935,      14.038,      30.079
 309000         ,      31.640,      27.105,       1.747,      15.595,      30.354
 309500         ,      33.018,      27.712,       1.298,      15.162,      31.785
 310000         ,      32.540,      26.154,       1.881,      14.907,      30.680
 310500         ,      33.837,      25.800,       1.567,      14.581,      31.251
 311000         ,      30.327,      25.349,       1.597,      14.904,      29.486
 311500         ,      32.045,      29.071,       1.814,      16.744,      31.496
 312000         ,      31.786,      26.676,       2.357,      15.719,      28.761
 312500         ,      33.736,      28.215,       2.045,      16.003,      32.138
 313000         ,      32.842,      22.119,       2.077,      11.095,      26.700
 313500         ,      32.284,      26.402,       2.334,      15.345,      31.309
 314000         ,      33.385,      26.594,       1.620,      16.249,      31.532
 314500         ,      30.087,      27.402,       1.623,      15.860,      30.980
 315000         ,      32.307,      27.766,       1.872,      16.340,      31.533
 315500         ,      32.535,      26.807,       2.029,      16.009,      29.777
 316000         ,      32.785,      26.753,       1.465,      15.662,      31.042
 316500         ,      33.408,      26.608,       1.490,      15.112,      30.876
 317000         ,      31.795,      25.974,       1.404,      14.257,      29.818
 317500         ,      32.687,      25.250,       1.793,      15.111,      30.111
 318000         ,      33.596,      23.796,       1.840,      13.386,      28.581
 318500         ,      33.012,      26.116,       1.837,      14.321,      30.274
 319000         ,      33.809,      28.021,       1.416,      16.489,      32.776
 319500         ,      33.060,      28.241,       1.584,      16.606,      32.845
 320000         ,      32.114,      27.737,       2.184,      15.904,      31.897
 320500         ,      31.261,      28.038,       1.669,      16.044,      30.963
 321000         ,      33.684,      27.478,       1.427,      15.976,      31.896
 321500         ,      32.473,      28.170,       1.356,      15.953,      31.205
 322000         ,      32.079,      27.136,       1.855,      15.525,      31.231
 322500         ,      33.880,      26.333,       1.836,      15.304,      31.081
 323000         ,      33.492,      26.698,       1.693,      15.213,      31.511
 323500         ,      32.077,      26.888,       1.771,      15.101,      30.825
 324000         ,      32.040,      28.639,       2.639,      16.904,      30.882
 324500         ,      31.873,      26.583,       1.552,      15.510,      29.891
 325000         ,      33.473,      26.997,       1.525,      16.263,      31.689
 325500         ,      32.592,      24.803,       2.156,      15.025,      29.431
 326000         ,      34.033,      27.869,       1.608,      15.918,      32.304
 326500         ,      32.748,      26.888,       1.262,      16.082,      31.275
 327000         ,      31.858,      27.593,       1.492,      15.127,      30.330
 327500         ,      31.724,      24.029,       1.829,      14.653,      28.915
 328000         ,      33.628,      23.866,       2.175,      13.919,      29.014
 328500         ,      32.322,      27.872,       1.274,      15.374,      31.689
 329000         ,      30.926,      25.766,       2.390,      15.254,      27.570
 329500         ,      33.318,      26.819,       1.589,      15.293,      31.667
 330000         ,      32.343,      27.226,       1.822,      14.091,      30.866
 330500         ,      31.559,      26.736,       2.373,      15.034,      29.574
 331000         ,      31.465,      26.366,       1.710,      15.592,      30.374
 331500         ,      32.134,      28.027,       1.816,      16.306,      31.594
 332000         ,      31.851,      28.233,       1.739,      16.869,      31.009
 332500         ,      32.176,      26.307,       1.602,      14.651,      30.407
 333000         ,      31.601,      27.220,       2.000,      15.838,      28.919
 333500         ,      31.932,      26.765,       3.309,      14.214,      30.826
 334000         ,      31.459,      27.636,       1.754,      16.634,      31.038
 334500         ,      30.394,      27.626,       1.314,      16.328,      31.055
 335000         ,      32.836,      28.666,       1.819,      17.347,      33.070
 335500         ,      32.949,      26.791,       1.664,      16.448,      31.683
 336000         ,      32.709,      24.206,       2.403,      13.943,      28.603
 336500         ,      30.900,      24.757,       2.044,      16.074,      29.616
 337000         ,      31.899,      24.952,       1.638,      13.649,      29.244
 337500         ,      33.155,      25.687,       1.564,      13.710,      30.521
 338000         ,      33.681,      27.866,       1.580,      16.537,      32.938
 338500         ,      33.856,      27.648,       1.924,      16.415,      31.900
 339000         ,      32.774,      28.653,       1.839,      16.855,      32.205
 339500         ,      33.282,      27.113,       1.589,      16.184,      31.488
 340000         ,      32.072,      24.884,       1.888,      15.343,      29.130
 340500         ,      32.438,      27.327,       1.298,      15.747,      31.886
 341000         ,      32.548,      27.566,       1.633,      15.016,      30.676
 341500         ,      32.824,      26.932,       2.143,      14.555,      30.992
 342000         ,      31.863,      27.547,       2.025,      15.935,      30.624
 342500         ,      32.160,      28.938,       1.524,      16.465,      32.768
 343000         ,      30.561,      27.277,       1.624,      15.068,      29.646
 343500         ,      32.247,      26.321,       1.811,      15.564,      30.918
 344000         ,      32.210,      26.269,       1.862,      15.772,      29.714
 344500         ,      32.609,      26.220,       2.163,      13.819,      31.208
 345000         ,      33.501,      28.008,       1.919,      16.185,      32.526
 345500         ,      33.115,      26.647,       1.905,      14.164,      31.435
 346000         ,      32.907,      27.353,       1.920,      16.213,      32.393
 346500         ,      32.036,      27.756,       1.897,      15.450,      31.363
 347000         ,      31.660,      26.559,       2.330,      15.009,      28.955
 347500         ,      33.104,      26.899,       1.586,      15.753,      31.861
 348000         ,      32.716,      25.547,       1.642,      13.789,      29.725
 348500         ,      32.580,      27.133,       1.207,      15.579,      31.021
 349000         ,      33.256,      26.239,       2.120,      14.925,      30.775
 349500         ,      32.265,      26.756,       1.858,      14.623,      31.353
 350000         ,      31.845,      26.635,       2.505,      14.969,      30.095
 350500         ,      32.242,      26.204,       1.222,      15.714,      30.974
 351000         ,      33.807,      23.599,       2.125,      13.738,      28.759
 351500         ,      32.284,      27.705,       2.032,      16.311,      30.641
 352000         ,      31.876,      28.559,       2.174,      16.058,      30.425
 352500         ,      33.779,      26.703,       2.398,      15.344,      30.220
 353000         ,      33.055,      28.502,       2.062,      15.802,      31.567
 353500         ,      32.528,      25.753,       1.652,      13.621,      29.365
 354000         ,      31.059,      28.718,       2.348,      16.751,      31.536
 354500         ,      31.284,      24.565,       1.916,      13.072,      26.709
 355000         ,      31.105,      28.411,       1.686,      16.005,      31.122
 355500         ,      33.310,      27.148,       2.099,      16.062,      30.810
 356000         ,      31.435,      25.878,       1.993,      14.032,      28.297
 356500         ,      32.524,      26.826,       1.592,      14.951,      30.974
 357000         ,      32.166,      28.270,       1.953,      16.088,      31.697
 357500         ,      32.243,      27.895,       1.823,      15.483,      30.797
 358000         ,      32.312,      27.354,       1.677,      15.742,      30.273
 358500         ,      32.540,      27.017,       2.225,      14.612,      30.436
 359000         ,      32.169,      24.691,       1.728,      13.031,      28.849
 359500         ,      33.392,      25.716,       2.252,      14.341,      30.080
 360000         ,      33.051,      28.072,       1.301,      16.229,      31.852
 360500         ,      33.250,      25.926,       1.811,      14.051,      28.870
 361000         ,      31.900,      25.994,       2.305,      15.464,      30.570
 361500         ,      31.866,      24.653,       2.489,      14.548,      28.407
 362000         ,      30.357,      25.744,       2.108,      14.282,      27.979
 362500         ,      32.796,      26.680,       1.625,      15.808,      30.314
 363000         ,      31.516,      25.935,       1.577,      14.881,      30.654
 363500         ,      32.782,      27.798,       1.501,      16.581,      31.295
 364000         ,      31.814,      27.195,       1.787,      15.662,      31.880
 364500         ,      32.062,      28.427,       1.794,      15.542,      30.921
 365000         ,      33.467,      28.836,       1.679,      17.366,      32.739
 365500         ,      33.226,      24.970,       2.397,      13.402,      29.649
 366000         ,      33.170,      24.065,       2.354,      13.289,      27.559
 366500         ,      33.574,      26.495,       1.671,      15.764,      31.243
 367000         ,      32.300,      25.590,       1.775,      15.449,      30.425
 367500         ,      32.661,      27.032,       1.703,      15.160,      30.306
 368000         ,      33.424,      27.744,       1.622,      16.028,      32.222
 368500         ,      31.942,      26.193,       1.817,      14.890,      29.589
 369000         ,      30.378,      27.680,       2.217,      16.425,      30.822
 369500         ,      31.355,      26.491,       1.841,      16.156,      30.224
 370000         ,      31.935,      26.362,       2.253,      14.366,      28.361
 370500         ,      32.361,      28.370,       2.035,      16.546,      31.383
 371000         ,      32.470,      27.734,       1.401,      16.085,      30.926
 371500         ,      32.259,      28.896,       1.491,      17.265,      31.317
 372000         ,      32.044,      26.634,       1.382,      14.561,      30.644
 372500         ,      31.768,      26.795,       1.461,      15.562,      31.833
 373000         ,      32.451,      27.009,       1.682,      15.745,      31.539
 373500         ,      32.164,      26.918,       1.144,      15.001,      31.098
 374000         ,      34.394,      25.681,       1.883,      14.787,      30.615
 374500         ,      33.851,      26.768,       1.443,      14.664,      31.478
 375000         ,      32.133,      28.445,       1.658,      15.755,      31.488
 375500         ,      32.832,      27.065,       1.923,      15.763,      31.364
 376000         ,      32.960,      28.203,       1.938,      17.262,      31.601
 376500         ,      32.050,      26.444,       1.995,      15.110,      29.465
 377000         ,      33.118,      25.166,       2.270,      13.296,      30.363
 377500         ,      32.963,      25.671,       2.128,      14.195,      30.398
 378000         ,      33.315,      25.759,       1.988,      14.798,      30.115
 378500         ,      32.901,      27.883,       1.271,      16.352,      32.688
 379000         ,      31.140,      24.866,       3.022,      13.949,      27.353
 379500         ,      33.797,      28.737,       1.809,      17.332,      32.537
 380000         ,      33.369,      27.336,       1.415,      15.436,      32.233
 380500         ,      33.594,      28.187,       1.984,      16.610,      32.073
 381000         ,      33.080,      26.142,       1.678,      13.648,      29.333
 381500         ,      32.706,      27.380,       1.731,      16.178,      31.565
 382000         ,      32.203,      26.387,       1.661,      15.628,      30.926
 382500         ,      31.675,      28.904,       1.892,      16.549,      30.958
 383000         ,      32.849,      27.588,       2.099,      16.047,      30.095
 383500         ,      32.129,      27.771,       1.895,      16.259,      31.043
 384000         ,      31.388,      23.724,       2.479,      12.019,      26.746
 384500         ,      32.416,      24.949,       1.447,      14.024,      28.101
 385000         ,      33.519,      27.200,       1.763,      15.786,      31.931
 385500         ,      32.887,      26.645,       1.426,      15.333,      30.997
 386000         ,      32.622,      26.514,       2.130,      15.271,      30.325
 386500         ,      32.283,      25.946,       1.952,      15.262,      29.318
 387000         ,      31.856,      27.646,       2.027,      15.826,      30.804
 387500         ,      31.909,      26.051,       1.980,      14.537,      28.924
 388000         ,      32.805,      27.633,       2.185,      16.716,      31.200
 388500         ,      32.936,      27.215,       1.527,      14.819,      30.760
 389000         ,      31.924,      25.627,       1.882,      16.089,      30.518
 389500         ,      33.100,      28.030,       1.748,      17.092,      32.348
 390000         ,      32.496,      25.930,       2.068,      13.889,      29.335
 390500         ,      32.658,      27.738,       1.578,      16.800,      32.405
 391000         ,      31.297,      27.069,       2.536,      14.298,      29.329
 391500         ,      32.322,      27.309,       1.687,      15.775,      32.214
 392000         ,      32.755,      25.798,       2.387,      14.066,      29.438
 392500         ,      33.018,      27.136,       1.626,      16.175,      30.914
 393000         ,      32.548,      27.266,       1.146,      15.440,      31.314
 393500         ,      32.626,      28.559,       1.374,      16.158,      32.204
 394000         ,      32.469,      27.572,       2.197,      15.182,      30.432
 394500         ,      33.522,      27.319,       2.082,      16.425,      31.512
 395000         ,      32.576,      28.184,       1.779,      16.452,      31.806
 395500         ,      32.774,      27.439,       1.777,      15.342,      31.990
 396000         ,      33.494,      27.585,       1.765,      16.683,      32.015
 396500         ,      33.200,      27.699,       1.928,      16.990,      31.349
 397000         ,      33.226,      28.011,       2.330,      16.774,      32.417
 397500         ,      31.493,      26.192,       2.120,      13.934,      29.644
 398000         ,      31.555,      28.135,       1.662,      16.003,      29.875
 398500         ,      31.819,      27.560,       2.891,      16.437,      31.158
 399000         ,      31.722,      27.773,       1.857,      16.310,      30.236
 399500         ,      34.505,      26.161,       1.894,      13.572,      30.542
 400000         ,      33.112,      28.566,       2.224,      16.619,      30.493
 400500         ,      33.622,      25.242,       2.162,      14.223,      28.944
 401000         ,      31.315,      25.639,       2.712,      13.558,      27.731
 401500         ,      31.280,      27.360,       1.589,      15.390,      31.949
 402000         ,      30.732,      25.043,       2.992,      14.186,      29.476
 402500         ,      32.862,      27.465,       2.445,      15.520,      30.733
 403000         ,      33.848,      26.831,       2.634,      14.408,      30.636
 403500         ,      33.662,      24.826,       2.428,      13.621,      29.050
 404000         ,      32.817,      26.473,       1.420,      14.595,      30.301
 404500         ,      30.805,      24.505,       2.154,      13.411,      28.719
 405000         ,      32.836,      25.484,       1.226,      13.585,      30.153
 405500         ,      31.213,      25.087,       2.401,      13.839,      29.200
 406000         ,      32.944,      26.996,       1.864,      15.624,      31.901
 406500         ,      31.776,      28.275,       1.867,      14.860,      30.908
 407000         ,      32.515,      27.589,       2.119,      16.451,      31.489
 407500         ,      31.555,      27.149,       1.965,      14.886,      28.910
 408000         ,      34.000,      27.572,       1.880,      15.937,      32.245
 408500         ,      31.894,      26.478,       1.931,      14.699,      30.360
 409000         ,      31.231,      27.233,       1.870,      16.596,      31.929
 409500         ,      33.075,      26.902,       2.373,      16.067,      30.818
 410000         ,      33.658,      26.433,       2.065,      15.507,      31.172
 410500         ,      30.718,      27.778,       1.315,      16.056,      30.596
 411000         ,      32.280,      25.701,       1.855,      14.346,      30.222
 411500         ,      30.918,      28.472,       1.387,      16.869,      31.767
 412000         ,      32.333,      26.519,       2.305,      14.975,      29.707
 412500         ,      31.054,      25.928,       1.958,      14.035,      28.911
 413000         ,      30.972,      26.895,       2.142,      16.684,      31.202
 413500         ,      34.179,      22.596,       2.628,      13.028,      27.393
 414000         ,      32.316,      28.470,       1.803,      16.625,      31.761
 414500         ,      30.141,      25.941,       1.951,      14.749,      29.570
 415000         ,      33.555,      27.983,       1.808,      16.799,      32.499
 415500         ,      33.147,      24.047,       1.935,      14.285,      27.326
 416000         ,      31.999,      27.859,       1.987,      16.272,      29.813
 416500         ,      31.852,      25.811,       1.490,      13.919,      29.783
 417000         ,      31.491,      22.202,       3.146,      11.888,      27.130
 417500         ,      32.921,      28.355,       1.705,      16.183,      32.307
 418000         ,      32.446,      28.453,       1.873,      16.319,      31.948
 418500         ,      32.030,      28.143,       1.759,      16.801,      32.095
 419000         ,      33.202,      27.385,       1.383,      16.260,      32.256
 419500         ,      32.625,      27.745,       1.673,      15.772,      31.153
 420000         ,      30.693,      26.248,       2.665,      13.647,      28.622
 420500         ,      32.736,      27.810,       1.552,      16.437,      32.647
 421000         ,      33.490,      22.952,       1.946,      12.220,      27.527
 421500         ,      31.818,      26.493,       1.614,      15.362,      30.119
 422000         ,      33.685,      26.101,       2.085,      15.437,      31.030
 422500         ,      31.623,      27.143,       1.240,      15.206,      31.175
 423000         ,      32.977,      28.041,       1.822,      16.099,      31.693
 423500         ,      33.288,      27.113,       1.675,      15.056,      31.591
 424000         ,      30.910,      24.813,       3.389,      13.835,      26.784
 424500         ,      31.614,      26.835,       1.967,      14.853,      28.661
 425000         ,      33.295,      26.507,       1.962,      13.992,      30.150
 425500         ,      32.713,      27.110,       2.161,      15.991,      30.597
 426000         ,      33.124,      26.246,       2.507,      14.043,      30.028
 426500         ,      32.939,      27.567,       1.869,      15.761,      31.573
 427000         ,      29.532,      24.904,       2.479,      14.869,      29.104
 427500         ,      32.482,      25.227,       2.417,      13.393,      28.789
 428000         ,      32.905,      26.541,       2.177,      14.115,      31.167
 428500         ,      33.963,      27.797,       2.140,      16.432,      32.168
 429000         ,      32.078,      26.332,       2.173,      14.383,      30.151
 429500         ,      31.067,      27.568,       2.464,      16.005,      29.977
 430000         ,      31.488,      27.781,       2.028,      16.395,      29.658
 430500         ,      32.645,      27.235,       2.358,      15.855,      31.013
 431000         ,      32.323,      23.975,       2.303,      14.494,      28.781
 431500         ,      33.521,      28.131,       1.903,      17.081,      32.279
 432000         ,      32.102,      27.184,       2.807,      15.677,      30.842
 432500         ,      33.228,      28.651,       1.367,      16.799,      32.279
 433000         ,      33.317,      26.642,       2.092,      16.329,      31.811
 433500         ,      33.542,      26.022,       2.071,      13.980,      30.842
 434000         ,      32.681,      26.690,       2.738,      15.380,      29.404
 434500         ,      33.441,      27.639,       1.593,      16.391,      32.426
 435000         ,      32.063,      25.694,       1.653,      15.861,      30.354
 435500         ,      32.447,      28.824,       1.775,      17.026,      31.543
 436000         ,      32.652,      27.017,       1.722,      16.039,      31.540
 436500         ,      33.568,      26.804,       2.262,      15.565,      31.365
 437000         ,      33.017,      27.407,       1.706,      15.782,      32.060
 437500         ,      32.475,      27.083,       2.201,      14.975,      30.400
 438000         ,      32.443,      25.033,       3.043,      12.017,      27.435
 438500         ,      32.977,      25.683,       1.953,      13.593,      29.119
 439000         ,      33.827,      27.929,       1.782,      16.644,      31.691
 439500         ,      32.015,      27.522,       2.145,      16.350,      30.212
 440000         ,      34.211,      27.705,       2.173,      16.424,      32.277
 440500         ,      30.676,      24.710,       1.753,      12.408,      28.239
 441000         ,      32.752,      28.678,       1.501,      16.102,      31.984
 441500         ,      32.282,      28.635,       1.297,      16.309,      33.044
 442000         ,      32.628,      29.070,       2.152,      16.653,      32.425
 442500         ,      32.781,      25.610,       1.951,      14.202,      30.265
 443000         ,      32.053,      28.441,       1.959,      16.494,      31.347
 443500         ,      33.079,      27.953,       1.764,      16.409,      32.325
 444000         ,      34.189,      27.897,       2.132,      15.926,      31.954
 444500         ,      32.181,      27.510,       1.929,      16.078,      29.658
 445000         ,      32.142,      27.846,       1.796,      16.383,      31.521
 445500         ,      31.967,      26.584,       1.921,      16.120,      31.292
 446000         ,      31.699,      28.301,       1.931,      15.974,      30.722
 446500         ,      32.013,      28.017,       1.313,      15.991,      31.743
 447000         ,      33.162,      28.188,       1.591,      16.265,      32.346
 447500         ,      33.143,      26.110,       1.534,      15.947,      30.912
 448000         ,      32.142,      27.001,       1.758,      15.950,      31.965
 448500         ,      31.063,      27.347,       1.700,      15.536,      30.801
 449000         ,      33.518,      28.058,       1.614,      15.917,      31.199
 449500         ,      31.768,      23.190,       2.024,      12.730,      27.778
 450000         ,      31.503,      26.161,       2.386,      14.197,      29.045
 450500         ,      32.216,      27.961,       1.780,      15.627,      31.731
 451000         ,      32.871,      27.414,       2.018,      15.518,      31.267
 451500         ,      32.326,      27.109,       1.305,      14.408,      30.971
 452000         ,      31.973,      24.888,       1.690,      14.449,      29.255
 452500         ,      33.481,      27.118,       0.993,      15.474,      31.283
 453000         ,      32.553,      28.033,       1.797,      16.965,      31.960
 453500         ,      33.424,      28.465,       1.840,      16.349,      31.810
 454000         ,      32.084,      28.648,       1.918,      16.744,      31.537
 454500         ,      32.751,      26.835,       1.882,      14.327,      31.478
 455000         ,      30.962,      23.714,       2.569,      12.631,      27.761
 455500         ,      32.909,      24.824,       3.130,      11.643,      28.528
 456000         ,      34.312,      26.566,       2.039,      14.983,      30.557
 456500         ,      29.989,      26.664,       2.082,      15.941,      28.659
 457000         ,      31.236,      27.060,       2.155,      14.725,      28.881
 457500         ,      32.858,      22.778,       2.190,      12.882,      27.854
 458000         ,      32.811,      28.321,       2.082,      17.093,      31.736
 458500         ,      32.771,      26.845,       2.552,      15.746,      31.158
 459000         ,      33.501,      27.611,       1.920,      16.403,      31.833
 459500         ,      28.898,      24.760,       2.824,      15.651,      28.289
 460000         ,      32.631,      27.482,       2.054,      15.140,      30.852
 460500         ,      33.706,      28.749,       1.672,      16.535,      32.555
 461000         ,      32.608,      26.583,       2.012,      16.746,      31.677
 461500         ,      32.973,      25.924,       2.253,      15.303,      30.835
 462000         ,      32.302,      28.590,       1.600,      16.150,      31.132
 462500         ,      32.761,      29.072,       2.541,      17.892,      31.865
 463000         ,      33.862,      26.358,       2.061,      14.938,      29.549
 463500         ,      33.085,      26.720,       2.035,      16.007,      32.008
 464000         ,      33.095,      26.133,       1.733,      14.875,      30.759
 464500         ,      31.919,      25.011,       2.833,      13.171,      27.808
 465000         ,      30.645,      25.491,       1.605,      14.180,      30.064
 465500         ,      33.427,      28.388,       2.152,      17.171,      33.369
 466000         ,      32.808,      24.604,       1.471,      12.029,      29.172
 466500         ,      33.089,      26.418,       2.025,      13.786,      29.748
 467000         ,      32.957,      28.082,       1.430,      16.984,      32.648
 467500         ,      33.229,      27.782,       2.671,      15.413,      30.255
 468000         ,      32.111,      26.586,       2.270,      14.126,      29.134
 468500         ,      30.164,      28.169,       2.594,      17.236,      30.190
 469000         ,      33.288,      26.637,       1.991,      14.932,      29.938
 469500         ,      33.457,      26.033,       1.652,      14.688,      30.454
 470000         ,      32.115,      28.029,       1.705,      16.637,      31.326
 470500         ,      31.904,      25.389,       2.611,      11.760,      28.969
 471000         ,      32.634,      28.188,       1.324,      16.843,      31.356
 471500         ,      32.367,      26.962,       2.074,      14.336,      30.385
 472000         ,      32.658,      27.039,       1.582,      15.911,      31.488
 472500         ,      32.871,      24.781,       1.793,      11.852,      28.317
 473000         ,      33.525,      26.139,       2.379,      13.047,      30.248
 473500         ,      32.893,      27.413,       1.455,      16.367,      32.155
 474000         ,      31.881,      26.947,       2.076,      15.297,      30.921
 474500         ,      33.156,      26.743,       2.282,      14.898,      30.776
 475000         ,      33.130,      28.191,       1.318,      15.693,      32.067
 475500         ,      30.620,      26.662,       2.873,      14.041,      28.219
 476000         ,      30.684,      25.236,       2.423,      13.797,      28.096
 476500         ,      33.647,      27.638,       2.118,      14.834,      31.757
 477000         ,      32.219,      25.615,       2.261,      14.281,      28.886
 477500         ,      31.328,      28.109,       2.353,      15.362,      29.747
 478000         ,      31.803,      25.685,       1.886,      13.889,      29.635
 478500         ,      31.928,      27.013,       2.086,      15.005,      31.257
 479000         ,      33.411,      26.745,       2.378,      14.118,      30.125
 479500         ,      32.147,      27.042,       1.738,      15.733,      31.198
 480000         ,      33.443,      27.887,       2.418,      15.629,      31.479
 480500         ,      30.867,      27.186,       2.288,      14.512,      29.177
 481000         ,      33.715,      25.694,       2.053,      15.026,      30.413
 481500         ,      33.121,      27.506,       1.789,      15.224,      31.686
 482000         ,      32.259,      27.285,       2.078,      15.457,      30.639
 482500         ,      34.109,      26.079,       2.178,      14.961,      30.612
 483000         ,      33.740,      26.478,       2.019,      13.913,      30.315
 483500         ,      33.338,      25.385,       2.145,      13.588,      29.789
 484000         ,      31.755,      26.542,       1.987,      14.339,      30.536
 484500         ,      31.970,      27.213,       1.990,      14.779,      29.215
 485000         ,      33.503,      25.859,       1.953,      13.088,      30.238
 485500         ,      31.966,      26.766,       1.748,      14.283,      28.624
 486000         ,      31.994,      26.498,       1.705,      15.168,      31.245
 486500         ,      32.798,      27.203,       1.601,      14.737,      31.375
 487000         ,      32.368,      26.387,       2.184,      13.543,      28.837
 487500         ,      31.978,      25.774,       1.673,      13.919,      30.040
 488000         ,      31.058,      27.354,       1.344,      14.281,      29.931
 488500         ,      31.274,      25.720,       2.002,      13.018,      28.457
 489000         ,      34.287,      24.821,       2.334,      13.688,      28.580
 489500         ,      32.184,      25.551,       2.054,      13.856,      28.500
 490000         ,      32.500,      27.436,       1.423,      15.269,      30.866
 490500         ,      33.709,      25.455,       2.244,      14.525,      30.770
 491000         ,      32.184,      27.295,       1.959,      15.675,      31.354
 491500         ,      31.203,      27.832,       1.135,      15.938,      31.134
 492000         ,      33.021,      27.831,       2.270,      15.920,      30.171
 492500         ,      32.565,      26.918,       2.441,      14.200,      29.619
 493000         ,      33.292,      26.527,       1.466,      14.980,      30.578
 493500         ,      33.068,      26.126,       1.532,      14.838,      30.599
 494000         ,      32.409,      24.841,       1.687,      14.176,      29.185
 494500         ,      31.995,      28.428,       1.699,      15.893,      31.124
 495000         ,      33.724,      25.495,       1.948,      13.658,      29.643
 495500         ,      31.799,      27.815,       2.630,      16.221,      29.292
 496000         ,      32.484,      25.033,       2.020,      14.384,      29.612
 496500         ,      32.757,      26.191,       1.849,      15.094,      29.793
 497000         ,      32.728,      24.099,       1.833,      13.115,      28.057
 497500         ,      32.723,      28.008,       1.558,      15.654,      31.869
 498000         ,      32.043,      26.455,       1.591,      14.707,      30.683
 498500         ,      32.507,      26.117,       1.586,      15.239,      30.580
 499000         ,      31.290,      26.096,       2.343,      14.100,      28.269
 499500         ,      32.740,      27.115,       1.825,      15.058,      30.902
 500000         ,      32.555,      27.127,       1.443,      14.403,      31.516
