--------------------------------------------------------------------------------
S H A P E   v2.1         Continuous Shape Measures calculation
(c) 2013  Electronic Structure Group, Universitat de Barcelona
                   Contact:  llunell@ub.edu                   
--------------------------------------------------------------------------------

coordination ZF1 

HP-6            1 D6h   Hexagon                                            
PPY-6           2 C5v   Pentagonal pyramid                                 
OC-6            3 Oh    Octahedron                                         
TPR-6           4 D3h   Trigonal prism                                     
JPPY-6          5 C5v   Johnson pentagonal pyramid J2                      

Structure [ML6 ]         HP-6        PPY-6         OC-6        TPR-6       JPPY-6
 0              ,      32.539,      26.913,       2.187,      14.917,      29.580
 500            ,      32.851,      27.357,       1.308,      15.228,      30.399
 1000           ,      32.866,      27.492,       1.198,      15.413,      30.712
 1500           ,      32.119,      25.400,       1.205,      12.466,      29.883
 2000           ,      31.445,      27.776,       1.475,      15.391,      30.139
 2500           ,      30.880,      28.131,       1.593,      16.387,      29.645
 3000           ,      32.008,      27.583,       1.176,      15.253,      30.991
 3500           ,      31.441,      26.813,       1.376,      15.931,      29.477
 4000           ,      32.927,      28.895,       1.170,      16.463,      31.576
 4500           ,      30.736,      27.522,       1.515,      15.680,      29.952
 5000           ,      31.998,      26.576,       1.469,      15.063,      31.119
 5500           ,      32.194,      24.898,       1.929,      13.658,      28.210
 6000           ,      32.581,      28.345,       1.184,      15.575,      31.128
 6500           ,      31.904,      26.298,       1.263,      15.292,      29.220
 7000           ,      31.431,      26.634,       1.826,      14.589,      28.601
 7500           ,      33.001,      26.606,       1.026,      14.331,      30.495
 8000           ,      33.843,      26.875,       1.926,      15.336,      31.409
 8500           ,      31.832,      27.777,       1.173,      15.763,      29.867
 9000           ,      31.992,      26.308,       1.632,      15.056,      28.345
 9500           ,      32.007,      27.410,       1.315,      13.557,      30.177
 10000          ,      31.389,      26.827,       1.676,      15.479,      29.574
 10500          ,      31.623,      26.268,       1.793,      15.145,      30.998
 11000          ,      30.792,      27.520,       1.364,      16.092,      30.802
 11500          ,      33.608,      26.786,       1.844,      15.607,      30.138
 12000          ,      30.875,      25.313,       1.604,      14.178,      28.627
 12500          ,      33.173,      27.211,       1.660,      15.642,      30.649
 13000          ,      30.493,      26.707,       1.905,      15.143,      28.594
 13500          ,      32.125,      28.626,       0.979,      16.457,      31.511
 14000          ,      31.936,      25.910,       1.524,      12.996,      30.325
 14500          ,      32.863,      28.219,       0.989,      15.938,      31.781
 15000          ,      33.711,      26.912,       1.230,      15.542,      30.166
 15500          ,      32.191,      27.332,       1.576,      15.255,      29.580
 16000          ,      31.973,      24.534,       1.351,      13.570,      28.996
 16500          ,      32.628,      26.083,       1.920,      13.700,      27.871
 17000          ,      33.539,      28.121,       2.214,      16.866,      31.702
 17500          ,      33.007,      28.198,       1.072,      16.058,      30.539
 18000          ,      31.402,      27.069,       1.513,      16.210,      31.151
 18500          ,      31.835,      27.783,       0.863,      16.284,      30.995
 19000          ,      31.610,      27.079,       1.340,      14.974,      30.184
 19500          ,      32.439,      26.085,       1.741,      14.789,      30.268
 20000          ,      31.919,      26.447,       1.253,      15.382,      30.335
 20500          ,      33.131,      27.743,       1.166,      14.569,      30.166
 21000          ,      32.242,      27.331,       1.322,      14.313,      30.663
 21500          ,      32.541,      27.616,       0.967,      16.378,      31.964
 22000          ,      31.198,      26.349,       1.266,      14.566,      29.308
 22500          ,      31.007,      27.378,       1.277,      14.763,      29.908
 23000          ,      33.493,      27.209,       1.851,      14.488,      29.509
 23500          ,      31.400,      23.827,       1.592,      13.149,      26.024
 24000          ,      31.243,      27.798,       1.354,      15.368,      31.151
 24500          ,      32.842,      25.838,       1.741,      14.740,      28.980
 25000          ,      30.345,      27.207,       1.698,      15.618,      29.533
 25500          ,      31.780,      26.789,       1.524,      15.998,      29.396
 26000          ,      31.625,      27.016,       1.143,      15.707,      30.207
 26500          ,      32.739,      28.084,       1.924,      16.549,      31.218
 27000          ,      32.402,      25.831,       1.575,      14.855,      28.920
 27500          ,      31.653,      28.161,       1.735,      15.614,      31.169
 28000          ,      31.747,      28.197,       0.985,      14.682,      30.540
 28500          ,      32.656,      27.341,       1.291,      15.866,      30.760
 29000          ,      31.237,      25.272,       2.218,      13.465,      28.382
 29500          ,      31.075,      26.470,       1.194,      16.187,      28.828
 30000          ,      31.753,      23.795,       1.916,      11.272,      28.468
 30500          ,      31.185,      25.919,       3.034,      12.624,      27.737
 31000          ,      31.914,      27.726,       1.050,      15.825,      30.901
 31500          ,      31.953,      27.851,       1.038,      14.827,      31.078
 32000          ,      33.540,      28.855,       1.280,      16.890,      32.033
 32500          ,      32.220,      24.015,       2.159,      15.394,      26.707
 33000          ,      32.142,      26.426,       1.998,      15.409,      28.406
 33500          ,      32.280,      26.203,       1.537,      15.889,      29.406
 34000          ,      31.299,      26.986,       0.907,      15.133,      30.136
 34500          ,      31.227,      28.283,       1.160,      16.100,      30.237
 35000          ,      31.328,      26.946,       1.267,      15.662,      29.373
 35500          ,      31.454,      27.322,       1.099,      15.982,      30.853
 36000          ,      30.351,      25.310,       1.428,      13.801,      28.344
 36500          ,      32.156,      28.292,       0.729,      15.920,      32.260
 37000          ,      32.500,      27.155,       1.608,      14.590,      30.542
 37500          ,      33.043,      26.238,       1.265,      14.825,      30.168
 38000          ,      32.261,      27.964,       1.001,      14.875,      30.944
 38500          ,      32.448,      27.704,       1.290,      15.593,      31.098
 39000          ,      32.177,      27.213,       1.813,      13.799,      28.918
 39500          ,      33.396,      26.730,       1.089,      14.049,      29.919
 40000          ,      29.421,      26.891,       1.551,      16.930,      29.450
 40500          ,      32.386,      26.360,       1.010,      14.134,      29.595
 41000          ,      32.293,      26.710,       1.251,      15.663,      30.022
 41500          ,      33.006,      28.435,       1.055,      15.974,      30.709
 42000          ,      31.784,      25.875,       1.684,      14.348,      29.416
 42500          ,      32.333,      25.644,       1.680,      14.978,      29.193
 43000          ,      32.054,      28.593,       1.212,      15.714,      31.354
 43500          ,      30.595,      26.352,       1.438,      14.266,      29.296
 44000          ,      31.423,      26.567,       1.416,      15.176,      30.170
 44500          ,      31.643,      27.846,       1.573,      16.319,      30.845
 45000          ,      33.929,      23.909,       2.181,      12.656,      26.696
 45500          ,      32.856,      25.426,       1.974,      14.651,      27.591
 46000          ,      33.506,      27.014,       1.539,      14.869,      29.638
 46500          ,      31.720,      26.021,       1.669,      14.100,      28.139
 47000          ,      32.815,      26.681,       1.605,      14.949,      30.494
 47500          ,      31.886,      26.265,       1.548,      14.020,      28.844
 48000          ,      31.244,      26.982,       1.948,      14.493,      29.233
 48500          ,      33.026,      25.480,       1.375,      15.220,      29.422
 49000          ,      33.327,      27.138,       1.478,      14.874,      30.599
 49500          ,      31.484,      25.583,       1.241,      14.857,      29.598
 50000          ,      32.960,      25.676,       1.505,      13.621,      28.347
 50500          ,      30.095,      26.508,       1.876,      16.009,      28.235
 51000          ,      31.078,      28.324,       1.567,      16.481,      30.955
 51500          ,      32.332,      28.468,       1.171,      15.555,      31.393
 52000          ,      33.315,      27.486,       1.397,      14.807,      29.831
 52500          ,      32.368,      24.735,       1.626,      12.847,      27.643
 53000          ,      32.883,      26.071,       1.625,      13.418,      28.887
 53500          ,      31.878,      27.567,       0.691,      15.864,      30.927
 54000          ,      30.880,      27.692,       1.819,      15.881,      29.989
 54500          ,      32.160,      28.035,       1.356,      16.179,      30.455
 55000          ,      31.809,      26.613,       1.029,      16.051,      29.979
 55500          ,      32.463,      26.967,       1.503,      15.843,      30.739
 56000          ,      31.197,      27.596,       1.119,      16.690,      30.430
 56500          ,      33.217,      26.042,       1.378,      13.158,      30.479
 57000          ,      32.889,      25.793,       2.404,      13.694,      27.659
 57500          ,      32.110,      27.976,       1.365,      15.140,      30.102
 58000          ,      33.384,      27.317,       1.502,      14.545,      30.231
 58500          ,      33.075,      25.867,       1.408,      12.412,      29.116
 59000          ,      31.734,      24.730,       1.736,      11.953,      28.481
 59500          ,      31.938,      27.863,       0.993,      15.980,      30.847
 60000          ,      32.372,      28.311,       1.096,      15.538,      31.768
 60500          ,      32.835,      26.287,       1.488,      13.750,      29.306
 61000          ,      32.039,      26.793,       1.415,      16.533,      30.207
 61500          ,      31.681,      27.913,       1.831,      16.147,      30.585
 62000          ,      33.272,      28.654,       1.697,      16.577,      31.303
 62500          ,      32.042,      25.605,       2.220,      13.506,      29.023
 63000          ,      32.797,      27.942,       1.211,      15.849,      31.698
 63500          ,      32.169,      26.180,       1.291,      13.040,      29.474
 64000          ,      33.747,      28.477,       1.264,      16.326,      32.662
 64500          ,      32.177,      25.782,       1.892,      11.791,      29.141
 65000          ,      28.925,      27.362,       1.675,      15.367,      29.884
 65500          ,      32.341,      28.937,       1.146,      16.309,      31.972
 66000          ,      33.260,      25.959,       2.060,      13.895,      28.826
 66500          ,      31.891,      27.159,       1.238,      14.277,      29.830
 67000          ,      31.584,      26.948,       2.190,      15.389,      29.134
 67500          ,      31.791,      27.675,       1.440,      16.231,      30.303
 68000          ,      31.596,      25.698,       1.706,      12.739,      27.802
 68500          ,      32.839,      28.558,       0.898,      16.245,      31.735
 69000          ,      33.613,      27.091,       1.109,      14.731,      31.231
 69500          ,      31.540,      24.886,       1.937,      12.892,      27.708
 70000          ,      32.373,      27.366,       1.273,      15.021,      30.585
 70500          ,      32.558,      24.372,       2.051,      12.054,      26.967
 71000          ,      31.788,      26.794,       1.992,      14.835,      28.628
 71500          ,      32.156,      26.688,       1.884,      14.789,      29.091
 72000          ,      32.778,      24.740,       2.089,      12.332,      29.501
 72500          ,      32.891,      28.738,       1.253,      16.213,      31.621
 73000          ,      32.033,      25.358,       1.738,      14.597,      30.031
 73500          ,      32.709,      26.650,       0.940,      14.070,      30.603
 74000          ,      33.020,      27.264,       0.918,      13.944,      30.799
 74500          ,      33.476,      26.873,       1.537,      14.202,      30.664
 75000          ,      30.462,      26.044,       1.569,      14.580,      28.661
 75500          ,      31.766,      25.881,       1.329,      14.852,      27.879
 76000          ,      29.161,      27.404,       1.192,      16.592,      30.224
 76500          ,      33.390,      27.941,       1.812,      16.950,      31.748
 77000          ,      32.859,      27.887,       1.238,      15.838,      30.502
 77500          ,      32.371,      25.390,       1.709,      13.353,      28.599
 78000          ,      33.237,      27.322,       1.040,      14.159,      30.809
 78500          ,      30.184,      26.031,       1.710,      15.594,      27.788
 79000          ,      31.802,      28.440,       0.928,      16.496,      31.127
 79500          ,      33.394,      24.620,       2.464,      13.892,      29.608
 80000          ,      32.193,      26.713,       1.522,      15.426,      29.188
 80500          ,      33.068,      26.901,       1.558,      15.425,      30.245
 81000          ,      32.430,      26.649,       1.023,      13.513,      30.160
 81500          ,      33.333,      25.790,       1.873,      13.981,      28.452
 82000          ,      33.388,      27.601,       1.141,      15.657,      31.150
 82500          ,      31.651,      27.116,       1.210,      14.292,      29.715
 83000          ,      32.607,      27.721,       1.274,      15.263,      30.532
 83500          ,      31.746,      28.034,       1.620,      16.714,      31.229
 84000          ,      31.349,      27.056,       1.749,      15.859,      29.900
 84500          ,      31.963,      26.749,       1.270,      15.347,      29.861
 85000          ,      31.737,      27.625,       2.037,      15.554,      30.111
 85500          ,      32.256,      26.025,       1.492,      13.200,      28.155
 86000          ,      32.340,      23.834,       2.059,      13.624,      28.326
 86500          ,      32.663,      25.039,       1.765,      14.565,      27.950
 87000          ,      31.977,      24.966,       1.979,      12.173,      29.216
 87500          ,      33.257,      26.530,       1.629,      15.550,      30.756
 88000          ,      31.555,      26.215,       1.339,      15.713,      28.960
 88500          ,      32.979,      26.868,       1.587,      14.218,      30.424
 89000          ,      32.341,      26.668,       1.438,      14.847,      29.049
 89500          ,      33.056,      25.836,       2.073,      12.782,      29.319
 90000          ,      33.036,      27.340,       1.349,      16.255,      29.906
 90500          ,      32.699,      28.129,       1.432,      17.027,      30.793
 91000          ,      32.440,      27.101,       1.503,      15.572,      30.313
 91500          ,      32.687,      26.013,       1.917,      12.937,      29.098
 92000          ,      31.184,      25.506,       1.666,      14.425,      27.240
 92500          ,      32.909,      26.699,       1.359,      14.428,      29.693
 93000          ,      33.163,      27.437,       1.329,      15.255,      30.412
 93500          ,      32.548,      28.215,       1.527,      16.192,      31.597
 94000          ,      32.448,      27.738,       1.487,      16.344,      31.464
 94500          ,      31.895,      27.382,       1.688,      14.853,      30.288
 95000          ,      32.419,      27.042,       0.891,      16.172,      30.573
 95500          ,      32.284,      25.778,       1.369,      14.441,      30.540
 96000          ,      33.560,      28.201,       1.622,      15.966,      31.834
 96500          ,      32.847,      26.394,       1.068,      14.624,      30.190
 97000          ,      32.918,      27.158,       1.523,      15.695,      30.674
 97500          ,      31.271,      27.301,       1.847,      16.520,      29.977
 98000          ,      32.472,      26.686,       1.401,      15.500,      29.256
 98500          ,      31.278,      27.577,       1.652,      14.706,      29.562
 99000          ,      32.461,      25.120,       1.934,      12.375,      27.491
 99500          ,      29.912,      25.509,       1.453,      13.781,      27.576
 100000         ,      30.067,      27.179,       1.825,      16.560,      29.615
 100500         ,      33.347,      28.087,       0.984,      15.407,      31.323
 101000         ,      32.390,      28.712,       2.115,      16.842,      30.878
 101500         ,      32.103,      27.301,       1.220,      16.410,      30.725
 102000         ,      32.025,      28.200,       1.252,      15.492,      31.343
 102500         ,      31.957,      27.319,       0.996,      15.913,      30.224
 103000         ,      32.283,      26.518,       1.362,      14.638,      28.955
 103500         ,      32.685,      27.791,       1.249,      16.830,      30.869
 104000         ,      32.891,      28.877,       1.096,      16.015,      31.781
 104500         ,      33.417,      27.979,       1.214,      16.377,      31.188
 105000         ,      33.213,      28.105,       1.593,      16.701,      31.357
 105500         ,      32.384,      27.059,       1.143,      15.495,      30.209
 106000         ,      32.992,      26.655,       1.501,      14.394,      30.074
 106500         ,      32.703,      27.844,       0.931,      16.178,      31.125
 107000         ,      33.649,      26.680,       1.496,      14.296,      30.152
 107500         ,      33.173,      25.877,       1.530,      13.289,      28.272
 108000         ,      32.375,      27.834,       1.421,      15.449,      31.145
 108500         ,      33.353,      26.017,       1.612,      14.322,      30.051
 109000         ,      31.493,      27.664,       1.114,      15.724,      30.294
 109500         ,      32.852,      27.380,       1.430,      16.532,      30.597
 110000         ,      32.249,      28.122,       1.558,      16.947,      30.820
 110500         ,      33.215,      26.670,       1.729,      13.788,      29.455
 111000         ,      31.492,      27.473,       1.408,      15.118,      29.656
 111500         ,      29.682,      24.060,       2.015,      11.740,      26.466
 112000         ,      32.166,      25.479,       1.723,      13.649,      28.719
 112500         ,      32.853,      28.464,       0.986,      15.151,      31.556
 113000         ,      31.632,      26.429,       1.840,      15.350,      29.165
 113500         ,      33.175,      27.343,       0.831,      15.312,      30.122
 114000         ,      31.792,      26.951,       1.313,      14.839,      30.130
 114500         ,      30.970,      25.981,       1.263,      15.119,      28.384
 115000         ,      33.129,      27.749,       1.546,      15.922,      31.157
 115500         ,      32.744,      26.797,       1.613,      14.430,      30.188
 116000         ,      33.200,      25.725,       1.429,      14.317,      30.229
 116500         ,      31.277,      25.556,       1.473,      13.883,      29.888
 117000         ,      31.864,      23.851,       1.926,      12.622,      26.628
 117500         ,      31.919,      28.201,       1.040,      15.299,      30.497
 118000         ,      32.016,      26.542,       1.169,      15.047,      29.902
 118500         ,      31.654,      27.692,       1.757,      14.696,      30.864
 119000         ,      33.173,      27.830,       2.188,      15.884,      30.989
 119500         ,      32.209,      26.801,       1.427,      15.414,      29.536
 120000         ,      32.669,      26.356,       1.049,      15.000,      29.277
 120500         ,      33.023,      26.568,       1.594,      14.485,      29.602
 121000         ,      32.316,      27.862,       1.182,      15.843,      30.851
 121500         ,      31.882,      27.901,       1.507,      16.033,      30.237
 122000         ,      30.638,      26.805,       0.994,      16.109,      29.682
 122500         ,      32.959,      27.431,       1.322,      16.102,      30.779
 123000         ,      30.805,      27.937,       1.476,      16.567,      30.277
 123500         ,      31.813,      27.684,       1.115,      16.162,      29.811
 124000         ,      33.537,      26.773,       1.439,      13.969,      29.761
 124500         ,      30.123,      27.024,       2.030,      17.072,      30.115
 125000         ,      32.506,      25.859,       1.650,      14.066,      29.160
 125500         ,      31.689,      27.626,       1.074,      15.143,      30.063
 126000         ,      31.479,      27.355,       1.546,      14.418,      30.501
 126500         ,      33.154,      27.520,       1.370,      15.218,      31.558
 127000         ,      31.812,      27.113,       1.116,      15.584,      30.108
 127500         ,      32.916,      25.879,       1.960,      14.236,      30.255
 128000         ,      32.364,      27.180,       1.522,      16.949,      30.445
 128500         ,      30.748,      27.440,       1.728,      16.713,      30.232
 129000         ,      30.240,      24.435,       2.255,      12.757,      26.642
 129500         ,      32.571,      27.816,       1.872,      15.665,      29.497
 130000         ,      31.274,      26.738,       1.734,      14.931,      29.770
 130500         ,      31.946,      27.979,       0.994,      15.967,      31.184
 131000         ,      32.240,      27.804,       1.153,      14.976,      31.538
 131500         ,      30.957,      26.547,       1.730,      15.836,      28.578
 132000         ,      32.262,      28.213,       0.882,      15.783,      32.041
 132500         ,      34.236,      26.899,       2.733,      14.571,      29.463
 133000         ,      33.020,      26.295,       1.651,      14.428,      28.581
 133500         ,      32.359,      26.523,       1.554,      15.072,      29.791
 134000         ,      33.015,      26.855,       1.825,      16.234,      29.904
 134500         ,      32.343,      26.954,       1.103,      14.612,      30.110
 135000         ,      32.659,      25.614,       1.306,      14.228,      28.123
 135500         ,      33.315,      26.620,       1.589,      13.909,      29.288
 136000         ,      31.546,      27.174,       1.555,      16.156,      31.207
 136500         ,      32.021,      27.952,       1.397,      16.447,      30.739
 137000         ,      33.001,      25.851,       1.613,      13.882,      29.077
 137500         ,      32.634,      25.334,       1.905,      12.509,      28.426
 138000         ,      32.759,      27.119,       2.033,      15.449,      29.568
 138500         ,      32.753,      25.740,       2.345,      12.964,      27.595
 139000         ,      32.569,      27.828,       2.315,      16.123,      29.678
 139500         ,      33.308,      27.212,       1.130,      15.397,      30.200
 140000         ,      31.411,      27.929,       1.797,      16.339,      30.598
 140500         ,      31.976,      26.567,       2.014,      13.963,      28.794
 141000         ,      31.379,      27.353,       1.366,      16.509,      30.478
 141500         ,      32.855,      28.614,       1.547,      16.750,      31.869
 142000         ,      32.359,      26.664,       1.337,      15.191,      28.718
 142500         ,      32.018,      27.767,       1.140,      15.486,      30.247
 143000         ,      32.190,      27.972,       1.551,      15.617,      31.417
 143500         ,      32.049,      25.596,       1.499,      14.480,      28.909
 144000         ,      32.005,      24.949,       1.582,      14.063,      28.193
 144500         ,      32.085,      27.745,       1.961,      16.479,      30.798
 145000         ,      32.362,      28.494,       1.356,      16.921,      31.144
 145500         ,      32.139,      26.351,       1.214,      14.671,      29.469
 146000         ,      30.417,      25.217,       1.948,      14.649,      27.661
 146500         ,      31.892,      27.543,       1.297,      15.174,      31.376
 147000         ,      32.419,      27.826,       1.093,      15.999,      30.025
 147500         ,      33.401,      28.477,       0.904,      16.365,      31.829
 148000         ,      33.517,      28.356,       1.346,      16.210,      32.452
 148500         ,      30.459,      27.847,       1.092,      16.081,      30.753
 149000         ,      32.751,      27.173,       1.459,      14.815,      29.879
 149500         ,      32.403,      28.344,       1.155,      15.974,      31.370
 150000         ,      33.349,      26.693,       1.150,      14.959,      30.036
 150500         ,      33.116,      25.776,       1.414,      13.366,      30.014
 151000         ,      33.235,      27.484,       1.783,      15.260,      31.972
 151500         ,      32.486,      25.006,       2.365,      14.724,      28.199
 152000         ,      33.034,      27.797,       1.232,      14.450,      30.125
 152500         ,      33.209,      26.357,       1.235,      13.171,      30.306
 153000         ,      32.392,      28.097,       1.219,      16.228,      30.416
 153500         ,      32.060,      27.389,       1.565,      17.002,      30.788
 154000         ,      32.999,      27.741,       1.612,      16.847,      30.193
 154500         ,      33.351,      28.518,       1.276,      15.973,      31.414
 155000         ,      30.804,      26.613,       1.350,      13.573,      28.870
 155500         ,      31.147,      27.364,       1.233,      15.635,      30.964
 156000         ,      32.459,      26.678,       1.169,      15.292,      30.739
 156500         ,      33.428,      25.581,       2.264,      15.099,      29.018
 157000         ,      31.554,      25.093,       1.274,      14.350,      28.004
 157500         ,      29.384,      26.074,       1.430,      16.409,      28.849
 158000         ,      31.046,      28.855,       1.056,      16.799,      31.021
 158500         ,      32.414,      28.714,       1.006,      15.531,      31.268
 159000         ,      33.390,      26.718,       2.148,      15.490,      29.446
 159500         ,      30.186,      27.128,       1.495,      15.803,      29.106
 160000         ,      32.465,      26.416,       1.468,      14.493,      29.012
 160500         ,      33.105,      27.174,       1.490,      14.910,      29.990
 161000         ,      33.329,      27.453,       0.861,      16.389,      30.626
 161500         ,      32.487,      24.992,       1.614,      12.481,      28.437
 162000         ,      33.327,      27.061,       1.189,      14.504,      30.455
 162500         ,      31.496,      26.297,       1.705,      14.615,      28.461
 163000         ,      31.809,      27.823,       1.173,      16.482,      31.686
 163500         ,      31.651,      27.173,       1.418,      16.315,      30.778
 164000         ,      31.329,      26.635,       1.257,      14.565,      29.308
 164500         ,      32.332,      25.183,       2.327,      13.713,      30.086
 165000         ,      31.614,      25.712,       1.506,      14.334,      28.791
 165500         ,      29.518,      27.015,       1.424,      16.393,      29.737
 166000         ,      32.220,      27.610,       1.251,      15.831,      30.416
 166500         ,      32.463,      27.850,       0.800,      15.783,      31.320
 167000         ,      32.422,      25.660,       1.152,      14.768,      30.648
 167500         ,      32.876,      25.468,       1.971,      14.837,      29.252
 168000         ,      33.495,      27.954,       1.157,      15.231,      31.411
 168500         ,      31.915,      25.857,       1.518,      14.574,      28.966
 169000         ,      32.323,      28.345,       0.793,      16.208,      31.736
 169500         ,      32.153,      27.909,       1.614,      15.518,      30.578
 170000         ,      31.040,      24.567,       1.907,      13.497,      26.680
 170500         ,      31.065,      27.456,       1.387,      15.798,      29.589
 171000         ,      31.339,      24.984,       1.430,      13.005,      28.044
 171500         ,      32.538,      27.759,       0.914,      15.759,      30.861
 172000         ,      32.815,      27.856,       1.316,      16.217,      31.150
 172500         ,      30.824,      26.546,       1.162,      15.393,      28.983
 173000         ,      32.994,      27.001,       1.404,      15.993,      29.178
 173500         ,      31.678,      27.037,       1.716,      14.017,      29.748
 174000         ,      32.274,      27.328,       1.658,      14.480,      30.136
 174500         ,      32.630,      26.383,       1.906,      13.194,      29.603
 175000         ,      33.244,      27.878,       1.477,      14.805,      30.493
 175500         ,      32.975,      27.461,       1.911,      14.092,      29.965
 176000         ,      33.340,      27.575,       1.351,      14.638,      31.213
 176500         ,      32.053,      28.208,       1.460,      15.900,      31.126
 177000         ,      32.441,      27.568,       1.247,      16.193,      31.537
 177500         ,      32.009,      25.835,       2.205,      13.511,      28.942
 178000         ,      31.251,      25.146,       1.821,      14.382,      29.598
 178500         ,      32.624,      28.282,       0.885,      15.708,      31.532
 179000         ,      33.767,      25.567,       1.537,      13.793,      28.346
 179500         ,      32.930,      28.055,       1.226,      15.644,      30.234
 180000         ,      32.668,      28.442,       1.316,      16.269,      31.461
 180500         ,      32.759,      27.927,       1.130,      15.315,      30.715
 181000         ,      32.018,      28.164,       1.560,      16.174,      31.578
 181500         ,      31.943,      25.674,       1.636,      12.218,      28.779
 182000         ,      33.260,      27.382,       1.325,      15.108,      30.685
 182500         ,      32.988,      28.414,       1.416,      15.877,      31.728
 183000         ,      31.995,      28.023,       1.463,      16.297,      30.055
 183500         ,      32.769,      27.069,       1.310,      14.734,      29.475
 184000         ,      32.908,      27.906,       1.478,      15.844,      30.167
 184500         ,      33.100,      26.665,       1.377,      14.308,      31.214
 185000         ,      32.634,      27.133,       1.444,      15.914,      31.152
 185500         ,      31.193,      26.198,       1.599,      12.868,      28.298
 186000         ,      32.362,      27.605,       1.364,      14.200,      29.755
 186500         ,      32.749,      27.924,       1.203,      16.377,      30.816
 187000         ,      30.877,      26.293,       1.404,      15.486,      30.692
 187500         ,      31.290,      25.783,       1.582,      13.988,      28.545
 188000         ,      32.316,      25.218,       1.535,      13.509,      28.021
 188500         ,      33.019,      25.050,       1.964,      12.803,      29.786
 189000         ,      32.459,      26.763,       1.448,      14.863,      29.860
 189500         ,      31.780,      28.215,       1.664,      17.063,      31.314
 190000         ,      32.589,      25.677,       1.331,      14.566,      30.070
 190500         ,      30.949,      26.681,       1.484,      14.800,      29.498
 191000         ,      31.929,      28.344,       1.373,      16.566,      31.470
 191500         ,      32.353,      28.403,       1.215,      16.413,      31.520
 192000         ,      32.880,      27.796,       1.364,      15.715,      29.930
 192500         ,      33.642,      26.751,       1.460,      15.150,      29.661
 193000         ,      31.887,      27.856,       1.878,      16.817,      31.235
 193500         ,      33.600,      28.586,       1.314,      16.641,      31.188
 194000         ,      33.447,      26.371,       1.945,      14.901,      29.589
 194500         ,      32.799,      27.827,       1.898,      15.063,      30.892
 195000         ,      30.089,      26.304,       1.508,      15.744,      28.999
 195500         ,      33.471,      28.893,       1.312,      16.721,      32.395
 196000         ,      32.384,      25.877,       1.732,      14.960,      28.121
 196500         ,      30.205,      26.025,       2.033,      15.042,      29.460
 197000         ,      32.423,      25.866,       1.762,      13.445,      30.267
 197500         ,      33.021,      27.352,       1.440,      15.163,      29.926
 198000         ,      33.159,      26.851,       0.965,      14.733,      30.056
 198500         ,      32.731,      27.202,       1.226,      15.254,      29.962
 199000         ,      30.991,      26.524,       0.972,      14.804,      30.342
 199500         ,      31.828,      25.236,       1.433,      14.131,      28.089
 200000         ,      32.597,      26.338,       1.427,      14.948,      29.578
 200500         ,      33.254,      26.827,       1.237,      15.909,      29.874
 201000         ,      32.808,      26.561,       2.238,      14.605,      29.673
 201500         ,      32.572,      27.682,       1.915,      15.353,      30.255
 202000         ,      30.759,      25.660,       1.686,      13.117,      27.662
 202500         ,      32.726,      27.670,       1.811,      16.216,      30.073
 203000         ,      31.346,      27.189,       1.072,      15.253,      30.463
 203500         ,      31.815,      26.688,       1.575,      14.026,      28.536
 204000         ,      31.912,      25.224,       2.100,      14.013,      29.061
 204500         ,      32.231,      28.027,       1.096,      16.084,      31.388
 205000         ,      32.199,      25.471,       1.546,      14.489,      30.056
 205500         ,      32.286,      26.274,       1.769,      15.116,      29.265
 206000         ,      31.915,      24.783,       2.366,      12.637,      28.106
 206500         ,      33.907,      26.753,       2.081,      13.743,      28.859
 207000         ,      31.050,      26.213,       1.301,      14.498,      28.887
 207500         ,      31.916,      27.402,       1.028,      15.341,      30.853
 208000         ,      32.862,      25.203,       1.782,      12.213,      29.152
 208500         ,      32.480,      28.592,       1.648,      16.279,      30.881
 209000         ,      32.623,      27.850,       1.644,      15.417,      31.079
 209500         ,      33.338,      26.766,       1.139,      13.974,      30.070
 210000         ,      32.869,      28.373,       1.180,      16.733,      31.728
 210500         ,      31.787,      25.433,       1.773,      13.122,      29.074
 211000         ,      32.736,      27.200,       1.353,      15.820,      30.477
 211500         ,      31.852,      24.019,       2.068,      13.084,      26.851
 212000         ,      33.091,      27.056,       0.860,      14.308,      29.958
 212500         ,      32.418,      27.744,       1.593,      15.984,      30.788
 213000         ,      32.821,      27.012,       1.575,      15.225,      30.163
 213500         ,      31.467,      27.796,       1.306,      16.307,      30.851
 214000         ,      31.459,      27.032,       1.774,      15.853,      30.298
 214500         ,      33.292,      26.605,       1.339,      15.771,      29.645
 215000         ,      32.815,      27.785,       1.514,      15.426,      31.157
 215500         ,      30.307,      27.567,       1.436,      16.572,      30.254
 216000         ,      33.888,      26.844,       1.566,      14.298,      29.742
 216500         ,      30.780,      26.252,       2.942,      13.010,      27.822
 217000         ,      33.434,      26.253,       1.771,      14.005,      30.311
 217500         ,      32.567,      26.543,       1.504,      16.418,      29.721
 218000         ,      32.244,      27.194,       1.234,      15.520,      29.808
 218500         ,      31.596,      28.380,       1.644,      15.782,      31.788
 219000         ,      32.770,      26.647,       1.258,      13.496,      29.809
 219500         ,      32.635,      27.923,       1.294,      15.732,      30.821
 220000         ,      32.731,      26.951,       1.205,      14.789,      31.097
 220500         ,      31.758,      27.172,       1.987,      16.252,      31.278
 221000         ,      31.547,      26.876,       1.163,      14.526,      29.573
 221500         ,      31.522,      26.181,       1.850,      14.457,      28.430
 222000         ,      33.135,      28.725,       2.636,      16.589,      31.713
 222500         ,      31.604,      26.412,       1.498,      14.249,      28.641
 223000         ,      31.851,      28.652,       0.894,      16.598,      31.196
 223500         ,      32.165,      25.322,       1.874,      13.829,      30.172
 224000         ,      32.710,      27.007,       1.937,      14.362,      30.096
 224500         ,      32.919,      26.057,       1.457,      14.330,      28.447
 225000         ,      31.433,      26.728,       1.451,      15.317,      28.775
 225500         ,      32.856,      29.052,       1.196,      16.718,      31.575
 226000         ,      33.004,      25.175,       1.833,      14.461,      28.731
 226500         ,      32.612,      27.788,       1.827,      15.551,      31.256
 227000         ,      31.820,      27.083,       1.113,      15.746,      29.399
 227500         ,      32.334,      27.141,       1.206,      15.294,      31.700
 228000         ,      32.534,      27.838,       1.697,      16.688,      31.168
 228500         ,      32.673,      27.393,       1.344,      14.600,      30.460
 229000         ,      32.146,      27.293,       1.385,      13.953,      29.711
 229500         ,      31.042,      27.168,       1.569,      15.108,      29.823
 230000         ,      32.493,      28.269,       1.220,      16.798,      31.572
 230500         ,      33.396,      27.860,       0.998,      14.895,      31.520
 231000         ,      33.448,      28.069,       1.918,      16.341,      31.477
 231500         ,      32.580,      26.421,       1.306,      14.972,      28.922
 232000         ,      33.023,      27.034,       1.434,      15.030,      31.339
 232500         ,      32.510,      27.800,       2.117,      16.387,      31.738
 233000         ,      30.698,      26.069,       1.431,      14.174,      29.671
 233500         ,      31.743,      27.570,       1.409,      15.853,      30.818
 234000         ,      33.658,      27.402,       1.690,      14.916,      31.234
 234500         ,      33.277,      26.050,       1.591,      14.495,      29.053
 235000         ,      31.820,      26.996,       1.895,      15.124,      29.976
 235500         ,      31.579,      28.376,       1.623,      16.134,      31.745
 236000         ,      33.761,      28.899,       1.726,      16.925,      31.455
 236500         ,      31.524,      27.995,       1.404,      16.265,      30.441
 237000         ,      32.941,      27.541,       1.303,      15.239,      30.610
 237500         ,      31.312,      27.515,       1.104,      15.742,      30.079
 238000         ,      31.824,      27.042,       1.461,      15.316,      30.357
 238500         ,      31.965,      27.098,       1.211,      14.932,      30.283
 239000         ,      32.227,      28.067,       1.218,      15.375,      31.341
 239500         ,      32.757,      25.853,       1.244,      15.432,      29.024
 240000         ,      31.801,      25.664,       1.879,      14.416,      27.710
 240500         ,      31.977,      28.185,       1.880,      15.880,      29.886
 241000         ,      30.875,      28.019,       1.257,      16.997,      30.765
 241500         ,      32.206,      26.539,       1.232,      14.494,      28.709
 242000         ,      31.699,      27.450,       1.640,      14.459,      29.538
 242500         ,      32.043,      26.179,       1.735,      13.321,      28.734
 243000         ,      30.741,      26.934,       1.115,      14.441,      29.581
 243500         ,      32.435,      28.501,       1.599,      15.996,      30.718
 244000         ,      31.317,      26.917,       1.194,      14.837,      30.169
 244500         ,      30.943,      26.550,       1.265,      15.908,      29.383
 245000         ,      31.958,      27.705,       1.278,      16.674,      31.002
 245500         ,      32.419,      25.912,       1.975,      13.314,      29.584
 246000         ,      31.484,      26.176,       1.123,      13.957,      28.270
 246500         ,      33.697,      27.798,       1.286,      15.831,      30.884
 247000         ,      31.889,      25.198,       1.528,      15.106,      28.192
 247500         ,      32.482,      27.349,       1.201,      14.968,      31.054
 248000         ,      32.450,      23.403,       1.811,      13.075,      27.967
 248500         ,      32.908,      28.485,       1.479,      16.267,      31.578
 249000         ,      32.671,      25.878,       2.277,      13.229,      28.589
 249500         ,      31.843,      26.074,       1.271,      15.114,      28.774
 250000         ,      32.068,      27.162,       1.920,      14.778,      29.183
 250500         ,      32.111,      28.290,       1.490,      15.995,      30.840
 251000         ,      32.175,      27.928,       1.137,      15.809,      31.411
 251500         ,      33.260,      26.747,       1.107,      14.158,      29.508
 252000         ,      32.417,      26.936,       1.235,      15.567,      29.912
 252500         ,      32.178,      26.677,       1.438,      16.290,      30.862
 253000         ,      33.416,      28.912,       1.450,      16.907,      31.745
 253500         ,      33.505,      27.454,       1.033,      15.187,      31.514
 254000         ,      32.937,      26.626,       1.556,      13.657,      29.688
 254500         ,      32.369,      27.685,       0.979,      16.261,      30.842
 255000         ,      31.843,      28.419,       1.374,      16.395,      30.804
 255500         ,      30.742,      26.604,       1.440,      16.257,      28.779
 256000         ,      32.310,      26.434,       2.054,      14.506,      28.606
 256500         ,      32.623,      28.172,       1.532,      16.000,      30.126
 257000         ,      33.384,      27.358,       1.311,      16.079,      31.788
 257500         ,      32.868,      26.599,       1.910,      14.957,      30.530
 258000         ,      32.809,      27.075,       1.121,      14.146,      30.252
 258500         ,      33.676,      26.344,       1.546,      14.004,      28.874
 259000         ,      31.805,      27.953,       1.704,      15.879,      30.219
 259500         ,      32.542,      28.197,       1.110,      15.964,      31.415
 260000         ,      30.243,      27.273,       1.151,      14.373,      29.806
 260500         ,      32.070,      26.511,       1.285,      14.392,      30.320
 261000         ,      32.825,      27.790,       1.170,      16.327,      30.755
 261500         ,      32.181,      27.891,       1.369,      16.409,      29.872
 262000         ,      31.089,      27.793,       1.351,      16.080,      30.527
 262500         ,      32.829,      24.567,       2.356,      11.688,      29.252
 263000         ,      33.170,      25.559,       1.621,      14.756,      27.949
 263500         ,      32.586,      27.148,       1.480,      15.109,      29.331
 264000         ,      32.406,      26.445,       1.580,      14.687,      29.752
 264500         ,      32.325,      27.673,       1.481,      15.943,      31.949
 265000         ,      33.511,      28.102,       2.047,      15.730,      30.739
 265500         ,      32.833,      27.620,       1.767,      15.507,      30.622
 266000         ,      30.948,      27.273,       1.753,      14.629,      29.292
 266500         ,      32.797,      28.525,       1.178,      16.280,      31.326
 267000         ,      33.310,      26.855,       1.150,      14.784,      31.124
 267500         ,      32.271,      27.541,       1.483,      15.774,      30.386
 268000         ,      31.731,      25.133,       1.579,      13.432,      28.495
 268500         ,      31.115,      27.652,       1.059,      16.701,      30.272
 269000         ,      32.244,      26.944,       1.657,      15.122,      29.671
 269500         ,      32.982,      28.195,       1.162,      16.069,      31.088
 270000         ,      31.667,      27.123,       1.617,      14.910,      30.384
 270500         ,      33.237,      28.089,       1.808,      16.656,      31.328
 271000         ,      31.416,      26.470,       1.627,      15.627,      29.495
 271500         ,      32.597,      26.255,       1.441,      15.415,      29.170
 272000         ,      32.722,      28.598,       1.414,      16.782,      30.849
 272500         ,      31.873,      27.443,       1.218,      16.764,      30.507
 273000         ,      31.950,      25.384,       1.501,      13.752,      29.919
 273500         ,      31.281,      27.568,       1.211,      15.273,      29.542
 274000         ,      32.890,      26.826,       1.173,      16.074,      30.011
 274500         ,      32.995,      28.299,       1.635,      17.540,      30.956
 275000         ,      31.833,      26.807,       1.380,      14.357,      29.745
 275500         ,      31.858,      26.312,       1.691,      13.984,      30.382
 276000         ,      31.842,      25.383,       2.134,      14.608,      28.522
 276500         ,      32.592,      26.667,       1.472,      13.971,      29.055
 277000         ,      32.134,      26.870,       1.060,      15.672,      30.722
 277500         ,      33.328,      26.720,       1.874,      15.368,      30.251
 278000         ,      31.967,      28.223,       0.953,      16.677,      31.237
 278500         ,      33.619,      28.571,       1.580,      17.006,      32.461
 279000         ,      32.804,      26.625,       1.605,      14.878,      31.285
 279500         ,      32.725,      28.400,       1.258,      16.246,      30.807
 280000         ,      32.687,      25.201,       1.849,      11.994,      29.320
 280500         ,      32.192,      28.560,       1.265,      16.247,      30.595
 281000         ,      32.659,      28.017,       0.926,      15.779,      30.855
 281500         ,      33.088,      25.804,       1.530,      14.147,      29.287
 282000         ,      32.750,      26.179,       1.280,      12.651,      29.612
 282500         ,      32.628,      28.491,       1.175,      17.095,      30.842
 283000         ,      33.447,      27.660,       1.238,      15.487,      30.106
 283500         ,      31.362,      24.455,       1.513,      13.383,      27.429
 284000         ,      32.452,      27.431,       2.333,      15.753,      29.199
 284500         ,      33.422,      27.060,       1.415,      15.573,      29.997
 285000         ,      31.582,      26.929,       1.441,      15.191,      29.906
 285500         ,      32.033,      27.630,       1.371,      15.644,      31.003
 286000         ,      32.247,      28.032,       1.549,      16.346,      31.241
 286500         ,      32.781,      26.189,       1.573,      13.077,      30.010
 287000         ,      33.288,      25.526,       1.618,      14.186,      30.048
 287500         ,      32.952,      27.376,       2.173,      15.593,      30.162
 288000         ,      32.983,      28.393,       1.303,      16.159,      31.503
 288500         ,      31.428,      27.309,       1.361,      15.875,      31.185
 289000         ,      31.919,      27.948,       1.483,      15.998,      30.603
 289500         ,      32.983,      27.830,       1.471,      15.055,      30.444
 290000         ,      32.294,      27.927,       1.314,      15.333,      30.749
 290500         ,      32.372,      27.024,       1.230,      15.140,      30.154
 291000         ,      32.544,      27.647,       1.477,      15.793,      30.828
 291500         ,      33.228,      27.787,       1.029,      15.739,      31.741
 292000         ,      31.661,      26.897,       0.738,      14.977,      30.666
 292500         ,      31.832,      27.287,       1.371,      14.399,      30.582
 293000         ,      32.528,      27.875,       1.624,      15.396,      30.290
 293500         ,      30.586,      23.887,       2.457,      12.555,      28.528
 294000         ,      33.016,      28.501,       0.831,      15.473,      31.664
 294500         ,      31.965,      26.137,       1.361,      15.339,      30.024
 295000         ,      32.209,      27.344,       1.344,      16.297,      30.370
 295500         ,      32.218,      25.845,       1.126,      13.536,      29.840
 296000         ,      32.452,      26.003,       1.971,      13.085,      28.532
 296500         ,      32.097,      27.223,       1.364,      15.579,      30.854
 297000         ,      32.102,      25.044,       1.392,      13.602,      28.704
 297500         ,      31.321,      23.124,       1.752,      12.507,      27.778
 298000         ,      32.586,      27.513,       1.115,      15.505,      31.230
 298500         ,      32.587,      27.195,       1.373,      15.087,      30.066
 299000         ,      31.030,      27.430,       1.466,      16.490,      29.342
 299500         ,      32.858,      27.930,       1.350,      15.676,      30.091
 300000         ,      31.470,      27.402,       1.632,      16.151,      29.923
 300500         ,      32.574,      27.117,       2.054,      15.043,      29.109
 301000         ,      31.210,      27.561,       1.086,      14.973,      30.724
 301500         ,      31.287,      27.801,       1.093,      16.640,      30.640
 302000         ,      32.351,      28.049,       1.717,      16.492,      30.786
 302500         ,      32.618,      26.314,       1.457,      15.496,      30.523
 303000         ,      32.261,      27.828,       1.251,      15.881,      30.881
 303500         ,      32.794,      26.147,       1.957,      14.663,      29.011
 304000         ,      30.768,      25.747,       1.487,      14.367,      28.448
 304500         ,      32.021,      26.496,       1.450,      14.973,      29.670
 305000         ,      32.599,      26.957,       1.783,      14.852,      29.638
 305500         ,      31.796,      26.475,       1.483,      13.650,      29.496
 306000         ,      31.808,      26.265,       1.888,      13.186,      29.222
 306500         ,      33.309,      28.013,       1.193,      15.789,      31.296
 307000         ,      33.435,      27.149,       1.726,      14.403,      29.898
 307500         ,      31.922,      25.728,       1.536,      15.357,      29.099
 308000         ,      32.862,      27.441,       1.476,      16.050,      31.877
 308500         ,      33.434,      28.081,       1.312,      16.347,      31.684
 309000         ,      31.585,      25.128,       1.904,      14.145,      27.469
 309500         ,      32.110,      27.959,       1.059,      15.240,      31.157
 310000         ,      33.585,      28.494,       1.274,      15.538,      31.408
 310500         ,      32.472,      26.012,       1.732,      14.705,      28.972
 311000         ,      32.137,      27.759,       1.564,      14.980,      29.892
 311500         ,      32.199,      28.543,       1.842,      17.150,      31.748
 312000         ,      32.401,      27.532,       1.799,      16.353,      31.359
 312500         ,      32.351,      27.738,       1.292,      16.542,      30.601
 313000         ,      32.319,      27.758,       1.637,      15.919,      30.285
 313500         ,      30.898,      24.351,       1.753,      13.211,      26.664
 314000         ,      33.238,      28.078,       1.345,      16.654,      31.555
 314500         ,      31.697,      27.257,       1.469,      16.050,      30.584
 315000         ,      32.031,      26.347,       1.383,      16.239,      29.237
 315500         ,      33.644,      26.025,       1.941,      13.843,      29.320
 316000         ,      31.306,      28.272,       1.604,      15.698,      30.671
 316500         ,      31.278,      27.343,       1.590,      15.649,      30.107
 317000         ,      32.757,      27.812,       1.629,      15.462,      29.883
 317500         ,      32.244,      26.766,       1.585,      15.136,      30.588
 318000         ,      32.137,      26.468,       1.425,      16.181,      29.541
 318500         ,      31.561,      27.616,       0.726,      16.012,      30.924
 319000         ,      32.484,      25.885,       1.306,      14.614,      30.773
 319500         ,      32.380,      28.265,       1.206,      16.496,      31.436
 320000         ,      34.268,      25.629,       2.593,      13.638,      28.610
 320500         ,      31.794,      27.659,       2.092,      15.569,      29.754
 321000         ,      31.743,      26.790,       1.383,      15.162,      29.137
 321500         ,      32.490,      28.314,       1.108,      15.931,      30.689
 322000         ,      32.482,      28.139,       1.488,      15.559,      29.971
 322500         ,      33.094,      28.005,       1.268,      16.121,      31.030
 323000         ,      31.915,      27.255,       1.116,      14.879,      30.412
 323500         ,      30.809,      25.780,       1.329,      14.461,      28.628
 324000         ,      30.440,      26.773,       1.830,      14.883,      28.714
 324500         ,      32.123,      27.834,       1.230,      15.330,      30.877
 325000         ,      32.468,      26.724,       1.623,      15.217,      29.973
 325500         ,      32.581,      27.496,       1.429,      15.248,      31.297
 326000         ,      32.813,      27.615,       1.209,      14.279,      30.484
 326500         ,      30.593,      25.594,       1.355,      15.299,      28.837
 327000         ,      33.621,      26.273,       1.557,      13.496,      30.491
 327500         ,      30.771,      26.441,       1.201,      15.291,      29.202
 328000         ,      30.881,      27.176,       0.952,      15.715,      29.566
 328500         ,      30.783,      26.537,       1.560,      15.187,      28.462
 329000         ,      32.626,      26.179,       1.299,      13.975,      29.648
 329500         ,      33.235,      27.576,       1.564,      15.556,      30.926
 330000         ,      31.927,      26.917,       1.193,      14.519,      30.097
 330500         ,      32.416,      26.236,       1.743,      14.046,      29.285
 331000         ,      33.862,      26.683,       1.762,      13.768,      29.613
 331500         ,      31.310,      27.567,       1.191,      15.149,      30.056
 332000         ,      31.945,      26.989,       1.519,      14.153,      29.625
 332500         ,      31.659,      26.388,       1.763,      14.884,      29.569
 333000         ,      33.293,      27.549,       1.073,      15.034,      31.448
 333500         ,      33.473,      24.022,       1.839,      11.804,      28.634
 334000         ,      32.107,      26.247,       1.360,      15.122,      29.726
 334500         ,      32.781,      28.322,       2.170,      17.403,      30.377
 335000         ,      32.313,      25.875,       1.327,      15.838,      28.884
 335500         ,      31.209,      26.336,       1.501,      14.355,      28.491
 336000         ,      32.712,      27.483,       1.504,      15.479,      31.113
 336500         ,      32.259,      24.695,       1.894,      13.503,      27.849
 337000         ,      32.958,      27.040,       0.837,      15.195,      30.294
 337500         ,      30.852,      24.320,       1.850,      12.901,      26.343
 338000         ,      32.965,      27.411,       1.321,      15.227,      30.724
 338500         ,      33.002,      26.524,       1.150,      15.266,      31.481
 339000         ,      31.759,      27.786,       1.569,      15.951,      30.069
 339500         ,      31.425,      25.336,       1.622,      13.263,      29.743
 340000         ,      33.358,      26.327,       1.951,      13.821,      28.976
 340500         ,      32.331,      26.634,       1.619,      14.696,      28.867
 341000         ,      32.303,      27.667,       2.280,      15.176,      30.111
 341500         ,      32.296,      25.107,       1.739,      14.514,      28.087
 342000         ,      32.182,      27.652,       1.258,      14.861,      30.620
 342500         ,      32.104,      27.756,       1.102,      16.133,      30.839
 343000         ,      33.042,      25.479,       1.618,      13.199,      28.949
 343500         ,      32.618,      27.307,       1.699,      14.580,      30.339
 344000         ,      33.085,      25.773,       2.148,      13.750,      30.044
 344500         ,      30.260,      24.874,       1.291,      14.914,      29.165
 345000         ,      30.981,      27.910,       1.033,      14.490,      30.033
 345500         ,      31.754,      26.402,       1.854,      14.720,      29.238
 346000         ,      31.979,      26.880,       1.540,      15.573,      30.091
 346500         ,      32.465,      24.443,       1.784,      13.511,      27.294
 347000         ,      32.654,      26.629,       1.617,      14.553,      29.740
 347500         ,      32.313,      27.937,       1.133,      15.623,      31.280
 348000         ,      32.105,      26.711,       1.744,      14.981,      28.875
 348500         ,      32.532,      26.425,       1.504,      13.519,      29.534
 349000         ,      31.538,      27.813,       1.226,      15.617,      30.736
 349500         ,      32.054,      26.149,       1.063,      14.166,      30.123
 350000         ,      30.969,      27.733,       2.198,      15.891,      29.600
 350500         ,      32.687,      28.209,       1.029,      15.533,      31.462
 351000         ,      30.418,      25.550,       1.552,      14.367,      28.635
 351500         ,      32.087,      26.754,       2.158,      13.672,      29.319
 352000         ,      31.239,      24.201,       2.180,      12.011,      26.495
 352500         ,      31.980,      27.385,       2.149,      15.053,      29.942
 353000         ,      33.264,      26.314,       1.497,      15.413,      29.717
 353500         ,      33.300,      25.969,       1.668,      13.236,      28.938
 354000         ,      29.689,      26.422,       1.310,      13.387,      28.731
 354500         ,      32.773,      27.500,       1.151,      15.576,      30.837
 355000         ,      32.187,      27.802,       1.470,      15.790,      30.331
 355500         ,      32.989,      24.136,       1.547,      12.741,      28.717
 356000         ,      31.671,      26.486,       1.628,      15.393,      29.443
 356500         ,      32.654,      27.887,       1.341,      15.902,      31.036
 357000         ,      33.332,      25.749,       1.095,      13.924,      29.834
 357500         ,      32.528,      27.954,       1.236,      17.124,      31.570
 358000         ,      30.788,      25.716,       1.010,      14.495,      30.021
 358500         ,      31.644,      27.722,       1.291,      15.627,      30.086
 359000         ,      31.912,      28.415,       1.792,      16.963,      31.254
 359500         ,      32.692,      26.066,       1.305,      13.962,      30.193
 360000         ,      32.192,      26.825,       1.484,      15.213,      29.233
 360500         ,      31.670,      27.153,       1.157,      16.048,      30.816
 361000         ,      32.861,      28.066,       1.095,      16.848,      30.987
 361500         ,      32.777,      28.437,       1.132,      16.022,      31.628
 362000         ,      32.312,      27.159,       1.455,      14.123,      30.495
 362500         ,      31.483,      27.784,       1.800,      15.496,      31.119
 363000         ,      31.964,      28.731,       0.932,      16.791,      31.177
 363500         ,      32.474,      27.377,       1.212,      16.637,      30.477
 364000         ,      31.850,      27.659,       1.151,      15.070,      30.463
 364500         ,      31.250,      26.446,       1.287,      15.311,      29.291
 365000         ,      32.397,      26.364,       1.228,      15.592,      29.772
 365500         ,      33.145,      26.568,       1.587,      14.419,      29.744
 366000         ,      31.559,      26.268,       1.716,      14.526,      29.925
 366500         ,      28.503,      24.488,       1.455,      14.405,      28.240
 367000         ,      32.201,      27.532,       1.554,      15.846,      29.305
 367500         ,      31.608,      27.695,       1.351,      16.312,      30.481
 368000         ,      33.714,      27.197,       1.679,      14.355,      30.822
 368500         ,      32.747,      25.328,       2.075,      13.633,      27.668
 369000         ,      33.331,      27.112,       1.565,      14.608,      31.377
 369500         ,      32.997,      27.698,       1.049,      15.603,      30.168
 370000         ,      30.762,      26.555,       1.636,      14.298,      28.969
 370500         ,      32.935,      28.196,       1.531,      16.724,      31.344
 371000         ,      33.560,      26.709,       1.582,      14.029,      29.562
 371500         ,      31.216,      26.669,       1.369,      16.335,      30.133
 372000         ,      33.118,      26.120,       1.393,      13.645,      30.234
 372500         ,      31.025,      28.102,       0.877,      15.667,      31.288
 373000         ,      33.521,      25.668,       1.658,      13.402,      29.022
 373500         ,      32.943,      25.832,       1.624,      14.263,      29.651
 374000         ,      31.709,      25.715,       1.690,      15.083,      28.376
 374500         ,      32.690,      26.589,       1.309,      15.135,      30.833
 375000         ,      33.369,      25.480,       1.763,      14.511,      30.143
 375500         ,      32.356,      26.859,       1.589,      14.744,      29.982
 376000         ,      33.512,      27.392,       1.241,      14.225,      30.140
 376500         ,      32.648,      25.650,       1.134,      13.498,      30.097
 377000         ,      31.802,      27.317,       1.462,      16.491,      30.341
 377500         ,      31.682,      26.338,       1.778,      14.443,      29.368
 378000         ,      31.953,      27.816,       1.466,      15.769,      31.558
 378500         ,      32.866,      26.072,       1.708,      14.478,      28.793
 379000         ,      31.589,      27.285,       1.142,      14.726,      30.164
 379500         ,      33.136,      28.019,       1.407,      14.842,      30.851
 380000         ,      31.785,      28.198,       1.197,      15.913,      31.375
 380500         ,      31.917,      27.156,       1.230,      14.266,      29.645
 381000         ,      33.016,      25.468,       1.707,      13.708,      30.281
 381500         ,      32.461,      26.554,       1.597,      16.061,      31.530
 382000         ,      33.274,      27.916,       1.537,      16.359,      31.049
 382500         ,      33.458,      28.765,       1.605,      16.211,      31.338
 383000         ,      32.570,      25.834,       1.961,      14.544,      29.167
 383500         ,      32.019,      28.646,       1.319,      17.123,      31.015
 384000         ,      32.690,      25.787,       1.605,      14.335,      27.887
 384500         ,      31.145,      26.478,       1.279,      14.110,      30.701
 385000         ,      32.602,      27.505,       1.344,      15.457,      30.844
 385500         ,      32.633,      24.239,       1.824,      13.819,      27.920
 386000         ,      32.398,      27.674,       1.098,      15.332,      30.756
 386500         ,      33.488,      28.050,       1.974,      16.933,      30.799
 387000         ,      32.682,      26.390,       1.192,      14.093,      29.863
 387500         ,      32.654,      26.408,       1.888,      14.456,      29.635
 388000         ,      33.164,      28.818,       0.528,      16.252,      32.107
 388500         ,      33.159,      27.218,       1.503,      16.054,      30.668
 389000         ,      31.946,      27.720,       1.400,      14.895,      31.037
 389500         ,      31.421,      25.770,       1.491,      14.377,      29.959
 390000         ,      30.638,      27.219,       1.820,      15.511,      29.996
 390500         ,      33.070,      27.015,       1.386,      13.575,      29.672
 391000         ,      31.874,      25.318,       2.218,      14.302,      27.041
 391500         ,      32.276,      26.550,       1.679,      12.985,      29.166
 392000         ,      32.703,      26.400,       1.465,      14.129,      28.982
 392500         ,      33.192,      27.592,       0.985,      15.535,      31.047
 393000         ,      33.186,      24.672,       2.036,      13.585,      28.553
 393500         ,      33.018,      25.237,       1.698,      14.076,      29.154
 394000         ,      32.378,      27.993,       1.206,      15.814,      29.722
 394500         ,      32.316,      28.078,       1.156,      16.313,      30.558
 395000         ,      32.174,      22.382,       2.850,      10.278,      25.900
 395500         ,      30.964,      25.943,       1.165,      14.817,      30.240
 396000         ,      32.864,      27.859,       0.656,      15.520,      31.218
 396500         ,      32.694,      24.300,       1.343,      13.411,      27.696
 397000         ,      32.354,      24.863,       1.692,      13.589,      28.964
 397500         ,      31.434,      27.655,       0.688,      15.756,      31.140
 398000         ,      33.312,      27.692,       1.079,      15.666,      30.975
 398500         ,      30.970,      27.019,       1.289,      15.502,      29.337
 399000         ,      31.309,      25.554,       2.001,      14.609,      28.913
 399500         ,      32.844,      27.701,       1.026,      15.088,      30.618
 400000         ,      33.630,      28.019,       1.477,      16.034,      30.893
 400500         ,      33.382,      28.062,       1.013,      15.296,      30.968
 401000         ,      32.116,      28.702,       1.348,      16.563,      31.129
 401500         ,      32.517,      26.491,       1.649,      13.780,      28.571
 402000         ,      32.612,      27.592,       1.015,      15.773,      30.672
 402500         ,      32.173,      26.979,       1.420,      14.357,      29.333
 403000         ,      32.423,      28.174,       1.220,      15.746,      31.629
 403500         ,      32.722,      27.939,       1.265,      15.591,      31.342
 404000         ,      27.527,      26.835,       1.317,      16.727,      28.768
 404500         ,      33.366,      26.570,       1.680,      15.746,      31.364
 405000         ,      32.853,      26.867,       1.200,      15.380,      31.137
 405500         ,      31.349,      28.271,       0.912,      14.720,      30.661
 406000         ,      32.575,      27.402,       1.703,      16.735,      30.678
 406500         ,      32.120,      27.747,       1.657,      16.024,      30.800
 407000         ,      33.455,      26.978,       1.418,      15.041,      29.739
 407500         ,      29.870,      25.107,       1.597,      14.308,      27.360
 408000         ,      32.365,      27.408,       0.989,      14.161,      30.464
 408500         ,      32.022,      28.217,       1.642,      16.861,      30.752
 409000         ,      31.621,      24.974,       2.573,      13.312,      27.589
 409500         ,      32.124,      26.860,       1.875,      16.436,      30.285
 410000         ,      32.762,      27.468,       1.108,      15.911,      30.921
 410500         ,      31.729,      27.598,       1.376,      15.233,      30.622
 411000         ,      31.648,      27.473,       1.930,      14.521,      29.733
 411500         ,      30.688,      27.384,       1.683,      16.270,      30.715
 412000         ,      33.044,      28.141,       1.275,      15.835,      30.969
 412500         ,      33.843,      27.933,       1.843,      16.233,      31.768
 413000         ,      33.849,      28.110,       1.729,      16.606,      31.716
 413500         ,      33.148,      27.862,       1.423,      15.710,      30.972
 414000         ,      34.144,      26.001,       2.732,      13.547,      28.927
 414500         ,      32.855,      27.017,       1.286,      15.385,      30.348
 415000         ,      32.702,      28.408,       1.717,      16.224,      31.361
 415500         ,      30.399,      24.519,       2.244,      10.590,      26.663
 416000         ,      33.151,      27.260,       1.528,      15.354,      30.938
 416500         ,      31.667,      27.136,       1.606,      15.303,      29.962
 417000         ,      30.666,      27.833,       1.826,      16.437,      29.537
 417500         ,      33.209,      26.442,       1.610,      14.395,      29.979
 418000         ,      32.943,      26.011,       1.551,      15.320,      29.235
 418500         ,      31.962,      28.385,       1.140,      15.468,      30.582
 419000         ,      31.935,      26.149,       1.601,      14.065,      30.041
 419500         ,      30.183,      25.131,       1.852,      14.388,      29.635
 420000         ,      32.253,      26.538,       1.198,      15.316,      30.928
 420500         ,      33.259,      26.787,       1.264,      15.253,      30.878
 421000         ,      31.788,      27.757,       0.881,      16.091,      30.142
 421500         ,      32.514,      26.452,       1.310,      14.590,      29.146
 422000         ,      33.106,      26.964,       1.021,      14.364,      29.660
 422500         ,      33.088,      27.141,       1.217,      16.228,      30.260
 423000         ,      33.299,      25.937,       1.885,      15.057,      28.751
 423500         ,      32.089,      26.676,       0.947,      15.484,      29.852
 424000         ,      31.674,      25.874,       1.151,      14.561,      30.131
 424500         ,      32.085,      26.627,       1.762,      14.507,      29.265
 425000         ,      30.747,      26.856,       0.827,      15.752,      30.390
 425500         ,      31.608,      25.201,       2.031,      13.874,      28.553
 426000         ,      32.613,      26.384,       1.292,      14.700,      29.161
 426500         ,      30.780,      27.428,       1.690,      16.551,      29.487
 427000         ,      31.011,      26.813,       1.311,      15.703,      30.063
 427500         ,      33.248,      27.290,       1.461,      14.332,      29.828
 428000         ,      33.621,      26.904,       2.010,      14.709,      31.229
 428500         ,      33.123,      27.358,       1.716,      14.305,      30.866
 429000         ,      31.311,      24.552,       1.915,      13.521,      28.170
 429500         ,      33.417,      26.376,       1.493,      14.266,      29.573
 430000         ,      31.369,      28.021,       1.219,      16.424,      31.266
 430500         ,      33.094,      26.815,       2.128,      14.981,      29.729
 431000         ,      33.329,      26.433,       1.152,      14.835,      29.401
 431500         ,      31.944,      25.489,       1.546,      14.756,      29.621
 432000         ,      32.862,      26.849,       2.143,      15.487,      30.747
 432500         ,      33.155,      26.484,       1.224,      14.964,      30.402
 433000         ,      33.131,      26.361,       1.699,      14.719,      30.964
 433500         ,      32.810,      28.523,       1.111,      16.247,      32.085
 434000         ,      32.223,      28.099,       1.110,      15.792,      31.169
 434500         ,      32.041,      28.176,       1.362,      16.533,      31.039
 435000         ,      31.110,      26.222,       1.797,      13.665,      28.147
 435500         ,      32.805,      26.567,       1.361,      15.670,      29.749
 436000         ,      31.738,      27.516,       1.245,      15.540,      29.557
 436500         ,      31.907,      26.179,       1.162,      14.771,      28.960
 437000         ,      32.744,      27.916,       1.007,      16.784,      31.105
 437500         ,      32.179,      25.849,       1.562,      13.729,      28.036
 438000         ,      31.689,      28.501,       1.132,      16.484,      30.784
 438500         ,      32.577,      27.773,       1.471,      16.333,      30.012
 439000         ,      33.133,      28.346,       1.266,      16.545,      31.462
 439500         ,      32.308,      27.447,       1.132,      15.576,      30.486
 440000         ,      33.925,      26.766,       1.699,      14.759,      31.324
 440500         ,      32.239,      27.533,       0.935,      16.283,      30.173
 441000         ,      32.632,      27.042,       1.281,      16.367,      31.508
 441500         ,      31.684,      27.306,       1.738,      15.931,      30.755
 442000         ,      32.622,      27.997,       1.380,      16.018,      30.386
 442500         ,      32.489,      27.940,       1.525,      15.108,      31.102
 443000         ,      32.500,      28.573,       1.013,      17.005,      31.658
 443500         ,      33.352,      27.891,       1.210,      15.936,      31.763
 444000         ,      33.672,      28.489,       1.806,      16.589,      31.226
 444500         ,      31.982,      28.527,       1.349,      16.872,      31.537
 445000         ,      32.606,      26.914,       1.199,      15.303,      30.121
 445500         ,      31.668,      25.309,       1.787,      13.888,      27.974
 446000         ,      32.282,      25.950,       1.608,      12.917,      28.570
 446500         ,      32.294,      26.330,       1.643,      13.089,      29.123
 447000         ,      32.553,      27.676,       1.516,      14.687,      29.813
 447500         ,      31.451,      25.413,       1.605,      14.387,      28.467
 448000         ,      32.362,      27.380,       0.930,      15.075,      31.446
 448500         ,      33.505,      25.709,       1.400,      13.799,      29.334
 449000         ,      33.004,      24.698,       1.920,      12.919,      27.351
 449500         ,      32.732,      27.218,       1.334,      15.227,      31.312
 450000         ,      33.374,      27.230,       1.077,      14.797,      31.762
 450500         ,      29.962,      25.467,       1.786,      14.166,      27.753
 451000         ,      31.245,      27.248,       1.444,      15.380,      30.145
 451500         ,      30.832,      27.358,       1.717,      15.150,      29.146
 452000         ,      33.333,      24.458,       2.154,      13.074,      27.830
 452500         ,      32.816,      27.377,       1.472,      14.999,      30.290
 453000         ,      30.578,      23.301,       1.840,      12.254,      26.902
 453500         ,      32.336,      27.747,       1.597,      16.349,      30.763
 454000         ,      32.512,      28.033,       0.879,      15.925,      31.412
 454500         ,      31.273,      26.091,       1.384,      13.663,      28.513
 455000         ,      33.211,      27.430,       2.167,      15.774,      30.144
 455500         ,      33.293,      25.339,       2.159,      13.376,      29.655
 456000         ,      31.991,      27.901,       1.087,      15.414,      31.044
 456500         ,      32.065,      28.671,       1.288,      16.781,      30.808
 457000         ,      32.317,      27.620,       1.038,      15.356,      30.256
 457500         ,      32.753,      28.752,       1.129,      16.139,      31.157
 458000         ,      32.351,      27.723,       1.957,      15.273,      30.379
 458500         ,      33.017,      28.750,       1.076,      16.401,      32.019
 459000         ,      31.623,      26.012,       1.269,      14.672,      29.179
 459500         ,      31.001,      26.079,       2.054,      13.744,      28.735
 460000         ,      31.308,      27.413,       1.414,      14.380,      29.559
 460500         ,      33.613,      25.662,       1.439,      13.599,      30.000
 461000         ,      33.542,      25.941,       1.492,      14.692,      30.890
 461500         ,      32.252,      26.626,       1.363,      14.754,      30.394
 462000         ,      31.281,      26.948,       1.708,      15.694,      29.589
 462500         ,      31.467,      25.853,       1.743,      14.318,      29.256
 463000         ,      31.868,      27.719,       1.709,      14.382,      30.174
 463500         ,      32.861,      24.339,       1.290,      13.826,      27.474
 464000         ,      32.341,      26.092,       1.415,      15.021,      29.375
 464500         ,      32.788,      25.418,       1.379,      13.159,      28.981
 465000         ,      32.005,      25.854,       1.199,      14.257,      28.959
 465500         ,      33.047,      27.245,       1.281,      14.524,      30.255
 466000         ,      33.075,      25.071,       1.548,      14.640,      28.083
 466500         ,      31.633,      28.338,       1.273,      16.238,      30.547
 467000         ,      31.965,      28.134,       1.655,      17.000,      31.017
 467500         ,      32.942,      27.635,       1.526,      16.005,      30.568
 468000         ,      32.407,      27.425,       1.747,      15.386,      30.256
 468500         ,      31.832,      25.172,       1.153,      15.085,      29.251
 469000         ,      30.740,      26.973,       0.958,      15.446,      29.679
 469500         ,      31.702,      27.086,       1.140,      14.622,      30.798
 470000         ,      33.201,      27.866,       0.784,      15.214,      31.838
 470500         ,      33.565,      26.924,       1.141,      15.180,      30.938
 471000         ,      31.925,      26.096,       1.241,      14.040,      29.658
 471500         ,      33.233,      27.025,       1.331,      15.145,      31.770
 472000         ,      32.645,      27.009,       1.571,      14.711,      30.026
 472500         ,      32.763,      23.352,       1.724,      12.716,      27.920
 473000         ,      33.206,      27.361,       1.017,      15.950,      30.211
 473500         ,      33.183,      28.355,       1.522,      15.961,      30.562
 474000         ,      32.980,      27.396,       1.672,      15.630,      30.714
 474500         ,      33.074,      24.496,       1.611,      12.388,      29.001
 475000         ,      30.419,      25.801,       1.846,      14.146,      28.179
 475500         ,      32.494,      27.281,       1.048,      15.811,      30.368
 476000         ,      31.975,      26.772,       1.048,      14.634,      29.408
 476500         ,      31.701,      26.059,       1.273,      15.053,      29.115
 477000         ,      33.140,      25.051,       2.210,      11.454,      28.036
 477500         ,      32.745,      26.960,       1.324,      15.391,      29.855
 478000         ,      32.238,      27.796,       0.990,      15.177,      30.814
 478500         ,      33.229,      27.098,       1.378,      15.262,      31.226
 479000         ,      32.333,      28.286,       1.161,      15.795,      30.664
 479500         ,      31.115,      26.246,       1.179,      14.218,      29.780
 480000         ,      33.061,      26.632,       1.645,      15.583,      31.763
 480500         ,      31.801,      26.912,       1.252,      15.553,      29.665
 481000         ,      33.035,      24.283,       1.589,      12.975,      28.088
 481500         ,      32.097,      28.802,       1.621,      17.422,      31.141
 482000         ,      32.443,      25.566,       2.325,      13.920,      29.599
 482500         ,      32.428,      25.111,       1.936,      12.873,      28.135
 483000         ,      33.398,      27.147,       1.141,      15.350,      31.184
 483500         ,      32.678,      26.702,       1.412,      13.677,      30.289
 484000         ,      32.620,      27.189,       1.542,      15.248,      30.859
 484500         ,      32.402,      28.810,       1.423,      15.524,      31.525
 485000         ,      31.957,      27.297,       1.280,      15.970,      30.360
 485500         ,      32.095,      26.635,       1.266,      15.663,      30.380
 486000         ,      32.606,      25.515,       1.395,      15.271,      28.798
 486500         ,      32.354,      28.693,       0.899,      16.801,      31.374
 487000         ,      33.221,      28.746,       1.119,      16.831,      31.945
 487500         ,      32.852,      28.096,       1.141,      15.709,      31.518
 488000         ,      31.677,      26.303,       1.559,      14.307,      30.018
 488500         ,      33.186,      28.854,       1.362,      17.364,      32.147
 489000         ,      32.305,      27.653,       0.966,      16.343,      30.654
 489500         ,      32.408,      24.859,       1.593,      12.188,      28.325
 490000         ,      31.455,      26.948,       1.081,      14.981,      30.059
 490500         ,      33.104,      27.075,       1.300,      16.234,      30.917
 491000         ,      34.073,      24.324,       3.233,      11.248,      27.490
 491500         ,      29.920,      27.604,       1.561,      16.108,      29.612
 492000         ,      32.975,      24.458,       1.340,      13.892,      28.966
 492500         ,      33.020,      27.578,       1.164,      16.487,      30.923
 493000         ,      32.012,      26.345,       1.381,      15.172,      29.523
 493500         ,      33.551,      27.209,       1.269,      14.805,      30.752
 494000         ,      32.289,      27.855,       1.062,      16.284,      30.416
 494500         ,      32.871,      26.471,       1.512,      14.258,      29.180
 495000         ,      32.624,      25.840,       1.325,      14.423,      30.233
 495500         ,      31.255,      28.362,       1.445,      15.646,      30.638
 496000         ,      32.436,      27.942,       1.501,      16.691,      31.057
 496500         ,      32.718,      27.866,       0.965,      15.459,      30.926
 497000         ,      30.411,      25.679,       1.353,      14.064,      29.615
 497500         ,      31.316,      28.061,       1.368,      16.123,      31.102
 498000         ,      31.454,      25.793,       1.557,      14.429,      28.451
 498500         ,      31.333,      27.404,       1.232,      15.458,      29.523
 499000         ,      32.068,      27.465,       1.347,      14.952,      30.859
 499500         ,      31.381,      28.405,       1.352,      16.711,      31.056
 500000         ,      30.714,      25.088,       1.951,      12.332,      28.818
