--------------------------------------------------------------------------------
S H A P E   v2.1         Continuous Shape Measures calculation
(c) 2013  Electronic Structure Group, Universitat de Barcelona
                   Contact:  llunell@ub.edu                   
--------------------------------------------------------------------------------

coordination ZF1 

SP-4            1 D4h   Square                                             
T-4             2 Td    Tetrahedron                                        
SS-4            3 C2v   Seesaw                                             
vTBPY-4         4 C3v   Vacant trigonal bipyramid                          

Structure [ML4 ]         SP-4          T-4         SS-4      vTBPY-4
 0              ,      29.793,       0.552,       8.427,       2.844
 1000           ,      31.898,       0.373,       8.163,       2.756
 2000           ,      29.197,       0.412,       7.295,       2.750
 3000           ,      28.916,       1.008,       7.320,       3.407
 4000           ,      32.265,       0.380,       8.626,       2.035
 5000           ,      31.971,       0.321,       8.183,       2.164
 6000           ,      32.056,       0.472,       7.785,       2.128
 7000           ,      32.316,       0.185,       8.776,       2.842
 8000           ,      31.397,       0.457,       7.741,       2.252
 9000           ,      30.453,       0.451,       7.604,       2.332
 10000          ,      30.243,       0.245,       8.396,       3.610
 11000          ,      26.893,       1.107,       6.300,       2.145
 12000          ,      29.911,       0.394,       8.466,       2.862
 13000          ,      31.754,       0.776,       7.655,       1.328
 14000          ,      30.326,       0.524,       7.556,       2.341
 15000          ,      27.908,       0.559,       7.670,       2.916
 16000          ,      23.932,       1.837,       5.572,       4.520
 17000          ,      30.110,       0.528,       7.693,       2.126
 18000          ,      29.368,       0.240,       7.973,       3.263
 19000          ,      30.434,       0.420,       7.433,       2.507
 20000          ,      31.193,       0.793,       7.697,       1.423
 21000          ,      27.146,       0.730,       6.227,       3.552
 22000          ,      26.347,       0.703,       6.540,       3.549
 23000          ,      31.821,       0.390,       7.859,       2.766
 24000          ,      28.462,       0.516,       6.676,       2.828
 25000          ,      29.428,       0.315,       8.241,       3.562
 26000          ,      31.662,       0.073,       9.054,       3.317
 27000          ,      29.749,       0.928,       7.920,       2.715
 28000          ,      31.033,       0.315,       7.136,       2.802
 29000          ,      32.479,       0.347,       7.612,       2.702
 30000          ,      30.717,       0.322,       7.419,       2.383
 31000          ,      27.293,       0.688,       6.236,       3.279
 32000          ,      29.964,       0.737,       6.707,       2.189
 33000          ,      29.025,       0.730,       6.888,       1.849
 34000          ,      30.697,       0.567,       7.690,       3.173
 35000          ,      30.415,       0.591,       8.230,       2.267
 36000          ,      31.609,       0.358,       8.688,       2.537
 37000          ,      29.310,       0.404,       7.506,       3.122
 38000          ,      30.777,       0.511,       7.393,       2.968
 39000          ,      30.740,       0.358,       7.179,       2.565
 40000          ,      32.500,       0.471,       8.193,       2.135
 41000          ,      31.776,       0.211,       8.538,       2.939
 42000          ,      31.673,       0.421,       8.297,       1.989
 43000          ,      31.112,       0.461,       8.391,       2.438
 44000          ,      32.680,       0.365,       7.885,       2.510
 45000          ,      29.996,       0.605,       6.492,       2.684
 46000          ,      28.456,       0.909,       7.625,       1.989
 47000          ,      31.855,       0.547,       8.018,       1.795
 48000          ,      30.527,       1.375,       6.588,       1.395
 49000          ,      26.659,       0.787,       6.841,       3.174
 50000          ,      31.314,       0.798,       8.003,       1.799
 51000          ,      30.404,       0.815,       7.618,       1.611
 52000          ,      29.906,       0.657,       7.207,       1.871
 53000          ,      29.028,       0.636,       7.244,       2.121
 54000          ,      29.855,       0.364,       7.835,       2.564
 55000          ,      31.507,       0.176,       9.061,       3.119
 56000          ,      30.124,       0.571,       8.072,       3.002
 57000          ,      32.927,       0.209,       8.917,       2.340
 58000          ,      29.913,       0.445,       7.301,       3.330
 59000          ,      28.606,       0.610,       6.388,       2.647
 60000          ,      30.274,       0.377,       7.095,       3.021
 61000          ,      32.271,       0.603,       7.447,       1.509
 62000          ,      32.106,       0.390,       7.677,       2.355
 63000          ,      23.376,       1.555,       5.810,       3.680
 64000          ,      31.655,       0.499,       8.421,       2.850
 65000          ,      30.803,       0.463,       7.879,       1.906
 66000          ,      30.124,       0.291,       7.560,       3.223
 67000          ,      32.072,       0.182,       8.493,       2.868
 68000          ,      30.943,       0.233,       8.795,       3.287
 69000          ,      29.062,       0.484,       6.760,       2.960
 70000          ,      29.217,       0.389,       8.128,       3.817
 71000          ,      26.544,       0.952,       6.800,       2.632
 72000          ,      31.890,       0.230,       8.651,       2.421
 73000          ,      29.400,       1.057,       7.916,       1.557
 74000          ,      29.360,       1.015,       7.742,       2.774
 75000          ,      31.630,       0.240,       8.816,       2.899
 76000          ,      30.815,       0.449,       8.061,       2.307
 77000          ,      29.800,       0.416,       6.788,       2.745
 78000          ,      29.802,       0.719,       7.436,       3.209
 79000          ,      30.717,       0.611,       8.613,       2.086
 80000          ,      29.897,       0.416,       7.728,       2.915
 81000          ,      31.160,       0.231,       8.877,       3.411
 82000          ,      27.843,       2.993,       5.668,       0.868
 83000          ,      29.694,       2.807,       4.486,       0.992
 84000          ,      30.338,       2.805,       6.765,       0.806
 85000          ,      23.964,       6.147,       2.084,       3.606
 86000          ,      30.042,       0.383,       7.896,       3.147
 87000          ,      31.622,       0.135,       8.713,       3.286
 88000          ,      31.727,       0.486,       8.446,       1.968
 89000          ,      32.416,       0.146,       8.752,       2.830
 90000          ,      28.587,       0.532,       7.446,       2.676
 91000          ,      32.157,       0.696,       6.656,       2.210
 92000          ,      30.975,       0.429,       7.415,       2.581
 93000          ,      31.948,       0.405,       9.037,       2.454
 94000          ,      29.528,       0.476,       7.675,       3.105
 95000          ,      30.542,       0.610,       8.184,       2.866
 96000          ,      28.751,       0.783,       6.218,       2.467
 97000          ,      32.354,       0.202,       8.825,       2.561
 98000          ,      32.214,       0.277,       8.702,       2.219
 99000          ,      32.801,       0.089,       9.052,       3.048
 100000         ,      31.872,       0.421,       8.433,       2.707
 101000         ,      29.688,       0.655,       8.004,       2.928
 102000         ,      29.760,       0.516,       8.028,       2.937
 103000         ,      29.339,       0.328,       7.530,       3.037
 104000         ,      32.644,       0.242,       8.048,       2.311
 105000         ,      27.599,       0.536,       7.181,       3.589
 106000         ,      32.106,       0.701,       7.581,       1.706
 107000         ,      31.043,       0.440,       7.865,       2.005
 108000         ,      30.497,       0.789,       7.799,       3.118
 109000         ,      29.330,       0.946,       6.008,       2.762
 110000         ,      28.390,       0.612,       6.212,       2.886
 111000         ,      30.653,       0.195,       8.545,       3.099
 112000         ,      28.545,       1.210,       6.488,       1.605
 113000         ,      32.700,       0.572,       7.816,       1.536
 114000         ,      29.098,       0.642,       7.589,       2.139
 115000         ,      28.195,       0.984,       6.281,       3.066
 116000         ,      30.899,       0.693,       7.274,       2.363
 117000         ,      30.462,       0.213,       8.655,       3.074
 118000         ,      30.492,       0.479,       8.193,       2.013
 119000         ,      29.004,       1.071,       5.866,       1.773
 120000         ,      31.065,       0.400,       8.536,       3.261
 121000         ,      30.777,       0.706,       7.804,       2.293
 122000         ,      30.748,       0.408,       7.890,       2.887
 123000         ,      31.891,       0.130,       9.215,       2.953
 124000         ,      31.314,       0.174,       8.495,       3.016
 125000         ,      32.662,       0.239,       9.002,       2.605
 126000         ,      29.057,       0.390,       7.563,       2.717
 127000         ,      31.850,       0.992,       7.095,       2.049
 128000         ,      30.884,       0.738,       8.261,       1.908
 129000         ,      28.793,       0.897,       7.639,       2.909
 130000         ,      30.886,       0.342,       7.819,       2.288
 131000         ,      33.295,       0.713,       7.633,       1.775
 132000         ,      27.062,       1.235,       4.974,       3.049
 133000         ,      28.358,       0.482,       6.970,       3.128
 134000         ,      32.042,       0.991,       7.031,       1.335
 135000         ,      30.585,       0.732,       7.556,       1.833
 136000         ,      30.913,       0.688,       6.909,       2.106
 137000         ,      29.004,       0.716,       6.555,       1.985
 138000         ,      30.438,       0.341,       7.764,       2.462
 139000         ,      28.633,       0.678,       6.916,       2.881
 140000         ,      32.694,       0.664,       7.373,       1.984
 141000         ,      30.267,       0.942,       7.689,       2.507
 142000         ,      32.163,       0.120,       9.361,       2.981
 143000         ,      30.694,       0.426,       8.422,       3.315
 144000         ,      30.628,       0.218,       8.232,       3.029
 145000         ,      30.345,       0.463,       8.802,       2.873
 146000         ,      30.570,       0.276,       7.919,       2.595
 147000         ,      32.714,       0.384,       9.181,       2.436
 148000         ,      30.687,       0.441,       8.027,       2.659
 149000         ,      27.354,       0.891,       7.204,       2.953
 150000         ,      30.257,       0.282,       8.183,       3.053
 151000         ,      31.272,       0.525,       7.686,       2.566
 152000         ,      30.656,       0.783,       8.172,       3.466
 153000         ,      31.447,       0.689,       7.621,       1.745
 154000         ,      29.813,       0.581,       7.529,       3.488
 155000         ,      33.074,       0.333,       8.506,       2.480
 156000         ,      32.840,       0.743,       7.427,       1.563
 157000         ,      32.283,       0.387,       8.527,       2.146
 158000         ,      31.737,       0.562,       7.571,       1.992
 159000         ,      31.170,       0.463,       7.639,       2.278
 160000         ,      28.297,       0.659,       6.417,       2.098
 161000         ,      31.041,       0.671,       7.118,       1.680
 162000         ,      32.949,       0.168,       8.350,       2.617
 163000         ,      31.239,       0.993,       7.283,       1.526
 164000         ,      31.763,       0.254,       7.744,       2.613
 165000         ,      31.306,       0.233,       8.335,       3.187
 166000         ,      31.016,       0.812,       7.998,       2.861
 167000         ,      32.151,       0.267,       8.395,       2.775
 168000         ,      32.929,       0.315,       8.073,       2.853
 169000         ,      32.384,       0.654,       7.196,       2.523
 170000         ,      32.121,       0.343,       8.351,       2.363
 171000         ,      32.945,       0.099,       8.480,       2.919
 172000         ,      32.541,       0.578,       8.081,       2.199
 173000         ,      32.684,       0.260,       8.571,       2.379
 174000         ,      32.252,       0.087,       9.284,       3.379
 175000         ,      26.414,       0.859,       6.186,       2.874
 176000         ,      30.662,       0.614,       7.557,       2.185
 177000         ,      30.760,       0.311,       7.741,       2.695
 178000         ,      28.000,       0.646,       6.300,       2.957
 179000         ,      31.182,       0.842,       6.970,       1.914
 180000         ,      27.809,       0.981,       6.479,       1.897
 181000         ,      30.821,       0.908,       7.538,       1.738
 182000         ,      31.799,       0.169,       8.845,       3.149
 183000         ,      30.115,       0.625,       6.937,       2.036
 184000         ,      27.432,       0.529,       7.196,       3.473
 185000         ,      30.452,       0.615,       8.043,       2.720
 186000         ,      32.045,       0.512,       7.880,       2.230
 187000         ,      27.468,       1.051,       7.110,       2.200
 188000         ,      29.984,       0.635,       8.752,       2.193
 189000         ,      29.760,       0.362,       7.073,       3.137
 190000         ,      26.352,       0.747,       6.769,       3.174
 191000         ,      27.398,       0.849,       7.217,       2.965
 192000         ,      32.691,       0.859,       7.106,       1.387
 193000         ,      29.922,       0.445,       7.674,       2.774
 194000         ,      32.677,       0.453,       8.752,       2.679
 195000         ,      31.996,       0.374,       8.499,       2.292
 196000         ,      29.822,       0.457,       8.427,       2.659
 197000         ,      30.361,       0.395,       7.709,       2.691
 198000         ,      30.669,       0.659,       7.509,       2.335
 199000         ,      31.684,       0.613,       7.379,       2.158
 200000         ,      26.895,       0.894,       7.440,       3.164
 201000         ,      29.989,       0.645,       8.507,       2.258
 202000         ,      27.871,       0.644,       6.244,       2.795
 203000         ,      29.588,       0.585,       7.485,       2.966
 204000         ,      31.223,       0.799,       6.332,       2.537
 205000         ,      31.094,       0.287,       7.609,       2.667
 206000         ,      28.002,       0.686,       6.081,       2.722
 207000         ,      29.466,       2.583,       5.120,       0.757
 208000         ,      23.932,       3.540,       3.823,       2.111
 209000         ,      29.384,       0.755,       6.977,       2.539
 210000         ,      25.199,       2.026,       4.081,       3.021
 211000         ,      21.182,       5.490,       0.994,       4.919
 212000         ,      18.291,       7.593,       0.773,       5.745
 213000         ,      20.386,       7.387,       0.541,       5.923
 214000         ,      27.770,       4.069,       2.727,       1.994
 215000         ,      19.545,       7.246,       0.429,       6.351
 216000         ,      20.187,       6.040,       0.619,       5.421
 217000         ,      20.315,       8.001,       0.660,       6.774
 218000         ,      21.600,       7.073,       1.042,       4.872
 219000         ,      23.543,       6.396,       0.784,       5.198
 220000         ,      18.823,       7.626,       0.607,       6.929
 221000         ,      30.300,       0.316,       7.988,       3.041
 222000         ,      21.645,       6.339,       0.820,       4.462
 223000         ,      21.393,       7.939,       0.644,       6.605
 224000         ,      28.718,       2.992,       5.746,       0.650
 225000         ,      21.396,       6.285,       0.663,       5.614
 226000         ,      29.053,       4.482,       4.400,       1.321
 227000         ,      21.078,       6.490,       0.924,       5.256
 228000         ,      28.228,       2.814,       4.123,       1.168
 229000         ,      30.538,       1.906,       6.623,       0.575
 230000         ,      30.518,       0.619,       8.568,       2.399
 231000         ,      18.016,       7.249,       0.501,       6.642
 232000         ,      21.758,       7.058,       0.536,       5.515
 233000         ,      20.208,       7.372,       0.367,       6.232
 234000         ,      19.669,       8.146,       0.557,       5.761
 235000         ,      19.876,       8.251,       0.172,       7.019
 236000         ,      24.006,       5.687,       0.986,       4.518
 237000         ,      27.483,       4.196,       4.959,       1.223
 238000         ,      19.598,       7.652,       0.953,       5.179
 239000         ,      19.602,       7.400,       0.543,       5.526
 240000         ,      19.862,       7.356,       0.374,       6.360
 241000         ,      19.630,       7.788,       0.707,       6.558
 242000         ,      16.831,       9.917,       0.561,       8.379
 243000         ,      17.752,       9.281,       0.403,       7.335
 244000         ,      19.626,       7.300,       0.608,       5.917
 245000         ,      22.931,       5.979,       1.026,       4.733
 246000         ,      20.475,       7.287,       0.628,       5.802
 247000         ,      20.894,       5.914,       0.705,       5.550
 248000         ,      19.773,       8.150,       0.358,       7.082
 249000         ,      20.512,       6.473,       0.657,       5.488
 250000         ,      21.924,       7.504,       0.492,       5.427
 251000         ,      19.462,       7.596,       0.535,       6.198
 252000         ,      20.427,       5.889,       0.706,       5.537
 253000         ,      18.149,       9.037,       0.280,       7.769
 254000         ,      16.442,       8.978,       0.398,       7.582
 255000         ,      21.032,       6.252,       1.233,       5.218
 256000         ,      21.374,       9.265,       1.858,       6.519
 257000         ,      20.487,       6.840,       0.672,       5.176
 258000         ,      20.354,       7.908,       0.430,       5.996
 259000         ,      19.302,       7.859,       0.528,       5.694
 260000         ,      21.265,       6.694,       0.427,       5.602
 261000         ,      17.151,       7.809,       0.590,       7.134
 262000         ,      17.898,      10.698,       0.717,       7.664
 263000         ,      18.319,       9.129,       0.137,       7.598
 264000         ,      19.062,       8.893,       0.533,       6.753
 265000         ,      17.057,       9.035,       0.680,       6.624
 266000         ,      19.633,       6.474,       0.724,       6.077
 267000         ,      20.883,       6.765,       0.409,       5.867
 268000         ,      19.194,       7.448,       0.398,       6.230
 269000         ,      20.890,       6.575,       0.515,       5.817
 270000         ,      17.380,       7.527,       0.713,       6.320
 271000         ,      21.662,       7.820,       0.551,       5.403
 272000         ,      22.287,       6.979,       0.730,       4.686
 273000         ,      18.088,       7.225,       0.634,       6.458
 274000         ,      31.748,       3.143,       6.610,       0.264
 275000         ,      14.675,       9.564,       0.664,       8.709
 276000         ,      33.124,       0.158,       8.722,       3.012
 277000         ,      30.446,       0.285,       8.193,       3.019
 278000         ,      32.014,       0.420,       8.156,       2.829
 279000         ,      26.583,       1.476,       5.829,       2.309
 280000         ,      29.619,       0.706,       8.263,       2.572
 281000         ,      28.764,       0.900,       6.778,       2.365
 282000         ,      18.510,       7.577,       0.459,       6.886
 283000         ,      20.149,       5.594,       0.971,       4.825
 284000         ,      27.272,       0.847,       6.850,       3.010
 285000         ,      31.814,       0.169,       8.615,       3.240
 286000         ,      23.903,       3.321,       3.228,       2.082
 287000         ,      17.832,       9.451,       0.314,       8.221
 288000         ,      21.337,       6.113,       0.830,       4.971
 289000         ,      30.597,       0.949,       7.837,       1.313
 290000         ,      31.727,       1.443,       8.026,       0.831
 291000         ,      30.717,       0.786,       7.198,       2.442
 292000         ,      29.823,       0.405,       7.519,       2.615
 293000         ,      25.480,       0.967,       5.925,       3.137
 294000         ,      29.405,       0.956,       7.861,       1.901
 295000         ,      32.887,       0.475,       8.595,       2.864
 296000         ,      30.057,       0.732,       8.010,       2.216
 297000         ,      26.782,       0.765,       6.809,       3.470
 298000         ,      28.462,       0.848,       6.165,       2.339
 299000         ,      28.241,       0.716,       7.449,       2.621
 300000         ,      32.327,       0.205,       8.753,       2.338
 301000         ,      27.088,       0.703,       6.208,       3.299
 302000         ,      29.847,       0.571,       7.020,       2.687
 303000         ,      32.529,       1.998,       6.415,       0.501
 304000         ,      30.856,       0.264,       8.277,       2.646
 305000         ,      26.445,       0.967,       5.425,       3.150
 306000         ,      30.088,       2.608,       5.985,       0.466
 307000         ,      27.579,       1.193,       5.211,       2.114
 308000         ,      28.476,       0.442,       7.073,       3.154
 309000         ,      31.117,       0.288,       8.709,       2.648
 310000         ,      29.580,       0.545,       7.971,       3.620
 311000         ,      27.999,       0.735,       5.821,       2.315
 312000         ,      30.437,       0.465,       7.950,       3.392
 313000         ,      30.274,       0.469,       7.418,       2.251
 314000         ,      22.232,       1.837,       5.447,       4.092
 315000         ,      28.116,       1.155,       7.943,       2.668
 316000         ,      20.676,       6.972,       0.857,       5.488
 317000         ,      26.530,       1.168,       5.358,       2.574
 318000         ,      30.116,       0.273,       8.384,       2.816
 319000         ,      30.799,       0.385,       8.636,       3.599
 320000         ,      32.749,       0.483,       7.393,       2.537
 321000         ,      29.382,       0.466,       8.338,       3.644
 322000         ,      32.031,       0.217,       8.587,       2.741
 323000         ,      30.389,       0.620,       7.167,       3.046
 324000         ,      28.891,       0.907,       7.252,       2.931
 325000         ,      31.130,       0.464,       7.617,       2.125
 326000         ,      27.886,       0.683,       7.001,       3.358
 327000         ,      28.025,       0.872,       6.313,       2.933
 328000         ,      32.309,       0.282,       9.098,       3.009
 329000         ,      29.790,       1.335,       5.810,       1.522
 330000         ,      29.297,       1.951,       6.109,       0.979
 331000         ,      27.532,       0.988,       7.929,       2.477
 332000         ,      29.573,       0.297,       8.118,       3.249
 333000         ,      31.978,       0.404,       8.209,       2.443
 334000         ,      26.383,       1.349,       6.290,       3.971
 335000         ,      26.908,       2.401,       5.186,       1.521
 336000         ,      19.836,       5.997,       0.807,       5.808
 337000         ,      20.791,       6.166,       0.862,       4.459
 338000         ,      15.288,       9.019,       0.789,       7.379
 339000         ,      22.333,       5.667,       0.823,       5.158
 340000         ,      23.424,       6.660,       1.312,       4.499
 341000         ,      19.874,       7.149,       0.528,       6.262
 342000         ,      19.341,       7.186,       0.732,       6.134
 343000         ,      22.748,       7.410,       0.892,       5.808
 344000         ,      17.139,       7.553,       0.652,       6.848
 345000         ,      20.520,       6.842,       0.584,       5.628
 346000         ,      31.624,       3.392,       6.700,       0.357
 347000         ,      19.925,       7.708,       0.669,       6.175
 348000         ,      17.528,       9.910,       0.399,       8.239
 349000         ,      16.671,       8.138,       0.578,       7.050
 350000         ,      14.264,      10.827,       1.077,       8.610
 351000         ,      19.537,       7.176,       0.757,       5.758
 352000         ,      16.912,       8.723,       0.612,       7.842
 353000         ,      17.468,       7.754,       0.570,       7.047
 354000         ,      12.951,      10.567,       0.834,       9.835
 355000         ,      18.425,       8.091,       0.360,       6.538
 356000         ,      15.412,      10.450,       0.654,       8.664
 357000         ,      22.650,       5.349,       1.190,       4.381
 358000         ,       6.658,      15.328,       3.674,      15.435
 359000         ,      17.462,       8.535,       0.503,       6.764
 360000         ,      18.859,       7.657,       0.561,       5.498
 361000         ,      17.923,       9.438,       0.451,       8.051
 362000         ,      19.426,       7.379,       0.491,       6.616
 363000         ,      21.112,       5.599,       0.923,       5.278
 364000         ,      21.486,       5.489,       1.082,       5.147
 365000         ,      18.823,       8.041,       0.622,       6.153
 366000         ,      16.051,       8.437,       0.701,       7.283
 367000         ,      16.577,       8.360,       0.786,       7.668
 368000         ,      18.607,       8.370,       0.644,       6.000
 369000         ,      16.715,       7.953,       0.764,       7.366
 370000         ,      16.235,      10.681,       0.521,       9.112
 371000         ,      16.215,       7.636,       0.702,       7.028
 372000         ,      18.273,       7.749,       0.688,       5.932
 373000         ,      18.138,       8.168,       0.330,       6.902
 374000         ,      19.725,       7.042,       0.499,       6.320
 375000         ,      19.647,       8.241,       0.767,       5.851
 376000         ,      18.750,       7.803,       0.758,       6.003
 377000         ,      18.957,       7.930,       0.359,       6.651
 378000         ,      17.708,       6.008,       1.340,       5.305
 379000         ,      12.733,      11.779,       0.984,       9.838
 380000         ,      18.385,       7.522,       0.380,       6.917
 381000         ,      15.532,       9.071,       1.008,       6.974
 382000         ,      18.179,       7.354,       0.605,       6.370
 383000         ,      17.497,       9.692,       0.289,       7.806
 384000         ,      19.959,       5.477,       1.186,       4.754
 385000         ,      16.153,       8.414,       0.604,       7.100
 386000         ,      17.973,       7.447,       0.653,       6.734
 387000         ,      18.831,       8.860,       0.264,       7.224
 388000         ,      21.394,       5.901,       0.893,       4.405
 389000         ,      28.982,       1.847,       4.569,       1.707
 390000         ,      14.128,       8.439,       1.005,       8.398
 391000         ,      20.274,       7.064,       0.604,       6.092
 392000         ,      18.925,       6.213,       0.781,       5.616
 393000         ,      23.975,       6.452,       1.158,       5.155
 394000         ,      19.435,       6.099,       1.030,       5.652
 395000         ,      13.843,      10.557,       0.659,       9.328
 396000         ,      18.621,       8.925,       0.192,       7.431
 397000         ,      18.157,       7.437,       0.643,       6.069
 398000         ,      17.305,       6.872,       0.987,       6.863
 399000         ,      17.543,       5.129,       1.665,       5.809
 400000         ,      16.878,       6.961,       0.840,       6.704
 401000         ,      20.956,       5.831,       0.964,       5.040
 402000         ,      21.459,       6.453,       0.889,       5.295
 403000         ,      16.351,       8.138,       0.703,       7.781
 404000         ,      15.379,      10.518,       0.428,       8.646
 405000         ,      19.968,       6.472,       0.848,       4.947
 406000         ,      16.623,       7.896,       0.461,       7.315
 407000         ,      20.952,       6.487,       0.482,       5.729
 408000         ,      26.197,       6.293,       1.690,       3.929
 409000         ,      18.294,       6.645,       0.692,       5.954
 410000         ,      15.933,       8.266,       0.714,       6.967
 411000         ,      19.805,       7.953,       0.628,       5.823
 412000         ,      20.050,       6.898,       0.605,       6.268
 413000         ,      19.562,       5.882,       0.871,       5.335
 414000         ,      19.675,       5.741,       0.786,       5.438
 415000         ,      17.056,       8.514,       0.658,       6.942
 416000         ,      20.014,       7.510,       0.414,       6.123
 417000         ,      19.050,       8.404,       0.534,       5.992
 418000         ,      21.614,       6.438,       0.961,       5.180
 419000         ,      15.763,       7.756,       0.825,       7.368
 420000         ,      17.440,       9.827,       0.291,       7.606
 421000         ,      14.232,       9.092,       0.783,       8.647
 422000         ,      15.718,       8.712,       0.487,       7.941
 423000         ,      16.327,       8.739,       0.624,       6.851
 424000         ,      16.999,       8.241,       0.544,       6.947
 425000         ,      19.145,       7.281,       0.513,       6.663
 426000         ,      17.651,       7.038,       0.562,       6.669
 427000         ,      21.321,       6.083,       0.611,       5.554
 428000         ,      15.901,       8.677,       0.606,       7.263
 429000         ,      13.321,       9.824,       1.216,       9.192
 430000         ,      19.942,       7.257,       1.009,       5.732
 431000         ,      15.169,       8.235,       0.746,       7.666
 432000         ,      18.943,       7.016,       0.824,       6.541
 433000         ,      18.602,       7.757,       0.421,       6.483
 434000         ,      21.974,       6.192,       0.733,       5.447
 435000         ,      18.986,       9.066,       0.247,       7.757
 436000         ,      21.275,       6.406,       0.928,       4.852
 437000         ,      16.653,       9.040,       0.382,       7.625
 438000         ,      16.786,       8.688,       0.351,       7.414
 439000         ,      18.032,       7.435,       0.792,       5.831
 440000         ,      18.079,       7.740,       0.374,       7.033
 441000         ,      18.509,       7.826,       0.668,       6.170
 442000         ,      15.839,       8.238,       0.728,       7.083
 443000         ,      22.860,       6.000,       0.691,       5.010
 444000         ,      18.808,       8.740,       0.291,       7.588
 445000         ,      16.875,      11.364,       0.804,       9.252
 446000         ,      21.261,       6.048,       0.780,       5.395
 447000         ,      19.193,       6.989,       0.563,       5.706
 448000         ,      18.164,       9.928,       0.640,       7.269
 449000         ,      17.480,       8.082,       0.404,       6.637
 450000         ,      17.175,       8.559,       0.455,       7.373
 451000         ,      20.094,       6.274,       0.630,       5.132
 452000         ,      18.898,       8.028,       0.526,       5.898
 453000         ,      18.792,       6.634,       0.650,       6.139
 454000         ,      21.850,       6.300,       1.059,       3.968
 455000         ,      17.089,       8.214,       0.937,       6.610
 456000         ,      16.227,       9.497,       0.585,       7.488
 457000         ,      18.929,       7.279,       0.880,       5.977
 458000         ,      19.177,       6.915,       1.062,       4.914
 459000         ,      20.893,       5.768,       0.932,       5.235
 460000         ,      18.996,       7.703,       0.393,       6.513
 461000         ,      17.047,       7.768,       0.764,       6.305
 462000         ,      21.054,       6.184,       0.873,       4.648
 463000         ,      18.326,       6.576,       0.836,       6.198
 464000         ,      14.990,       8.976,       0.536,       8.523
 465000         ,      15.116,       8.273,       0.703,       7.762
 466000         ,      17.287,       7.621,       0.677,       7.268
 467000         ,      22.563,       5.131,       1.231,       3.978
 468000         ,      19.791,       6.491,       0.836,       5.203
 469000         ,      17.549,       7.636,       0.567,       7.088
 470000         ,      16.610,       7.148,       0.732,       6.597
 471000         ,      13.873,       9.852,       0.804,       8.811
 472000         ,      20.350,       6.391,       0.683,       5.475
 473000         ,      19.778,       7.212,       0.531,       5.494
 474000         ,      16.612,       8.263,       0.512,       7.312
 475000         ,      21.166,       6.967,       0.603,       5.171
 476000         ,      19.278,       7.230,       0.717,       5.737
 477000         ,      23.441,       3.993,       1.772,       3.560
 478000         ,      23.097,       6.485,       0.992,       4.657
 479000         ,      21.068,       3.452,       2.562,       3.348
 480000         ,      20.411,       6.713,       0.550,       5.793
 481000         ,      13.468,       9.242,       0.949,       8.790
 482000         ,      19.510,       7.804,       0.456,       6.331
 483000         ,      19.867,       7.779,       0.602,       6.005
 484000         ,      19.275,       8.358,       0.429,       6.604
 485000         ,      19.221,       7.579,       0.958,       5.360
 486000         ,      19.272,       8.446,       0.706,       5.922
 487000         ,      28.359,       0.584,       7.813,       4.028
 488000         ,      28.864,       0.752,       8.057,       2.250
 489000         ,      32.335,       0.164,       8.696,       2.755
 490000         ,      30.035,       0.377,       6.904,       2.776
 491000         ,      29.049,       0.374,       7.928,       3.498
 492000         ,      27.373,       0.569,       6.943,       3.290
 493000         ,      32.211,       0.267,       8.346,       2.633
 494000         ,      29.031,       0.728,       7.318,       2.142
 495000         ,      30.346,       0.906,       7.487,       1.504
 496000         ,      22.287,       5.946,       1.056,       4.352
 497000         ,      31.111,       0.287,       7.862,       2.669
 498000         ,      32.567,       0.638,       7.934,       1.651
 499000         ,      32.381,       0.989,       6.619,       2.495
 500000         ,      30.537,       0.296,       7.588,       2.887
 501000         ,      20.608,       7.928,       1.129,       5.307
 502000         ,      29.901,       0.836,       5.955,       2.672
 503000         ,      27.768,       1.392,       7.246,       2.039
 504000         ,      30.627,       0.329,       7.961,       2.308
 505000         ,      30.302,       0.566,       6.514,       2.333
 506000         ,      31.193,       0.477,       8.290,       2.021
 507000         ,      31.903,       0.834,       7.446,       1.284
 508000         ,      31.623,       0.560,       7.976,       1.953
 509000         ,      30.002,       0.997,       7.210,       1.451
 510000         ,      30.898,       0.243,       8.352,       2.632
 511000         ,      19.866,       7.822,       0.542,       6.141
 512000         ,      28.631,       0.850,       7.338,       2.017
 513000         ,      29.361,       0.497,       7.378,       2.633
 514000         ,      18.124,       6.595,       0.856,       6.060
 515000         ,      27.626,       0.644,       7.616,       2.907
 516000         ,      21.510,       6.545,       0.604,       5.129
 517000         ,      17.371,       8.233,       0.557,       7.105
 518000         ,      21.017,       6.941,       0.618,       5.996
 519000         ,      12.809,      11.295,       0.814,      10.570
 520000         ,      19.584,       8.716,       0.509,       5.828
 521000         ,      15.885,       8.075,       0.796,       7.332
 522000         ,      19.234,       6.827,       0.563,       5.271
 523000         ,      16.329,       8.899,       0.490,       7.683
 524000         ,      23.516,       4.779,       1.350,       3.783
 525000         ,      20.564,       7.606,       0.775,       5.366
 526000         ,      19.193,       7.743,       0.337,       6.500
 527000         ,      16.878,       7.255,       0.773,       6.436
 528000         ,      20.298,       6.972,       0.472,       5.866
 529000         ,      21.257,       5.375,       1.074,       4.391
 530000         ,      14.967,       8.871,       0.729,       7.809
 531000         ,      20.157,       6.535,       0.837,       5.921
 532000         ,      18.546,       8.031,       0.543,       6.296
 533000         ,      21.286,       5.272,       0.982,       4.595
 534000         ,      16.351,       8.855,       0.381,       8.167
 535000         ,      18.565,       6.995,       0.618,       5.914
 536000         ,      18.234,       6.950,       0.679,       6.352
 537000         ,      17.888,       8.679,       0.344,       7.400
 538000         ,      17.096,       7.613,       0.453,       6.947
 539000         ,      17.417,       8.873,       0.371,       7.434
 540000         ,      17.570,       9.783,       0.294,       8.450
 541000         ,      18.213,       8.439,       0.538,       7.056
 542000         ,      16.353,       7.775,       0.997,       6.972
 543000         ,      17.053,       7.385,       0.611,       6.848
 544000         ,      16.968,       8.371,       0.503,       7.058
 545000         ,      18.547,       8.224,       0.281,       6.584
 546000         ,      18.736,       6.395,       0.620,       5.714
 547000         ,      18.362,       6.804,       0.518,       6.354
 548000         ,      16.398,       9.559,       0.375,       7.526
 549000         ,      18.845,       7.712,       0.621,       7.006
 550000         ,      19.050,       7.150,       0.498,       5.993
 551000         ,      18.688,       9.122,       0.333,       7.666
 552000         ,      14.825,       8.835,       0.857,       8.049
 553000         ,      16.799,       5.859,       1.460,       5.991
 554000         ,      22.188,       6.892,       0.975,       4.740
 555000         ,      14.133,      10.781,       0.655,       9.517
 556000         ,      22.793,       5.852,       0.955,       4.588
 557000         ,      16.797,       6.973,       1.014,       5.937
 558000         ,      18.104,       6.988,       1.040,       5.629
 559000         ,      22.930,       6.973,       0.712,       4.942
 560000         ,      19.317,       8.514,       0.237,       6.863
 561000         ,      17.393,       7.833,       0.895,       6.536
 562000         ,      18.886,       6.884,       0.483,       6.238
 563000         ,      15.300,       9.940,       0.435,       8.246
 564000         ,      16.269,      10.467,       0.300,       8.701
 565000         ,      18.400,       7.757,       0.460,       6.815
 566000         ,      16.480,       7.737,       0.588,       7.204
 567000         ,      19.001,       7.254,       1.232,       5.308
 568000         ,      16.077,       7.341,       0.738,       7.359
 569000         ,      17.813,       8.291,       0.390,       6.636
 570000         ,      16.627,      10.415,       0.781,       7.278
 571000         ,      18.975,       7.089,       0.541,       5.723
 572000         ,      18.428,       8.250,       0.221,       7.283
 573000         ,      18.912,       6.837,       0.569,       6.207
 574000         ,      15.822,       9.969,       0.473,       8.753
 575000         ,      18.792,       7.038,       0.506,       6.149
 576000         ,      16.030,       8.676,       0.619,       7.796
 577000         ,      21.544,       6.759,       0.579,       5.401
 578000         ,      28.019,       0.454,       7.231,       3.637
 579000         ,      20.356,       6.182,       1.118,       5.190
 580000         ,      19.443,       5.735,       0.875,       5.752
 581000         ,      20.096,       7.057,       0.792,       4.821
 582000         ,      19.368,       6.460,       1.074,       4.688
 583000         ,      20.656,       7.258,       0.653,       5.656
 584000         ,      16.164,       8.286,       0.593,       7.365
 585000         ,      16.850,       6.704,       0.896,       6.627
 586000         ,      19.095,       6.611,       0.879,       5.281
 587000         ,      16.190,       8.280,       0.516,       7.312
 588000         ,      16.399,       9.175,       0.363,       7.867
 589000         ,      20.319,       6.221,       0.934,       4.915
 590000         ,      18.068,       7.656,       0.341,       6.929
 591000         ,      16.130,       8.951,       0.486,       7.909
 592000         ,      19.767,       7.176,       0.800,       5.662
 593000         ,      18.825,       6.966,       0.549,       6.172
 594000         ,      25.417,       5.063,       2.027,       4.390
 595000         ,      15.747,       9.408,       0.455,       8.198
 596000         ,      24.429,       7.351,       1.032,       5.664
 597000         ,      16.262,       8.854,       0.419,       7.958
 598000         ,      14.176,       9.397,       0.892,       8.791
 599000         ,      17.701,       7.265,       0.608,       6.656
 600000         ,      18.696,       7.885,       0.336,       6.954
 601000         ,      15.858,       7.799,       1.216,       6.336
 602000         ,      22.332,       5.450,       0.942,       4.380
 603000         ,      15.873,       9.536,       0.938,       7.208
 604000         ,      17.654,       7.534,       0.528,       6.476
 605000         ,      17.143,       6.775,       0.766,       6.723
 606000         ,      20.244,       8.519,       0.801,       5.587
 607000         ,      16.665,       7.511,       0.774,       6.297
 608000         ,      19.441,       6.579,       0.708,       5.911
 609000         ,      17.202,       8.043,       0.562,       6.500
 610000         ,      16.048,       8.305,       0.707,       7.942
 611000         ,      14.208,       9.164,       0.826,       8.897
 612000         ,      22.889,       5.061,       1.290,       3.972
 613000         ,      19.932,       7.331,       0.780,       6.115
 614000         ,      17.896,       8.105,       0.331,       6.736
 615000         ,      19.355,       6.868,       0.883,       4.909
 616000         ,      15.782,       8.283,       0.672,       7.898
 617000         ,      15.686,      10.184,       0.520,       8.857
 618000         ,      15.664,       8.224,       0.721,       7.875
 619000         ,      15.419,       9.171,       0.603,       7.992
 620000         ,      21.087,       5.906,       0.700,       5.422
 621000         ,      14.663,      10.007,       0.507,       9.330
 622000         ,      17.144,       9.148,       0.460,       7.129
 623000         ,      22.495,       5.879,       0.846,       4.265
 624000         ,      17.873,       7.950,       0.373,       7.070
 625000         ,      16.412,       8.364,       0.674,       7.447
 626000         ,      17.518,       7.954,       0.785,       5.960
 627000         ,      16.434,       9.174,       0.590,       7.595
 628000         ,      15.583,       8.120,       1.044,       6.897
 629000         ,      19.634,       6.946,       0.516,       5.778
 630000         ,      24.855,       5.560,       1.614,       4.722
 631000         ,      18.496,       8.473,       0.506,       6.688
 632000         ,      22.422,       6.823,       0.949,       4.752
 633000         ,      18.014,       7.442,       0.481,       6.422
 634000         ,      17.947,       6.891,       0.703,       6.768
 635000         ,      17.044,       7.557,       0.450,       7.140
 636000         ,      13.992,      11.464,       0.577,      10.085
 637000         ,      18.111,       7.675,       0.590,       7.050
 638000         ,      17.919,       7.446,       0.638,       6.412
 639000         ,      16.558,       9.683,       0.451,       8.314
 640000         ,      17.205,       8.059,       0.439,       7.302
 641000         ,      19.088,       7.132,       0.416,       5.988
 642000         ,      18.541,       8.566,       0.524,       6.651
 643000         ,      17.387,       7.494,       0.641,       6.564
 644000         ,      16.332,       9.939,       0.683,       8.713
 645000         ,      17.844,       8.180,       0.517,       6.478
 646000         ,      20.084,       7.258,       0.494,       6.233
 647000         ,      16.943,       7.495,       0.657,       6.781
 648000         ,      17.714,       7.636,       0.788,       5.734
 649000         ,      15.852,       8.146,       0.848,       7.027
 650000         ,      20.827,       6.547,       0.699,       5.515
 651000         ,      18.800,       8.329,       0.478,       6.711
 652000         ,      16.321,       8.203,       0.462,       7.561
 653000         ,      18.966,       7.643,       0.311,       6.865
 654000         ,      17.259,       8.244,       0.661,       6.056
 655000         ,      15.239,       8.958,       0.600,       8.457
 656000         ,      17.852,       7.382,       0.569,       6.913
 657000         ,      22.677,       6.372,       0.864,       5.013
 658000         ,      18.481,      10.314,       0.316,       8.212
 659000         ,      23.532,       6.489,       0.961,       4.950
 660000         ,      18.460,       6.938,       0.756,       5.683
 661000         ,      20.751,       5.684,       1.148,       5.143
 662000         ,      17.537,       7.942,       0.305,       7.254
 663000         ,      20.257,       6.261,       0.552,       5.521
 664000         ,      21.175,       7.924,       0.389,       6.186
 665000         ,      15.333,       9.085,       0.583,       8.209
 666000         ,      19.079,      10.042,       0.602,       6.775
 667000         ,      16.776,       9.088,       0.429,       7.740
 668000         ,      19.347,       6.885,       0.572,       5.944
 669000         ,      17.411,       8.407,       0.978,       6.104
 670000         ,      19.936,       7.409,       0.754,       5.541
 671000         ,      22.095,       7.140,       0.844,       6.008
 672000         ,      19.296,       7.033,       0.913,       5.595
 673000         ,      18.729,       7.651,       0.591,       6.609
 674000         ,      16.904,       7.610,       0.593,       6.983
 675000         ,      15.833,       8.330,       0.964,       7.880
 676000         ,      16.104,       8.072,       0.618,       7.761
 677000         ,      20.040,       6.784,       0.676,       5.928
 678000         ,      20.490,       6.049,       0.741,       5.389
 679000         ,      20.372,       7.794,       0.344,       6.296
 680000         ,      15.407,       8.460,       0.776,       7.266
 681000         ,      21.612,       6.339,       1.053,       4.853
 682000         ,      21.436,       6.374,       0.964,       5.343
 683000         ,      18.421,       6.424,       0.865,       6.161
 684000         ,      18.275,       7.116,       0.580,       5.953
 685000         ,      19.351,       7.332,       0.509,       6.227
 686000         ,      16.816,       9.372,       0.570,       8.373
 687000         ,      17.859,       7.939,       0.408,       6.905
 688000         ,      19.011,       8.303,       0.487,       6.419
 689000         ,      14.100,      10.156,       0.739,       9.070
 690000         ,      18.313,       7.062,       0.618,       6.138
 691000         ,      19.646,       5.796,       1.724,       3.729
 692000         ,      15.940,       9.120,       0.468,       8.393
 693000         ,      18.495,       7.699,       0.438,       6.981
 694000         ,      18.238,       6.512,       0.844,       5.523
 695000         ,      17.663,       8.344,       0.566,       6.578
 696000         ,      21.894,       6.063,       1.031,       4.198
 697000         ,      20.747,       7.491,       0.448,       6.433
 698000         ,      14.878,      10.217,       0.631,       9.114
 699000         ,      22.946,       5.935,       0.981,       4.923
 700000         ,      19.954,       7.112,       0.521,       6.057
 701000         ,      17.490,       6.630,       0.909,       6.032
 702000         ,      19.947,       5.682,       0.944,       4.739
 703000         ,      21.696,       7.640,       1.121,       4.453
 704000         ,      15.736,      10.231,       0.482,       8.920
 705000         ,      23.405,       5.176,       1.399,       3.653
 706000         ,      27.341,       0.897,       5.963,       2.440
 707000         ,      28.230,       0.862,       5.843,       2.744
 708000         ,      17.496,       8.640,       0.564,       6.691
 709000         ,      18.764,       7.341,       0.407,       6.201
 710000         ,      19.797,       6.851,       0.436,       6.001
 711000         ,      15.291,       8.100,       0.639,       7.988
 712000         ,      19.553,       7.382,       0.462,       6.609
 713000         ,      15.605,       8.864,       0.601,       8.097
 714000         ,      19.000,       7.550,       0.437,       6.546
 715000         ,      19.798,       7.084,       0.451,       5.983
 716000         ,      19.076,       6.394,       0.820,       4.969
 717000         ,      13.679,      10.172,       0.826,       9.181
 718000         ,      16.048,       8.204,       0.912,       7.295
 719000         ,      20.291,       6.343,       0.855,       5.816
 720000         ,      17.427,       6.795,       0.908,       6.751
 721000         ,      31.889,       0.210,       8.814,       2.641
 722000         ,      30.933,       0.324,       7.786,       2.502
 723000         ,      19.530,       8.423,       0.475,       7.034
 724000         ,      21.145,       6.946,       0.628,       5.829
 725000         ,      19.730,       7.650,       0.577,       6.025
 726000         ,      16.187,       7.984,       0.634,       7.578
 727000         ,      20.471,       6.858,       0.583,       5.402
 728000         ,      27.621,       0.766,       6.572,       2.417
 729000         ,      18.071,       7.825,       0.542,       6.852
 730000         ,      22.410,       6.274,       1.140,       4.039
 731000         ,      16.723,       7.597,       0.931,       6.783
 732000         ,      19.858,       5.926,       0.940,       5.329
 733000         ,      29.478,       0.368,       8.295,       3.103
 734000         ,      28.656,       0.663,       8.021,       3.195
 735000         ,      18.802,       6.963,       0.679,       6.303
 736000         ,      23.660,       5.401,       1.492,       3.442
 737000         ,      20.652,       6.304,       0.713,       5.800
 738000         ,      19.796,       6.907,       0.749,       5.867
 739000         ,      29.104,       0.540,       8.075,       2.476
 740000         ,      17.534,       6.601,       1.105,       5.669
 741000         ,      18.587,       6.419,       0.692,       5.677
 742000         ,      18.764,       7.272,       0.463,       5.674
 743000         ,      31.951,       0.261,       8.653,       2.446
 744000         ,      17.545,       8.904,       0.418,       7.774
 745000         ,      15.893,       8.338,       0.718,       7.642
 746000         ,      30.888,       0.408,       8.364,       3.026
 747000         ,      22.261,       7.800,       0.633,       5.976
 748000         ,      17.017,       8.274,       0.709,       6.175
 749000         ,      20.098,       5.756,       0.995,       5.049
 750000         ,      17.618,       8.386,       0.485,       6.794
 751000         ,      17.552,       7.577,       0.648,       6.898
 752000         ,      18.152,       7.279,       0.642,       6.036
 753000         ,      22.852,       5.949,       1.077,       4.758
 754000         ,      17.126,       7.712,       0.591,       6.837
 755000         ,      20.138,       7.670,       0.589,       5.939
 756000         ,      23.012,       6.659,       0.745,       5.119
 757000         ,      19.635,       6.888,       0.594,       5.772
 758000         ,      30.544,       0.611,       6.740,       1.985
 759000         ,      26.627,       0.951,       6.194,       2.784
 760000         ,      30.711,       0.676,       7.171,       2.123
 761000         ,      32.800,       0.130,       9.316,       3.248
 762000         ,      29.333,       0.746,       6.859,       2.650
 763000         ,      20.334,       6.769,       0.640,       5.768
 764000         ,      18.895,       7.034,       0.512,       6.336
 765000         ,      20.423,       7.133,       0.626,       5.543
 766000         ,      20.169,       6.493,       0.761,       4.904
 767000         ,      31.794,       0.598,       6.647,       2.176
 768000         ,      29.542,       2.986,       6.325,       0.679
 769000         ,      19.809,       8.494,       0.699,       5.909
 770000         ,      21.208,       7.039,       0.768,       6.050
 771000         ,      31.074,       0.473,       7.548,       2.176
 772000         ,      26.711,       1.001,       5.711,       2.254
 773000         ,      27.208,       1.978,       3.875,       1.837
 774000         ,      22.163,       6.042,       0.897,       5.425
 775000         ,      25.958,       2.907,       2.803,       2.594
 776000         ,      29.295,       2.527,       5.064,       1.017
 777000         ,      24.602,       1.260,       5.900,       3.586
 778000         ,      16.957,       9.266,       0.403,       7.871
 779000         ,      19.494,       7.190,       0.517,       6.316
 780000         ,      21.109,       5.885,       0.769,       4.844
 781000         ,      20.624,       6.247,       0.659,       5.057
 782000         ,      19.652,       6.904,       0.813,       5.438
 783000         ,      19.674,       7.302,       0.699,       5.466
 784000         ,      19.808,       7.542,       0.679,       5.572
 785000         ,      31.198,       0.392,       7.295,       2.518
 786000         ,      20.956,       6.337,       0.760,       4.767
 787000         ,      20.474,       6.514,       0.681,       5.362
 788000         ,      16.618,       8.280,       0.469,       7.334
 789000         ,      22.368,       7.560,       0.880,       5.908
 790000         ,      29.800,       0.680,       6.123,       2.295
 791000         ,      19.800,       6.796,       0.540,       5.862
 792000         ,      22.518,       6.513,       0.813,       4.767
 793000         ,      30.475,       0.188,       8.517,       3.141
 794000         ,      17.807,       9.407,       0.337,       7.758
 795000         ,      20.548,       7.314,       0.869,       5.226
 796000         ,      18.628,       7.757,       0.549,       6.544
 797000         ,      16.755,       9.253,       0.463,       8.068
 798000         ,      21.368,       6.470,       1.022,       4.639
 799000         ,      19.269,       7.058,       0.693,       6.042
 800000         ,      19.685,       6.384,       0.687,       5.422
 801000         ,      16.957,       9.105,       0.507,       7.432
 802000         ,      19.376,       6.996,       0.432,       5.887
 803000         ,      31.144,       0.370,       8.575,       2.910
 804000         ,      32.343,       0.240,       8.164,       2.946
 805000         ,      29.953,       0.844,       7.500,       2.268
 806000         ,      30.509,       0.245,       8.201,       2.806
 807000         ,      23.352,       2.131,       3.693,       3.278
 808000         ,      26.291,       1.446,       5.590,       3.532
 809000         ,      27.603,       0.703,       7.546,       3.537
 810000         ,      32.584,       0.329,       7.461,       2.530
 811000         ,      18.993,       7.420,       0.971,       5.884
 812000         ,      18.024,       8.562,       0.414,       7.103
 813000         ,      20.221,       7.422,       0.943,       5.813
 814000         ,      32.596,       0.498,       8.250,       1.586
 815000         ,      32.898,       0.428,       7.467,       2.014
 816000         ,      30.959,       1.433,       7.739,       1.368
 817000         ,      18.755,       7.528,       0.702,       6.757
 818000         ,      14.462,       9.620,       0.713,       8.941
 819000         ,      18.770,       6.682,       0.802,       5.952
 820000         ,      17.073,       8.724,       0.368,       7.871
 821000         ,      20.747,       7.447,       1.054,       5.033
 822000         ,      20.846,       6.656,       0.720,       5.535
 823000         ,      15.693,       9.932,       0.362,       8.985
 824000         ,      19.303,       8.217,       0.738,       5.949
 825000         ,      16.317,       8.388,       0.718,       7.479
 826000         ,      22.100,       5.776,       0.913,       4.699
 827000         ,      14.245,       8.475,       0.953,       8.534
 828000         ,      18.715,       7.867,       0.740,       6.441
 829000         ,      29.477,       0.718,       7.571,       2.702
 830000         ,      18.747,       6.651,       0.712,       5.292
 831000         ,      17.507,       8.235,       0.881,       7.281
 832000         ,      17.261,       7.317,       0.770,       6.347
 833000         ,      16.812,       7.837,       0.947,       7.103
 834000         ,      16.006,       8.505,       0.722,       7.499
 835000         ,      16.058,       8.449,       0.486,       7.701
 836000         ,      17.060,       9.111,       0.599,       7.184
 837000         ,      17.289,       8.961,       0.355,       7.683
 838000         ,      16.847,       7.761,       0.758,       7.191
 839000         ,      14.323,       9.831,       0.720,       8.367
 840000         ,      16.533,       8.273,       0.882,       6.441
 841000         ,      20.532,       6.768,       0.705,       5.234
 842000         ,      13.516,       9.263,       0.975,       9.100
 843000         ,      18.329,       7.629,       0.459,       6.922
 844000         ,      15.310,       8.903,       0.823,       7.812
 845000         ,      19.682,       7.908,       0.285,       6.707
 846000         ,      19.988,       7.417,       0.713,       5.856
 847000         ,      15.907,       8.370,       0.960,       6.864
 848000         ,      17.813,       7.228,       0.473,       6.753
 849000         ,      18.954,       5.637,       0.843,       5.512
 850000         ,      16.855,       7.815,       0.518,       7.368
 851000         ,      19.742,       7.109,       0.705,       6.351
 852000         ,      19.258,       6.758,       0.658,       5.281
 853000         ,      21.359,       5.519,       1.132,       4.917
 854000         ,      19.941,       7.178,       0.826,       5.144
 855000         ,      16.474,       9.514,       0.461,       7.654
 856000         ,      18.191,       7.620,       0.360,       6.469
 857000         ,      16.811,       7.660,       0.877,       7.450
 858000         ,      14.506,       8.878,       0.814,       7.880
 859000         ,      17.910,       6.964,       0.613,       6.096
 860000         ,      17.676,       6.279,       1.264,       6.507
 861000         ,      21.611,       6.837,       0.565,       5.928
 862000         ,      17.564,       7.685,       0.449,       6.693
 863000         ,      20.608,       5.604,       0.810,       5.263
 864000         ,      17.289,       8.350,       0.401,       7.396
 865000         ,      30.677,       0.275,       7.935,       2.744
 866000         ,      19.551,       7.911,       0.463,       6.982
 867000         ,      17.059,       8.430,       0.471,       7.010
 868000         ,      18.024,       7.547,       0.389,       6.796
 869000         ,      15.723,       9.459,       0.565,       7.654
 870000         ,      14.691,      10.174,       0.548,       8.912
 871000         ,      21.103,       6.830,       0.527,       5.671
 872000         ,      14.532,      10.756,       0.576,       9.841
 873000         ,      15.846,       7.865,       0.773,       7.789
 874000         ,      18.537,       7.176,       0.598,       6.010
 875000         ,      17.527,       6.988,       0.721,       6.448
 876000         ,      20.268,       5.717,       0.880,       5.136
 877000         ,      18.453,       7.988,       0.417,       6.463
 878000         ,      16.416,       8.542,       0.454,       8.000
 879000         ,      17.258,       8.727,       0.550,       6.981
 880000         ,      19.928,       6.825,       0.572,       5.859
 881000         ,      18.431,       8.619,       0.635,       6.730
 882000         ,      17.410,       7.950,       0.510,       6.901
 883000         ,      18.545,       6.503,       0.705,       5.751
 884000         ,      16.577,       8.707,       0.467,       7.734
 885000         ,      18.492,       6.269,       0.677,       6.035
 886000         ,      16.071,       8.678,       0.661,       7.802
 887000         ,      16.818,       8.636,       0.467,       7.195
 888000         ,      19.791,       6.675,       1.386,       4.252
 889000         ,      21.777,       6.190,       0.665,       5.252
 890000         ,      19.580,       7.681,       0.464,       6.245
 891000         ,      19.415,       7.049,       0.534,       6.088
 892000         ,      22.392,       5.664,       0.965,       4.481
 893000         ,      20.120,       8.277,       0.569,       6.891
 894000         ,      19.193,       7.349,       0.388,       5.661
 895000         ,      19.426,       7.551,       0.481,       5.808
 896000         ,      14.160,       9.229,       0.749,       8.980
 897000         ,      15.935,       7.762,       0.811,       7.498
 898000         ,      17.729,       9.390,       0.468,       6.793
 899000         ,      17.300,       9.015,       0.329,       7.991
 900000         ,      19.385,       6.079,       0.973,       5.852
 901000         ,      24.331,       6.198,       1.203,       4.794
 902000         ,      16.387,       7.733,       0.661,       7.588
 903000         ,      17.342,       9.136,       0.326,       7.262
 904000         ,      14.944,       8.390,       0.861,       8.185
 905000         ,      15.713,       8.620,       0.587,       7.923
 906000         ,      19.820,       9.207,       0.354,       7.205
 907000         ,      20.869,       7.863,       0.915,       6.044
 908000         ,      19.445,       6.091,       0.879,       5.341
 909000         ,      19.399,       7.494,       0.530,       6.196
 910000         ,      17.723,       8.318,       0.202,       7.282
 911000         ,      12.812,      10.359,       1.073,       9.453
 912000         ,      17.792,       8.890,       0.379,       6.736
 913000         ,      22.173,       5.076,       1.184,       4.404
 914000         ,      21.801,       7.116,       0.553,       6.102
 915000         ,      16.395,       7.454,       1.035,       6.309
 916000         ,      14.688,       8.353,       0.867,       8.300
 917000         ,      20.471,       7.049,       0.632,       5.787
 918000         ,      19.843,       6.949,       0.528,       6.149
 919000         ,      19.949,       8.630,       0.347,       6.265
 920000         ,      16.721,       8.846,       0.678,       7.682
 921000         ,      18.596,       7.772,       0.765,       5.808
 922000         ,      17.705,       8.233,       0.403,       6.844
 923000         ,      21.152,       5.969,       1.018,       5.307
 924000         ,      20.114,       6.745,       0.499,       5.812
 925000         ,      18.263,       7.452,       0.563,       6.044
 926000         ,      19.256,       8.003,       0.311,       6.589
 927000         ,      26.897,       5.125,       2.099,       2.807
 928000         ,      17.794,       8.052,       0.451,       6.518
 929000         ,      19.814,       7.124,       0.441,       6.226
 930000         ,      20.889,       7.222,       0.582,       5.669
 931000         ,      30.859,       0.317,       7.624,       3.152
 932000         ,      31.757,       0.299,       8.414,       2.820
 933000         ,      18.805,       7.409,       0.893,       6.151
 934000         ,      18.572,       7.356,       0.428,       6.570
 935000         ,      15.677,       8.230,       0.742,       7.254
 936000         ,      17.416,       8.450,       0.622,       6.667
 937000         ,      16.537,       9.453,       0.456,       7.811
 938000         ,      16.388,       7.853,       0.865,       7.743
 939000         ,      16.788,       9.214,       0.372,       7.358
 940000         ,      31.192,       0.467,       7.969,       2.892
 941000         ,      30.318,       0.434,       8.331,       2.588
 942000         ,      29.808,       1.948,       5.766,       0.861
 943000         ,      29.360,       0.868,       8.021,       3.590
 944000         ,      28.189,       0.791,       7.528,       2.801
 945000         ,      30.771,       0.380,       7.553,       2.430
 946000         ,      21.980,       6.192,       1.023,       5.058
 947000         ,      18.511,       8.578,       0.704,       6.411
 948000         ,      21.192,       6.923,       0.547,       5.730
 949000         ,      20.419,       8.444,       0.373,       6.876
 950000         ,      19.249,       7.902,       0.333,       6.563
 951000         ,      16.850,       9.556,       0.498,       8.017
 952000         ,      17.450,       7.870,       0.680,       6.717
 953000         ,      15.444,      10.068,       0.602,       8.127
 954000         ,      21.156,       7.543,       0.582,       6.208
 955000         ,      30.004,       1.001,       6.724,       2.371
 956000         ,      29.327,       0.413,       6.985,       2.879
 957000         ,      31.996,       0.115,       8.788,       3.384
 958000         ,      29.671,       2.190,       5.148,       1.286
 959000         ,      19.903,       7.995,       0.532,       5.730
 960000         ,      17.149,       8.804,       0.554,       6.953
 961000         ,      18.530,       8.051,       0.272,       6.740
 962000         ,      21.543,       4.665,       3.031,       2.631
 963000         ,      19.393,       8.018,       0.508,       6.591
 964000         ,      17.776,       7.906,       0.864,       5.599
 965000         ,      16.433,       7.371,       0.797,       6.752
 966000         ,      21.510,       6.332,       0.832,       5.053
 967000         ,      16.551,       8.569,       0.411,       7.767
 968000         ,      15.495,       8.623,       0.642,       7.941
 969000         ,      15.669,       9.244,       0.490,       7.837
 970000         ,      24.184,       6.037,       1.231,       3.888
 971000         ,      19.753,       6.827,       0.547,       6.077
 972000         ,      16.574,       8.591,       0.589,       7.666
 973000         ,      22.845,       6.531,       0.754,       5.150
 974000         ,      17.828,       9.179,       0.382,       7.033
 975000         ,      17.327,       8.144,       1.223,       5.812
 976000         ,      17.084,       8.674,       0.458,       7.306
 977000         ,      30.190,       3.176,       6.097,       0.652
 978000         ,      18.178,       7.727,       0.382,       6.691
 979000         ,      20.680,       7.206,       0.404,       6.051
 980000         ,      20.626,       7.423,       0.486,       5.889
 981000         ,      18.143,       8.853,       0.376,       6.904
 982000         ,      19.783,       7.554,       0.418,       6.590
 983000         ,      16.612,       8.955,       0.339,       8.063
 984000         ,      18.231,       6.752,       0.567,       6.257
 985000         ,      15.114,       9.750,       0.973,       7.649
 986000         ,      17.865,       7.830,       0.441,       6.758
 987000         ,      19.627,       8.226,       0.260,       6.271
 988000         ,      17.308,       8.115,       0.602,       6.313
 989000         ,      18.800,       8.472,       0.436,       6.469
 990000         ,      19.423,       8.170,       0.321,       6.414
 991000         ,      14.744,       8.329,       0.771,       8.117
 992000         ,      18.741,       7.088,       0.963,       5.055
 993000         ,      28.085,       3.617,       4.415,       1.039
 994000         ,      20.323,       8.949,       0.559,       6.139
 995000         ,      21.463,       6.528,       0.762,       5.557
 996000         ,      30.512,       0.413,       8.197,       2.704
 997000         ,      18.634,       5.754,       1.013,       5.337
 998000         ,      18.359,       7.535,       0.332,       6.563
 999000         ,      22.791,       1.506,       5.813,       4.639
 1000000        ,      15.689,       9.506,       0.728,       8.007
