--------------------------------------------------------------------------------
S H A P E   v2.1         Continuous Shape Measures calculation
(c) 2013  Electronic Structure Group, Universitat de Barcelona
                   Contact:  llunell@ub.edu                   
--------------------------------------------------------------------------------

coordination ZF1 

HP-6            1 D6h   Hexagon                                            
PPY-6           2 C5v   Pentagonal pyramid                                 
OC-6            3 Oh    Octahedron                                         
TPR-6           4 D3h   Trigonal prism                                     
JPPY-6          5 C5v   Johnson pentagonal pyramid J2                      

Structure [ML6 ]         HP-6        PPY-6         OC-6        TPR-6       JPPY-6
 0              ,      31.250,      26.585,       1.230,      14.743,      28.990
 1000           ,      32.243,      24.935,       2.134,      14.174,      29.143
 2000           ,      33.093,      26.292,       2.092,      14.249,      30.158
 3000           ,      32.786,      28.848,       1.294,      16.213,      31.580
 4000           ,      33.503,      27.108,       1.718,      15.124,      29.638
 5000           ,      33.484,      27.096,       1.252,      14.369,      31.280
 6000           ,      32.484,      26.760,       1.435,      15.195,      31.372
 7000           ,      32.952,      28.372,       1.239,      16.020,      31.894
 8000           ,      31.326,      25.495,       1.705,      13.504,      28.698
 9000           ,      31.783,      25.158,       2.623,      14.068,      29.041
 10000          ,      31.622,      27.453,       1.528,      16.811,      30.467
 11000          ,      33.000,      26.742,       1.319,      15.330,      29.489
 12000          ,      29.455,      22.918,       2.341,      12.245,      24.565
 13000          ,      31.850,      26.898,       1.237,      15.137,      29.579
 14000          ,      32.801,      28.338,       1.462,      15.115,      31.168
 15000          ,      32.985,      25.625,       1.442,      14.705,      29.137
 16000          ,      32.485,      27.622,       1.462,      15.197,      29.884
 17000          ,      30.295,      27.335,       1.460,      15.645,      30.488
 18000          ,      33.122,      27.206,       1.615,      15.680,      30.714
 19000          ,      32.456,      24.965,       2.036,      13.930,      29.372
 20000          ,      31.520,      26.825,       1.263,      14.053,      29.346
 21000          ,      30.027,      26.184,       1.913,      12.929,      28.152
 22000          ,      30.978,      25.356,       1.857,      14.065,      28.429
 23000          ,      32.479,      23.644,       1.723,      13.254,      26.265
 24000          ,      32.554,      26.610,       1.604,      14.497,      29.475
 25000          ,      30.318,      26.327,       1.560,      16.143,      29.344
 26000          ,      32.766,      27.493,       1.225,      15.796,      30.868
 27000          ,      31.998,      28.143,       0.820,      16.480,      30.761
 28000          ,      32.763,      27.917,       1.909,      16.216,      30.605
 29000          ,      31.428,      27.368,       1.167,      16.291,      30.128
 30000          ,      32.756,      27.691,       1.188,      15.746,      30.667
 31000          ,      31.550,      26.672,       1.823,      16.104,      30.610
 32000          ,      32.448,      27.707,       1.362,      15.082,      30.585
 33000          ,      32.728,      26.439,       1.797,      14.837,      29.066
 34000          ,      32.850,      25.033,       1.757,      15.048,      27.461
 35000          ,      33.833,      25.087,       1.816,      13.056,      29.460
 36000          ,      30.308,      27.637,       1.646,      15.498,      29.440
 37000          ,      30.741,      26.323,       1.922,      14.063,      28.202
 38000          ,      31.272,      27.957,       1.071,      16.384,      30.801
 39000          ,      32.279,      26.476,       1.510,      14.501,      29.849
 40000          ,      31.264,      26.070,       1.792,      15.257,      29.114
 41000          ,      32.053,      27.845,       1.220,      16.289,      30.994
 42000          ,      31.331,      26.775,       1.265,      16.063,      28.784
 43000          ,      32.429,      26.808,       2.523,      14.709,      29.730
 44000          ,      33.495,      29.033,       1.786,      16.848,      31.723
 45000          ,      33.249,      27.791,       1.473,      16.042,      31.560
 46000          ,      33.141,      28.484,       1.364,      16.215,      31.732
 47000          ,      33.555,      28.802,       1.645,      16.085,      31.367
 48000          ,      33.172,      26.574,       1.520,      15.422,      31.294
 49000          ,      32.990,      27.400,       2.639,      16.586,      29.692
 50000          ,      32.195,      26.841,       1.080,      15.110,      30.238
 51000          ,      32.613,      28.305,       0.996,      15.462,      31.493
 52000          ,      31.061,      25.549,       1.634,      14.852,      28.499
 53000          ,      32.003,      26.837,       1.431,      14.321,      30.238
 54000          ,      30.954,      27.895,       0.975,      15.859,      30.834
 55000          ,      32.998,      27.901,       1.436,      16.545,      30.451
 56000          ,      33.130,      26.889,       1.387,      15.254,      31.033
 57000          ,      31.074,      27.267,       1.648,      16.393,      29.734
 58000          ,      32.170,      24.754,       1.664,      14.389,      28.260
 59000          ,      31.142,      25.702,       1.442,      15.422,      28.682
 60000          ,      32.844,      26.095,       1.605,      14.245,      30.969
 61000          ,      32.954,      24.147,       2.473,      13.515,      28.635
 62000          ,      32.291,      25.835,       1.775,      13.523,      29.027
 63000          ,      31.498,      25.243,       1.653,      13.507,      28.353
 64000          ,      33.442,      25.901,       1.943,      14.564,      28.996
 65000          ,      31.009,      26.309,       1.586,      15.068,      30.855
 66000          ,      32.791,      27.497,       1.246,      15.721,      30.344
 67000          ,      32.749,      28.248,       1.406,      17.170,      30.592
 68000          ,      31.624,      24.679,       1.577,      12.769,      27.772
 69000          ,      33.058,      26.824,       1.501,      15.686,      31.428
 70000          ,      33.523,      27.373,       1.304,      14.548,      31.108
 71000          ,      33.667,      27.549,       1.831,      14.592,      31.011
 72000          ,      32.715,      26.213,       1.444,      14.798,      29.195
 73000          ,      30.841,      25.444,       3.032,      12.977,      28.542
 74000          ,      32.216,      28.767,       1.347,      16.612,      31.078
 75000          ,      33.553,      27.069,       1.032,      14.946,      30.837
 76000          ,      32.705,      24.911,       1.626,      14.157,      29.108
 77000          ,      32.694,      27.161,       1.357,      15.535,      30.006
 78000          ,      33.444,      27.021,       1.842,      15.345,      29.505
 79000          ,      32.083,      27.323,       1.658,      15.339,      31.435
 80000          ,      32.075,      26.583,       1.980,      14.902,      30.221
 81000          ,      31.322,      26.398,       1.724,      15.003,      29.097
 82000          ,      32.286,      28.224,       1.223,      15.842,      30.980
 83000          ,      32.782,      28.362,       1.273,      17.267,      32.060
 84000          ,      31.193,      26.479,       1.409,      15.715,      29.880
 85000          ,      32.205,      28.040,       1.086,      16.061,      31.326
 86000          ,      31.955,      26.717,       1.305,      14.901,      28.937
 87000          ,      30.109,      25.560,       1.236,      15.549,      29.041
 88000          ,      33.501,      26.850,       1.390,      15.326,      30.103
 89000          ,      33.131,      26.758,       1.640,      14.900,      29.324
 90000          ,      31.278,      26.280,       1.659,      14.241,      28.877
 91000          ,      33.181,      27.354,       1.536,      15.449,      30.296
 92000          ,      32.506,      28.056,       1.068,      15.762,      31.476
 93000          ,      32.795,      25.821,       2.188,      15.528,      27.795
 94000          ,      32.259,      25.074,       1.426,      12.544,      27.766
 95000          ,      31.370,      28.068,       1.229,      14.879,      30.924
 96000          ,      33.065,      28.258,       1.162,      16.054,      31.643
 97000          ,      31.831,      25.655,       1.505,      13.625,      28.914
 98000          ,      32.729,      27.438,       1.321,      16.741,      31.255
 99000          ,      32.094,      26.338,       1.468,      16.166,      28.730
 100000         ,      32.404,      28.103,       1.298,      15.451,      31.152
 101000         ,      31.338,      25.643,       1.677,      14.124,      28.054
 102000         ,      31.563,      28.513,       1.505,      16.234,      30.694
 103000         ,      32.083,      27.900,       0.879,      15.709,      31.017
 104000         ,      32.765,      27.673,       1.309,      16.246,      31.362
 105000         ,      31.406,      26.338,       2.000,      14.505,      29.251
 106000         ,      33.403,      27.292,       1.569,      15.534,      29.409
 107000         ,      31.292,      26.241,       1.353,      12.818,      28.382
 108000         ,      32.316,      26.554,       1.670,      16.164,      29.460
 109000         ,      32.984,      27.978,       1.123,      14.937,      31.577
 110000         ,      32.430,      27.532,       2.134,      16.593,      29.338
 111000         ,      31.156,      25.307,       1.747,      15.027,      27.858
 112000         ,      31.790,      27.817,       1.006,      15.698,      31.030
 113000         ,      32.427,      27.596,       1.455,      14.901,      30.557
 114000         ,      32.994,      27.131,       1.335,      14.772,      30.650
 115000         ,      32.532,      28.227,       1.338,      16.311,      31.337
 116000         ,      32.619,      24.997,       2.150,      11.870,      27.877
 117000         ,      32.435,      26.672,       1.788,      15.885,      29.519
 118000         ,      31.564,      28.227,       1.151,      16.218,      31.081
 119000         ,      31.991,      25.466,       2.324,      14.978,      28.973
 120000         ,      32.437,      26.661,       1.509,      15.390,      30.713
 121000         ,      31.836,      27.450,       1.140,      16.071,      30.710
 122000         ,      33.216,      28.450,       1.265,      15.873,      31.258
 123000         ,      32.491,      28.210,       1.503,      16.095,      30.691
 124000         ,      32.350,      27.459,       1.357,      15.497,      31.287
 125000         ,      32.333,      27.684,       1.699,      16.185,      30.338
 126000         ,      31.370,      27.162,       1.360,      13.685,      29.710
 127000         ,      32.847,      26.789,       2.404,      13.487,      29.072
 128000         ,      33.290,      27.522,       1.731,      15.119,      30.401
 129000         ,      33.677,      28.694,       1.314,      16.158,      32.272
 130000         ,      32.712,      26.863,       1.383,      15.155,      29.971
 131000         ,      33.478,      28.486,       1.362,      15.644,      31.394
 132000         ,      33.109,      25.223,       1.887,      14.019,      30.086
 133000         ,      32.476,      27.776,       1.327,      15.605,      30.235
 134000         ,      32.285,      27.377,       1.506,      15.221,      31.349
 135000         ,      32.312,      27.553,       1.662,      16.422,      30.444
 136000         ,      32.439,      25.326,       1.298,      14.570,      28.915
 137000         ,      30.639,      26.146,       1.612,      14.667,      28.657
 138000         ,      30.445,      28.014,       1.199,      15.923,      30.350
 139000         ,      33.206,      28.121,       1.118,      16.580,      30.992
 140000         ,      32.123,      26.595,       1.572,      15.456,      29.859
 141000         ,      33.195,      27.276,       1.355,      14.569,      30.320
 142000         ,      32.039,      26.551,       1.567,      14.521,      30.280
 143000         ,      30.565,      26.313,       1.461,      14.635,      28.337
 144000         ,      33.080,      25.816,       2.046,      13.690,      29.969
 145000         ,      29.436,      26.651,       1.543,      16.483,      28.557
 146000         ,      33.329,      26.989,       1.541,      14.778,      30.084
 147000         ,      32.482,      27.365,       1.803,      15.759,      30.169
 148000         ,      32.162,      26.928,       1.453,      15.210,      30.661
 149000         ,      31.111,      24.763,       1.582,      13.999,      27.348
 150000         ,      31.020,      27.955,       1.575,      15.709,      30.933
 151000         ,      33.366,      28.013,       1.269,      15.991,      31.359
 152000         ,      31.722,      24.111,       1.408,      14.046,      28.808
 153000         ,      32.871,      27.377,       1.170,      14.461,      30.983
 154000         ,      32.728,      27.930,       1.206,      15.865,      30.673
 155000         ,      32.201,      27.314,       1.324,      16.115,      31.836
 156000         ,      31.901,      26.195,       1.168,      13.781,      29.225
 157000         ,      33.639,      26.381,       2.379,      14.461,      31.212
 158000         ,      30.533,      27.789,       1.176,      16.165,      30.469
 159000         ,      32.851,      25.861,       2.133,      14.044,      27.901
 160000         ,      32.604,      27.901,       0.980,      16.377,      30.567
 161000         ,      32.696,      25.882,       1.410,      14.419,      30.567
 162000         ,      32.128,      27.782,       1.207,      15.306,      30.304
 163000         ,      32.470,      28.144,       1.207,      17.224,      31.312
 164000         ,      33.094,      26.723,       1.789,      15.060,      29.887
 165000         ,      31.810,      27.897,       1.508,      15.980,      30.738
 166000         ,      30.567,      28.227,       1.260,      15.888,      30.567
 167000         ,      30.936,      26.293,       1.269,      15.295,      30.785
 168000         ,      33.061,      28.205,       0.961,      16.590,      30.832
 169000         ,      31.839,      27.369,       1.266,      14.659,      30.120
 170000         ,      32.123,      26.541,       1.838,      15.027,      28.405
 171000         ,      33.554,      28.485,       1.563,      16.349,      31.748
 172000         ,      33.201,      26.369,       1.340,      14.945,      29.400
 173000         ,      32.872,      26.779,       1.532,      15.964,      29.478
 174000         ,      32.353,      24.577,       1.587,      14.985,      28.984
 175000         ,      30.923,      27.881,       1.319,      16.000,      30.714
 176000         ,      33.512,      28.693,       1.510,      17.553,      31.193
 177000         ,      31.778,      26.996,       1.500,      16.055,      30.076
 178000         ,      29.266,      24.110,       1.950,      13.788,      28.862
 179000         ,      31.000,      27.762,       1.554,      15.618,      30.928
 180000         ,      32.353,      26.313,       1.497,      13.617,      28.951
 181000         ,      28.938,      25.915,       1.514,      15.115,      28.081
 182000         ,      29.598,      26.585,       1.179,      13.544,      29.887
 183000         ,      30.661,      24.860,       2.449,      15.363,      26.959
 184000         ,      32.612,      27.627,       1.766,      16.184,      30.149
 185000         ,      32.667,      26.103,       1.633,      14.261,      30.581
 186000         ,      33.320,      26.917,       1.496,      14.534,      30.222
 187000         ,      32.350,      26.672,       1.715,      16.233,      29.813
 188000         ,      31.182,      25.722,       1.298,      14.097,      28.611
 189000         ,      30.706,      26.930,       1.435,      15.756,      29.035
 190000         ,      33.163,      27.806,       1.223,      15.432,      30.328
 191000         ,      33.214,      26.801,       1.591,      15.684,      31.020
 192000         ,      32.259,      26.168,       1.663,      14.562,      28.802
 193000         ,      30.910,      25.760,       2.106,      13.062,      28.704
 194000         ,      33.526,      23.463,       2.872,      12.147,      27.417
 195000         ,      31.753,      26.148,       1.983,      15.734,      28.203
 196000         ,      32.420,      26.401,       1.845,      14.092,      29.046
 197000         ,      32.470,      27.587,       1.612,      15.013,      30.844
 198000         ,      32.189,      26.752,       1.194,      15.635,      29.389
 199000         ,      32.114,      27.139,       1.305,      16.137,      30.051
 200000         ,      31.886,      25.115,       1.461,      13.734,      27.648
 201000         ,      32.731,      28.694,       1.480,      17.110,      31.894
 202000         ,      31.282,      27.591,       1.253,      16.218,      29.988
 203000         ,      31.242,      24.287,       1.921,      12.534,      27.133
 204000         ,      33.267,      28.872,       1.477,      17.104,      30.942
 205000         ,      31.033,      27.979,       1.371,      15.200,      30.064
 206000         ,      32.833,      28.145,       1.160,      15.580,      30.628
 207000         ,      32.618,      27.294,       1.456,      14.735,      29.713
 208000         ,      31.241,      25.525,       1.220,      13.746,      28.760
 209000         ,      32.887,      28.242,       1.429,      16.018,      31.291
 210000         ,      31.674,      28.065,       1.992,      17.031,      30.222
 211000         ,      32.142,      28.743,       0.936,      16.893,      31.293
 212000         ,      31.805,      26.715,       1.529,      15.074,      29.876
 213000         ,      32.754,      26.504,       1.150,      15.088,      29.167
 214000         ,      31.822,      27.033,       1.591,      15.043,      29.140
 215000         ,      32.263,      27.232,       0.972,      15.246,      29.891
 216000         ,      31.587,      26.772,       1.389,      14.968,      29.157
 217000         ,      31.426,      26.044,       1.830,      14.129,      28.473
 218000         ,      31.031,      26.555,       1.847,      14.388,      28.706
 219000         ,      31.134,      25.467,       2.931,      14.714,      27.661
 220000         ,      31.820,      22.792,       2.574,      12.379,      26.307
 221000         ,      32.955,      26.908,       1.977,      15.236,      29.635
 222000         ,      32.249,      27.902,       1.771,      16.392,      30.749
 223000         ,      32.874,      27.020,       1.458,      15.588,      31.780
 224000         ,      33.694,      24.993,       1.746,      14.748,      27.557
 225000         ,      31.962,      27.701,       1.686,      14.064,      29.717
 226000         ,      32.499,      28.346,       1.009,      16.487,      30.682
 227000         ,      32.067,      28.257,       1.574,      16.499,      30.561
 228000         ,      31.786,      25.242,       1.438,      13.883,      28.647
 229000         ,      32.486,      27.410,       1.320,      16.068,      30.522
 230000         ,      32.557,      28.255,       1.220,      16.093,      31.403
 231000         ,      32.634,      27.453,       1.667,      16.255,      31.049
 232000         ,      32.912,      27.573,       1.814,      16.122,      30.852
 233000         ,      31.862,      28.060,       1.359,      15.618,      30.140
 234000         ,      32.682,      24.795,       1.728,      14.163,      27.844
 235000         ,      32.732,      26.535,       1.494,      15.326,      31.336
 236000         ,      31.661,      27.064,       1.446,      16.295,      30.175
 237000         ,      31.100,      25.691,       1.870,      14.079,      28.658
 238000         ,      32.623,      26.780,       1.244,      15.288,      29.706
 239000         ,      31.543,      26.411,       1.422,      14.271,      29.226
 240000         ,      32.180,      25.992,       1.498,      13.771,      29.477
 241000         ,      32.246,      25.359,       1.272,      14.308,      28.529
 242000         ,      30.879,      24.654,       1.563,      14.304,      27.548
 243000         ,      31.659,      27.883,       1.165,      17.113,      30.858
 244000         ,      30.965,      26.997,       2.053,      14.581,      29.372
 245000         ,      33.362,      28.040,       1.674,      15.808,      31.176
 246000         ,      32.161,      26.536,       1.489,      15.082,      31.118
 247000         ,      32.569,      25.716,       1.564,      13.011,      29.675
 248000         ,      32.838,      27.455,       2.044,      15.484,      29.535
 249000         ,      32.753,      26.648,       1.711,      14.375,      30.566
 250000         ,      31.472,      27.340,       0.970,      14.392,      29.778
 251000         ,      32.032,      27.813,       1.142,      15.898,      30.738
 252000         ,      33.035,      28.196,       1.135,      15.816,      31.703
 253000         ,      31.879,      25.184,       2.395,      14.328,      28.653
 254000         ,      31.449,      26.320,       2.170,      13.963,      29.220
 255000         ,      31.994,      27.091,       1.351,      14.767,      29.769
 256000         ,      33.112,      26.384,       1.008,      13.868,      29.264
 257000         ,      32.845,      27.296,       1.535,      15.906,      30.372
 258000         ,      30.771,      27.087,       2.117,      16.500,      29.328
 259000         ,      33.377,      26.847,       1.556,      14.762,      30.301
 260000         ,      32.329,      28.604,       1.326,      16.390,      31.540
 261000         ,      32.053,      26.771,       1.732,      14.086,      29.685
 262000         ,      32.975,      25.928,       1.701,      14.825,      28.845
 263000         ,      30.564,      26.594,       1.362,      13.983,      28.971
 264000         ,      32.004,      25.940,       1.365,      14.784,      29.385
 265000         ,      31.598,      27.624,       1.838,      16.279,      30.463
 266000         ,      32.037,      27.548,       1.412,      13.951,      30.468
 267000         ,      33.462,      24.916,       1.555,      13.268,      29.448
 268000         ,      32.783,      27.857,       1.091,      15.020,      30.810
 269000         ,      33.395,      27.974,       1.860,      15.697,      31.400
 270000         ,      32.630,      26.747,       1.723,      16.025,      30.724
 271000         ,      31.128,      25.805,       1.179,      14.638,      28.880
 272000         ,      33.230,      26.498,       1.153,      15.115,      30.065
 273000         ,      33.609,      26.220,       1.888,      15.211,      30.350
 274000         ,      33.117,      26.557,       0.821,      15.021,      30.370
 275000         ,      31.837,      27.260,       1.720,      14.717,      29.246
 276000         ,      29.585,      26.857,       1.460,      14.805,      29.225
 277000         ,      31.106,      26.373,       2.186,      15.366,      29.245
 278000         ,      29.853,      24.775,       1.531,      13.606,      29.142
 279000         ,      32.149,      27.554,       1.393,      14.978,      30.975
 280000         ,      31.060,      27.410,       1.744,      14.626,      30.433
 281000         ,      32.726,      26.581,       1.563,      15.288,      29.373
 282000         ,      32.936,      25.812,       2.011,      15.011,      30.478
 283000         ,      31.458,      28.467,       1.462,      16.919,      30.986
 284000         ,      32.234,      27.579,       1.126,      16.219,      31.783
 285000         ,      31.819,      26.714,       1.502,      14.844,      30.373
 286000         ,      30.310,      27.646,       1.702,      15.745,      30.526
 287000         ,      31.911,      25.846,       2.255,      14.969,      27.705
 288000         ,      31.831,      26.339,       1.536,      13.970,      29.141
 289000         ,      30.228,      26.686,       1.469,      15.571,      30.922
 290000         ,      33.076,      25.098,       1.716,      14.038,      29.781
 291000         ,      32.704,      26.621,       1.602,      14.025,      30.723
 292000         ,      31.107,      25.849,       2.726,      14.006,      29.624
 293000         ,      32.890,      27.761,       1.356,      16.007,      32.045
 294000         ,      33.535,      26.735,       1.660,      14.070,      29.692
 295000         ,      33.426,      26.345,       1.441,      13.476,      29.436
 296000         ,      33.593,      27.766,       1.705,      16.488,      30.971
 297000         ,      32.667,      26.263,       1.544,      14.078,      28.965
 298000         ,      32.284,      27.048,       1.654,      15.563,      29.614
 299000         ,      32.031,      28.312,       1.380,      15.922,      31.177
 300000         ,      32.935,      27.944,       1.345,      16.501,      30.683
 301000         ,      32.485,      26.841,       0.797,      14.899,      30.428
 302000         ,      32.697,      26.839,       1.727,      15.943,      29.680
 303000         ,      32.077,      28.444,       1.338,      16.634,      30.988
 304000         ,      32.310,      27.548,       1.094,      16.655,      30.813
 305000         ,      33.818,      25.805,       3.316,      15.237,      28.308
 306000         ,      32.002,      28.823,       1.516,      16.327,      31.397
 307000         ,      31.494,      27.247,       1.621,      14.918,      29.793
 308000         ,      33.107,      27.511,       1.276,      15.285,      30.228
 309000         ,      32.581,      28.669,       1.942,      16.056,      31.209
 310000         ,      31.881,      25.564,       1.083,      13.510,      28.933
 311000         ,      31.572,      25.967,       1.797,      15.570,      30.197
 312000         ,      32.064,      26.308,       1.573,      14.100,      29.383
 313000         ,      32.689,      27.054,       1.205,      15.013,      29.709
 314000         ,      32.905,      27.040,       1.318,      14.749,      30.331
 315000         ,      33.660,      27.513,       1.179,      15.601,      30.749
 316000         ,      31.942,      27.743,       2.013,      15.987,      30.631
 317000         ,      31.563,      26.401,       1.388,      13.588,      29.338
 318000         ,      33.532,      26.690,       2.263,      14.951,      29.753
 319000         ,      30.200,      27.192,       1.305,      15.169,      30.228
 320000         ,      33.391,      27.465,       1.262,      16.097,      31.031
 321000         ,      32.904,      27.505,       1.385,      15.113,      30.337
 322000         ,      31.436,      25.296,       2.084,      13.584,      27.590
 323000         ,      32.779,      27.399,       1.118,      15.412,      31.014
 324000         ,      32.862,      26.946,       1.410,      13.641,      29.587
 325000         ,      31.601,      24.489,       1.869,      12.798,      27.296
 326000         ,      33.026,      26.540,       1.678,      14.818,      29.703
 327000         ,      32.283,      27.991,       1.672,      16.103,      30.770
 328000         ,      32.254,      26.965,       1.593,      15.748,      30.084
 329000         ,      32.589,      28.511,       1.618,      16.184,      30.755
 330000         ,      31.135,      27.742,       1.386,      16.204,      30.902
 331000         ,      32.839,      25.444,       1.309,      14.017,      30.040
 332000         ,      31.954,      24.260,       2.075,      11.878,      27.411
 333000         ,      33.187,      25.359,       1.815,      13.288,      28.763
 334000         ,      32.698,      24.619,       1.536,      12.165,      29.268
 335000         ,      32.034,      27.524,       1.590,      15.581,      30.463
 336000         ,      32.910,      27.530,       1.130,      14.588,      30.073
 337000         ,      32.458,      26.356,       1.335,      13.562,      30.397
 338000         ,      32.181,      25.759,       1.888,      14.056,      28.425
 339000         ,      32.197,      25.651,       1.657,      15.486,      28.826
 340000         ,      31.674,      28.194,       1.961,      16.309,      31.099
 341000         ,      32.925,      28.087,       1.780,      15.910,      31.262
 342000         ,      32.587,      26.291,       1.530,      13.636,      29.398
 343000         ,      33.136,      28.312,       1.584,      15.868,      30.504
 344000         ,      32.670,      27.885,       1.714,      15.836,      30.184
 345000         ,      30.845,      27.473,       1.323,      15.847,      29.656
 346000         ,      33.392,      26.299,       1.450,      13.682,      29.241
 347000         ,      31.959,      27.596,       1.610,      15.113,      29.646
 348000         ,      32.328,      28.061,       1.573,      15.458,      30.121
 349000         ,      33.037,      26.743,       1.896,      15.104,      29.370
 350000         ,      32.748,      27.998,       1.388,      16.708,      31.085
 351000         ,      33.771,      26.210,       1.813,      14.482,      28.737
 352000         ,      32.295,      28.159,       1.122,      16.955,      31.353
 353000         ,      33.187,      28.524,       1.042,      16.227,      31.487
 354000         ,      33.960,      28.651,       2.059,      16.409,      32.460
 355000         ,      33.263,      27.143,       1.388,      14.493,      30.532
 356000         ,      31.896,      28.329,       1.134,      15.900,      31.339
 357000         ,      32.904,      26.705,       1.314,      13.626,      29.945
 358000         ,      33.355,      27.635,       1.939,      14.963,      30.230
 359000         ,      31.353,      27.847,       2.301,      15.755,      29.996
 360000         ,      31.324,      27.018,       1.448,      15.844,      29.591
 361000         ,      32.851,      27.579,       1.504,      14.555,      30.634
 362000         ,      31.728,      26.156,       1.346,      14.931,      28.381
 363000         ,      32.071,      25.325,       1.589,      15.179,      27.824
 364000         ,      32.611,      26.812,       1.417,      14.876,      31.068
 365000         ,      31.873,      25.050,       1.530,      14.757,      29.888
 366000         ,      31.189,      28.147,       2.571,      16.755,      30.068
 367000         ,      31.718,      25.857,       1.397,      15.863,      28.929
 368000         ,      32.148,      28.362,       1.612,      16.904,      30.349
 369000         ,      32.655,      27.933,       1.489,      16.335,      31.366
 370000         ,      33.633,      26.324,       2.209,      14.065,      29.365
 371000         ,      31.519,      28.617,       1.230,      16.870,      30.724
 372000         ,      33.726,      26.136,       1.464,      13.398,      30.230
 373000         ,      32.822,      27.746,       1.454,      16.459,      30.997
 374000         ,      32.291,      27.956,       1.222,      16.097,      30.643
 375000         ,      33.171,      27.221,       1.726,      14.962,      30.133
 376000         ,      32.204,      26.528,       1.509,      14.514,      30.461
 377000         ,      32.766,      25.055,       1.257,      12.711,      29.481
 378000         ,      31.231,      26.010,       1.707,      13.473,      29.720
 379000         ,      33.586,      27.469,       1.627,      15.320,      30.670
 380000         ,      32.408,      26.258,       1.776,      14.164,      28.252
 381000         ,      33.331,      26.022,       2.137,      13.299,      28.962
 382000         ,      33.424,      28.106,       1.346,      15.478,      30.961
 383000         ,      31.602,      25.390,       1.516,      14.271,      27.928
 384000         ,      33.176,      28.419,       1.265,      16.389,      31.076
 385000         ,      31.829,      25.354,       1.675,      13.702,      28.401
 386000         ,      31.509,      27.628,       1.078,      15.770,      30.662
 387000         ,      33.107,      28.717,       1.532,      16.330,      31.824
 388000         ,      30.918,      26.726,       1.832,      15.591,      28.550
 389000         ,      33.171,      28.418,       1.143,      15.488,      31.312
 390000         ,      32.008,      26.979,       2.011,      14.302,      29.030
 391000         ,      32.705,      28.580,       1.211,      16.152,      31.408
 392000         ,      32.467,      26.394,       1.383,      14.841,      30.410
 393000         ,      32.672,      27.362,       1.056,      15.293,      30.663
 394000         ,      30.377,      27.397,       1.029,      15.992,      29.884
 395000         ,      32.334,      27.562,       1.850,      15.818,      29.929
 396000         ,      31.759,      27.332,       1.356,      15.283,      30.560
 397000         ,      32.321,      27.913,       1.533,      16.728,      30.429
 398000         ,      31.568,      26.048,       1.414,      14.368,      29.102
 399000         ,      33.221,      25.687,       1.540,      14.311,      28.900
 400000         ,      32.291,      28.241,       1.737,      14.584,      30.253
 401000         ,      31.906,      25.587,       1.398,      13.355,      28.091
 402000         ,      32.680,      28.925,       1.038,      16.424,      32.092
 403000         ,      32.755,      28.193,       1.753,      16.632,      31.198
 404000         ,      32.667,      26.282,       1.576,      14.949,      28.418
 405000         ,      32.215,      26.653,       1.056,      13.370,      29.369
 406000         ,      33.642,      28.320,       1.380,      17.318,      31.491
 407000         ,      31.388,      23.681,       3.406,      13.684,      27.730
 408000         ,      32.351,      25.764,       1.559,      14.039,      29.770
 409000         ,      32.789,      28.534,       1.213,      15.243,      31.519
 410000         ,      32.255,      27.542,       1.473,      15.778,      29.666
 411000         ,      32.788,      27.974,       1.607,      16.546,      31.613
 412000         ,      32.732,      27.574,       2.209,      15.632,      29.597
 413000         ,      31.735,      26.904,       1.331,      14.959,      29.733
 414000         ,      32.962,      27.663,       1.495,      15.942,      29.797
 415000         ,      32.547,      28.273,       1.526,      16.723,      31.044
 416000         ,      32.509,      26.575,       1.612,      14.001,      29.115
 417000         ,      31.641,      26.433,       1.355,      14.811,      29.466
 418000         ,      33.143,      26.094,       1.719,      13.450,      29.004
 419000         ,      31.890,      27.305,       1.470,      15.902,      29.917
 420000         ,      31.583,      26.378,       1.141,      14.306,      29.468
 421000         ,      32.913,      27.440,       1.563,      14.767,      30.246
 422000         ,      31.938,      27.677,       1.464,      15.017,      30.524
 423000         ,      33.117,      27.281,       1.588,      15.931,      31.377
 424000         ,      32.513,      26.082,       1.644,      14.734,      28.482
 425000         ,      31.346,      27.043,       1.939,      15.516,      29.995
 426000         ,      32.596,      27.016,       1.755,      15.673,      31.125
 427000         ,      32.851,      27.688,       1.129,      15.136,      30.476
 428000         ,      30.613,      27.510,       2.210,      17.050,      29.412
 429000         ,      32.924,      27.050,       1.347,      15.586,      29.605
 430000         ,      32.850,      26.371,       2.075,      15.079,      28.054
 431000         ,      31.928,      25.382,       1.211,      13.679,      27.684
 432000         ,      33.517,      28.430,       1.274,      16.667,      31.660
 433000         ,      32.927,      27.963,       0.898,      15.245,      31.659
 434000         ,      32.178,      25.197,       1.619,      13.214,      29.422
 435000         ,      31.008,      25.651,       1.466,      14.787,      28.387
 436000         ,      33.175,      26.070,       1.350,      14.413,      29.329
 437000         ,      31.367,      28.408,       1.211,      16.295,      30.836
 438000         ,      30.541,      26.349,       1.487,      16.086,      28.540
 439000         ,      29.701,      26.932,       1.768,      14.834,      28.920
 440000         ,      33.422,      27.192,       1.890,      14.396,      30.082
 441000         ,      32.224,      28.578,       1.080,      16.442,      31.486
 442000         ,      32.319,      28.733,       1.158,      16.131,      31.806
 443000         ,      32.470,      28.037,       1.050,      15.622,      31.022
 444000         ,      30.581,      27.689,       1.286,      16.562,      30.578
 445000         ,      32.842,      29.004,       1.484,      16.320,      31.132
 446000         ,      34.137,      25.589,       2.163,      13.201,      29.237
 447000         ,      33.388,      27.430,       1.862,      15.383,      30.063
 448000         ,      32.740,      27.225,       1.534,      15.523,      30.396
 449000         ,      32.343,      28.611,       1.177,      16.848,      31.300
 450000         ,      31.782,      24.145,       2.426,      12.533,      29.121
 451000         ,      29.915,      26.870,       1.385,      15.226,      30.804
 452000         ,      30.403,      26.091,       1.698,      13.940,      28.089
 453000         ,      31.161,      23.254,       2.023,      12.173,      27.172
 454000         ,      31.899,      26.993,       1.031,      15.571,      30.255
 455000         ,      32.661,      27.999,       1.050,      14.858,      31.173
 456000         ,      32.191,      25.224,       2.056,      11.816,      27.828
 457000         ,      32.600,      26.683,       1.752,      15.173,      30.626
 458000         ,      32.655,      26.390,       1.662,      14.563,      30.341
 459000         ,      32.852,      28.285,       1.747,      16.509,      31.101
 460000         ,      33.087,      28.307,       1.464,      15.756,      31.658
 461000         ,      33.332,      27.914,       1.490,      17.039,      30.913
 462000         ,      32.492,      28.413,       1.010,      16.077,      31.095
 463000         ,      33.498,      27.089,       1.539,      15.919,      31.481
 464000         ,      31.833,      26.051,       1.261,      14.781,      28.769
 465000         ,      29.910,      26.355,       1.105,      14.950,      29.079
 466000         ,      31.487,      25.300,       1.984,      13.837,      27.522
 467000         ,      32.952,      25.500,       1.782,      12.252,      28.710
 468000         ,      32.490,      27.111,       1.359,      15.616,      30.100
 469000         ,      33.730,      28.930,       1.078,      16.160,      31.760
 470000         ,      32.960,      25.518,       2.359,      13.135,      29.457
 471000         ,      31.365,      27.670,       1.414,      15.367,      30.145
 472000         ,      32.289,      26.592,       1.976,      16.375,      29.736
 473000         ,      32.710,      23.713,       2.232,      11.677,      27.118
 474000         ,      31.105,      27.382,       1.163,      15.168,      30.451
 475000         ,      32.426,      25.236,       1.570,      13.094,      29.489
 476000         ,      33.281,      26.052,       1.415,      13.557,      28.916
 477000         ,      31.362,      26.960,       1.931,      16.335,      30.020
 478000         ,      33.101,      27.724,       2.460,      17.045,      30.126
 479000         ,      32.219,      28.330,       1.597,      15.945,      31.103
 480000         ,      33.340,      26.750,       1.922,      14.909,      29.879
 481000         ,      30.865,      26.617,       1.017,      14.833,      29.191
 482000         ,      32.928,      25.896,       1.358,      13.054,      29.087
 483000         ,      32.727,      27.077,       1.531,      15.036,      30.395
 484000         ,      33.158,      26.726,       1.839,      15.596,      30.015
 485000         ,      31.698,      28.369,       0.988,      16.151,      31.281
 486000         ,      32.367,      27.200,       1.304,      16.792,      30.341
 487000         ,      33.017,      27.761,       1.643,      16.832,      31.080
 488000         ,      32.304,      26.118,       1.507,      15.039,      29.701
 489000         ,      31.309,      27.804,       0.770,      15.537,      30.609
 490000         ,      33.159,      25.796,       1.484,      12.989,      30.318
 491000         ,      30.795,      26.911,       1.713,      16.288,      29.763
 492000         ,      32.657,      26.928,       1.240,      13.964,      29.969
 493000         ,      33.130,      27.743,       1.090,      15.598,      30.078
 494000         ,      33.044,      27.483,       1.443,      14.565,      30.125
 495000         ,      32.982,      28.609,       1.016,      16.341,      31.883
 496000         ,      32.303,      26.027,       1.422,      14.142,      29.410
 497000         ,      33.061,      27.030,       1.335,      14.639,      29.968
 498000         ,      31.154,      27.574,       2.057,      16.688,      30.149
 499000         ,      31.499,      27.849,       1.243,      16.223,      30.714
 500000         ,      32.524,      27.612,       1.703,      15.899,      29.983
 501000         ,      31.907,      25.662,       1.604,      12.265,      29.201
 502000         ,      32.003,      27.974,       0.760,      14.995,      31.083
 503000         ,      32.755,      26.246,       1.850,      13.209,      30.380
 504000         ,      32.517,      27.956,       1.479,      15.399,      30.270
 505000         ,      32.085,      26.692,       1.172,      15.366,      30.926
 506000         ,      32.482,      27.775,       1.502,      14.952,      30.039
 507000         ,      33.613,      27.352,       1.404,      14.896,      30.060
 508000         ,      32.585,      28.175,       1.215,      16.880,      31.348
 509000         ,      30.807,      28.050,       1.709,      15.855,      30.374
 510000         ,      32.227,      28.148,       1.077,      16.730,      30.486
 511000         ,      31.843,      25.060,       1.575,      12.273,      28.924
 512000         ,      33.313,      28.479,       1.290,      15.948,      30.973
 513000         ,      32.203,      27.453,       1.305,      14.865,      30.299
 514000         ,      33.183,      27.292,       1.596,      16.335,      31.382
 515000         ,      32.910,      28.355,       1.184,      14.713,      31.047
 516000         ,      31.988,      28.040,       1.319,      15.100,      30.688
 517000         ,      29.695,      27.013,       1.943,      15.082,      28.527
 518000         ,      31.300,      27.263,       1.215,      14.852,      29.259
 519000         ,      32.495,      26.410,       1.242,      14.860,      28.846
 520000         ,      31.501,      26.277,       1.698,      15.259,      28.686
 521000         ,      32.028,      27.439,       1.342,      16.238,      31.261
 522000         ,      30.662,      27.470,       1.207,      16.250,      30.948
 523000         ,      33.330,      28.461,       1.241,      16.429,      31.532
 524000         ,      30.050,      25.472,       1.575,      14.378,      28.444
 525000         ,      32.280,      26.549,       1.270,      15.365,      29.443
 526000         ,      33.282,      28.176,       1.310,      17.201,      31.174
 527000         ,      33.778,      26.371,       1.839,      14.696,      29.067
 528000         ,      34.010,      26.726,       2.039,      13.853,      30.058
 529000         ,      30.357,      26.648,       1.569,      15.645,      29.151
 530000         ,      32.523,      27.230,       1.114,      14.589,      30.648
 531000         ,      32.494,      26.656,       1.355,      14.321,      29.699
 532000         ,      32.860,      27.576,       0.899,      14.545,      30.361
 533000         ,      33.130,      27.740,       1.780,      16.708,      31.493
 534000         ,      33.126,      26.616,       1.529,      15.386,      30.118
 535000         ,      32.675,      26.012,       1.343,      14.750,      30.518
 536000         ,      33.190,      25.912,       1.781,      13.115,      28.905
 537000         ,      32.702,      27.392,       1.375,      14.505,      29.669
 538000         ,      31.746,      27.475,       1.340,      15.853,      30.422
 539000         ,      33.729,      27.316,       1.316,      15.141,      31.438
 540000         ,      32.204,      25.899,       1.659,      14.804,      29.248
 541000         ,      31.954,      25.880,       1.395,      15.515,      28.921
 542000         ,      33.161,      26.653,       1.857,      13.814,      29.775
 543000         ,      32.503,      26.708,       1.392,      15.131,      29.722
 544000         ,      31.603,      27.367,       1.908,      15.986,      30.042
 545000         ,      32.212,      27.102,       1.361,      15.319,      30.506
 546000         ,      31.694,      27.566,       1.938,      16.020,      30.500
 547000         ,      31.546,      26.504,       1.582,      15.193,      29.063
 548000         ,      33.022,      27.071,       1.358,      15.043,      29.974
 549000         ,      32.543,      28.618,       1.026,      16.097,      31.353
 550000         ,      32.419,      28.426,       1.107,      16.393,      31.309
 551000         ,      32.753,      26.070,       1.688,      14.464,      30.143
 552000         ,      32.697,      27.899,       1.439,      15.978,      30.435
 553000         ,      30.795,      25.142,       1.722,      14.653,      27.880
 554000         ,      33.486,      27.300,       1.237,      14.336,      30.786
 555000         ,      32.911,      26.419,       1.449,      14.353,      30.279
 556000         ,      32.228,      27.951,       1.487,      16.798,      30.506
 557000         ,      32.028,      26.978,       1.614,      15.059,      29.478
 558000         ,      31.510,      26.239,       1.365,      13.484,      30.877
 559000         ,      32.701,      23.566,       1.953,      10.985,      26.883
 560000         ,      33.140,      26.123,       1.801,      14.352,      29.860
 561000         ,      33.453,      26.804,       1.714,      14.912,      29.792
 562000         ,      32.523,      26.263,       1.446,      13.109,      29.480
 563000         ,      31.690,      25.763,       1.134,      14.831,      28.508
 564000         ,      32.552,      25.907,       2.072,      11.991,      29.290
 565000         ,      32.899,      26.248,       2.016,      14.410,      29.135
 566000         ,      33.274,      26.482,       1.573,      13.708,      31.076
 567000         ,      33.339,      27.596,       1.321,      15.109,      30.505
 568000         ,      33.236,      27.153,       2.202,      14.633,      29.836
 569000         ,      32.987,      27.955,       1.693,      16.368,      30.861
 570000         ,      31.569,      28.554,       1.214,      16.463,      30.929
 571000         ,      32.391,      28.434,       1.934,      16.546,      31.181
 572000         ,      32.499,      27.009,       1.859,      14.585,      29.530
 573000         ,      32.218,      25.747,       1.566,      14.761,      30.470
 574000         ,      33.375,      28.153,       1.496,      15.683,      31.182
 575000         ,      32.461,      27.873,       0.897,      15.755,      30.912
 576000         ,      32.312,      26.554,       1.511,      15.476,      30.880
 577000         ,      32.747,      28.059,       1.501,      15.622,      31.545
 578000         ,      32.964,      27.733,       1.315,      15.411,      31.310
 579000         ,      33.116,      25.959,       1.699,      14.119,      28.861
 580000         ,      31.725,      27.234,       1.340,      15.855,      30.148
 581000         ,      33.699,      27.992,       1.795,      16.216,      30.403
 582000         ,      32.040,      27.606,       1.419,      16.780,      30.839
 583000         ,      33.319,      27.282,       1.283,      15.586,      30.407
 584000         ,      32.451,      26.721,       1.190,      15.920,      29.990
 585000         ,      32.534,      27.612,       1.806,      15.018,      30.801
 586000         ,      32.103,      27.806,       1.261,      15.176,      30.511
 587000         ,      32.964,      27.295,       2.114,      14.864,      30.329
 588000         ,      32.515,      25.929,       1.582,      14.005,      28.987
 589000         ,      32.071,      26.127,       1.669,      14.131,      29.463
 590000         ,      30.292,      27.699,       1.461,      15.980,      29.510
 591000         ,      32.906,      25.814,       1.607,      14.746,      28.804
 592000         ,      32.129,      24.438,       1.682,      13.710,      28.660
 593000         ,      32.268,      27.386,       1.686,      14.010,      29.277
 594000         ,      33.296,      25.267,       1.990,      14.415,      28.757
 595000         ,      31.585,      27.402,       1.345,      16.309,      29.690
 596000         ,      32.085,      26.820,       1.866,      16.511,      29.426
 597000         ,      31.833,      26.862,       1.635,      15.486,      29.816
 598000         ,      31.834,      26.839,       1.375,      14.924,      29.920
 599000         ,      31.679,      26.372,       1.729,      15.635,      29.374
 600000         ,      33.167,      27.383,       1.742,      15.846,      30.562
 601000         ,      32.596,      27.851,       1.582,      15.824,      30.731
 602000         ,      32.937,      26.946,       1.708,      13.989,      30.033
 603000         ,      30.517,      24.710,       1.645,      13.972,      27.518
 604000         ,      31.242,      27.378,       1.839,      14.877,      29.948
 605000         ,      31.440,      23.867,       2.571,      12.725,      27.010
 606000         ,      31.758,      24.986,       2.194,      12.043,      29.517
 607000         ,      30.354,      26.279,       1.929,      13.919,      28.096
 608000         ,      32.557,      28.098,       2.117,      14.801,      30.259
 609000         ,      32.492,      25.692,       1.659,      14.076,      28.050
 610000         ,      32.500,      26.100,       1.988,      13.876,      29.091
 611000         ,      31.007,      24.495,       2.148,      12.723,      26.876
 612000         ,      31.720,      27.668,       1.521,      14.675,      30.142
 613000         ,      30.965,      23.703,       2.142,      11.607,      26.235
 614000         ,      31.670,      23.953,       2.346,      13.208,      26.264
 615000         ,      30.961,      26.752,       2.594,      14.666,      28.420
 616000         ,      31.190,      24.797,       1.550,      14.098,      27.503
 617000         ,      33.156,      23.098,       2.277,      12.625,      26.560
 618000         ,      30.529,      28.067,       1.951,      16.639,      30.022
 619000         ,      31.348,      28.030,       1.248,      15.001,      30.447
 620000         ,      31.970,      25.820,       1.915,      13.495,      29.616
 621000         ,      32.415,      27.880,       1.544,      16.370,      29.963
 622000         ,      32.041,      25.655,       2.221,      13.899,      28.436
 623000         ,      31.620,      27.878,       2.209,      15.272,      30.279
 624000         ,      33.209,      25.312,       2.480,      12.287,      28.937
 625000         ,      33.370,      26.245,       1.490,      13.926,      29.700
 626000         ,      32.038,      27.638,       1.363,      15.682,      31.069
 627000         ,      33.268,      24.625,       2.162,      13.385,      27.231
 628000         ,      30.824,      27.416,       1.648,      15.979,      29.875
 629000         ,      30.438,      26.808,       1.848,      16.172,      30.916
 630000         ,      32.458,      25.956,       1.615,      14.539,      28.353
 631000         ,      30.977,      23.806,       2.334,      12.787,      26.301
 632000         ,      31.082,      25.807,       1.745,      15.467,      28.670
 633000         ,      31.886,      26.498,       1.239,      13.711,      28.787
 634000         ,      31.603,      26.354,       2.807,      13.730,      27.995
 635000         ,      32.110,      23.955,       1.881,      13.482,      26.900
 636000         ,      31.489,      24.947,       2.254,      13.273,      29.667
 637000         ,      32.399,      27.906,       1.141,      15.619,      31.575
 638000         ,      32.683,      25.479,       1.872,      13.605,      28.315
 639000         ,      30.870,      26.166,       2.873,      14.138,      27.693
 640000         ,      31.941,      25.617,       1.538,      12.725,      29.240
 641000         ,      31.320,      26.757,       1.228,      14.068,      29.161
 642000         ,      27.177,      24.346,       2.926,      12.943,      25.804
 643000         ,      32.289,      25.712,       1.781,      13.357,      29.975
 644000         ,      30.664,      24.454,       3.210,      13.744,      26.443
 645000         ,      31.892,      24.035,       1.923,      12.531,      27.058
 646000         ,      32.465,      27.042,       1.661,      15.312,      29.601
 647000         ,      32.008,      26.225,       1.886,      14.312,      28.724
 648000         ,      31.785,      25.612,       1.616,      13.900,      28.917
 649000         ,      33.386,      27.725,       1.454,      15.419,      30.843
 650000         ,      31.156,      26.588,       1.858,      14.953,      28.057
 651000         ,      32.650,      27.563,       1.789,      16.927,      30.376
 652000         ,      33.459,      25.855,       2.138,      13.330,      28.634
 653000         ,      33.530,      26.788,       1.706,      14.816,      29.621
 654000         ,      32.687,      27.758,       1.485,      15.451,      30.850
 655000         ,      33.855,      27.196,       2.398,      15.552,      29.334
 656000         ,      32.672,      26.316,       2.178,      14.773,      29.059
 657000         ,      32.308,      24.210,       2.674,      11.983,      26.899
 658000         ,      33.256,      27.157,       1.497,      14.438,      31.035
 659000         ,      33.507,      28.063,       1.794,      15.205,      30.499
 660000         ,      32.097,      23.600,       2.666,      13.062,      26.104
 661000         ,      33.379,      24.801,       2.043,      13.861,      27.802
 662000         ,      30.117,      26.881,       1.841,      14.591,      29.000
 663000         ,      30.079,      24.159,       2.192,      12.816,      28.110
 664000         ,      32.489,      23.135,       2.831,      10.275,      25.335
 665000         ,      32.307,      28.070,       1.974,      17.042,      31.304
 666000         ,      32.843,      25.222,       1.688,      14.633,      29.865
 667000         ,      31.211,      27.290,       1.515,      15.977,      28.981
 668000         ,      32.701,      23.133,       3.413,      10.784,      25.365
 669000         ,      32.626,      23.302,       2.668,      10.903,      26.618
 670000         ,      32.374,      27.701,       1.707,      15.186,      30.373
 671000         ,      32.912,      27.019,       1.287,      14.705,      29.537
 672000         ,      31.866,      27.402,       1.764,      15.608,      30.373
 673000         ,      31.562,      24.952,       1.638,      13.805,      27.306
 674000         ,      33.292,      25.839,       2.858,      12.651,      28.313
 675000         ,      32.604,      27.398,       1.425,      15.388,      29.876
 676000         ,      32.964,      26.887,       1.465,      15.116,      30.036
 677000         ,      33.664,      25.361,       2.769,      13.482,      27.853
 678000         ,      30.469,      27.999,       1.565,      14.939,      29.802
 679000         ,      33.279,      27.463,       1.094,      14.873,      30.688
 680000         ,      31.029,      26.675,       1.763,      15.907,      28.778
 681000         ,      31.282,      24.976,       1.834,      14.136,      27.057
 682000         ,      33.040,      27.907,       1.585,      15.727,      30.337
 683000         ,      32.686,      25.906,       1.138,      14.098,      29.124
 684000         ,      31.512,      27.623,       1.511,      15.594,      30.367
 685000         ,      31.602,      24.310,       1.733,      12.564,      27.287
 686000         ,      31.398,      25.781,       1.537,      16.267,      28.547
 687000         ,      32.910,      25.175,       1.679,      15.545,      28.710
 688000         ,      31.351,      25.496,       1.591,      13.752,      28.090
 689000         ,      32.484,      28.245,       1.650,      15.755,      30.949
 690000         ,      33.391,      28.358,       1.785,      16.890,      31.369
 691000         ,      32.571,      26.843,       1.792,      15.246,      31.510
 692000         ,      31.814,      27.562,       1.657,      16.374,      30.302
 693000         ,      33.695,      27.059,       1.780,      15.590,      30.051
 694000         ,      32.314,      24.978,       1.676,      14.534,      27.089
 695000         ,      30.941,      27.271,       1.537,      16.208,      29.408
 696000         ,      32.792,      26.634,       1.702,      14.457,      29.489
 697000         ,      32.248,      27.094,       1.477,      16.198,      30.851
 698000         ,      34.091,      26.276,       2.098,      14.414,      28.850
 699000         ,      31.626,      24.911,       1.460,      13.728,      29.235
 700000         ,      31.769,      26.905,       1.960,      15.766,      28.508
 701000         ,      33.133,      27.571,       1.049,      15.054,      30.659
 702000         ,      33.150,      26.105,       1.686,      14.940,      29.314
 703000         ,      33.381,      27.851,       1.514,      15.199,      31.349
 704000         ,      32.210,      26.909,       1.857,      14.431,      29.837
 705000         ,      32.602,      26.261,       1.070,      14.112,      29.661
 706000         ,      33.332,      27.001,       1.361,      15.998,      31.476
 707000         ,      30.713,      23.374,       1.893,      12.903,      27.245
 708000         ,      31.765,      27.044,       1.474,      14.422,      29.539
 709000         ,      30.682,      27.221,       1.152,      15.407,      30.195
 710000         ,      33.396,      27.161,       1.178,      15.162,      31.170
 711000         ,      32.226,      27.282,       1.244,      15.083,      30.054
 712000         ,      32.799,      26.402,       1.381,      16.354,      29.764
 713000         ,      32.531,      27.475,       1.229,      15.794,      30.492
 714000         ,      31.832,      26.055,       1.228,      14.521,      29.069
 715000         ,      32.874,      29.118,       1.301,      17.110,      31.804
 716000         ,      32.419,      25.884,       1.406,      12.923,      29.339
 717000         ,      32.720,      27.283,       1.258,      16.525,      30.343
 718000         ,      33.018,      26.555,       2.734,      14.127,      29.669
 719000         ,      31.865,      26.936,       1.589,      15.006,      29.870
 720000         ,      30.163,      23.016,       1.675,      13.438,      25.194
 721000         ,      32.901,      26.054,       1.502,      15.754,      30.529
 722000         ,      33.196,      25.386,       1.348,      13.189,      28.581
 723000         ,      31.783,      26.625,       1.042,      15.542,      29.174
 724000         ,      33.733,      25.482,       1.490,      14.009,      28.686
 725000         ,      33.257,      27.842,       1.039,      16.569,      31.280
 726000         ,      33.412,      26.686,       1.625,      14.629,      30.730
 727000         ,      32.225,      27.538,       1.284,      15.426,      30.339
 728000         ,      32.627,      28.096,       1.318,      15.684,      31.669
 729000         ,      33.717,      27.095,       1.134,      15.312,      29.974
 730000         ,      30.753,      24.060,       1.710,      14.859,      26.299
 731000         ,      33.081,      26.749,       1.510,      15.912,      29.847
 732000         ,      33.647,      26.484,       1.611,      15.173,      29.755
 733000         ,      32.915,      26.498,       1.095,      14.654,      30.046
 734000         ,      33.008,      26.876,       1.650,      16.296,      29.959
 735000         ,      32.412,      27.352,       1.718,      16.149,      29.935
 736000         ,      31.775,      26.445,       1.559,      15.985,      28.824
 737000         ,      32.766,      23.595,       2.305,      12.600,      27.292
 738000         ,      32.762,      26.644,       1.336,      15.326,      28.801
 739000         ,      33.046,      27.856,       0.942,      15.135,      30.767
 740000         ,      32.650,      25.329,       1.866,      14.671,      29.297
 741000         ,      33.079,      27.300,       1.189,      15.785,      29.674
 742000         ,      32.665,      26.957,       1.178,      13.932,      30.254
 743000         ,      32.159,      25.828,       1.639,      13.978,      28.875
 744000         ,      31.739,      28.377,       0.998,      16.763,      31.453
 745000         ,      33.130,      25.634,       1.771,      14.305,      28.362
 746000         ,      32.758,      27.225,       1.504,      13.722,      29.904
 747000         ,      32.173,      27.283,       1.227,      14.772,      30.237
 748000         ,      32.101,      26.009,       2.067,      14.352,      29.072
 749000         ,      32.741,      26.547,       1.463,      14.657,      29.133
 750000         ,      32.242,      26.325,       2.063,      13.323,      28.929
 751000         ,      29.891,      25.447,       1.494,      15.230,      28.033
 752000         ,      33.149,      27.589,       1.173,      16.678,      30.931
 753000         ,      32.095,      27.733,       1.138,      16.112,      30.392
 754000         ,      31.525,      28.213,       1.543,      16.939,      31.167
 755000         ,      32.102,      26.801,       1.073,      16.041,      29.905
 756000         ,      32.434,      26.861,       1.645,      14.380,      29.270
 757000         ,      31.918,      24.875,       1.612,      14.217,      27.678
 758000         ,      31.505,      28.549,       1.472,      16.807,      30.527
 759000         ,      32.014,      26.369,       1.740,      14.121,      30.082
 760000         ,      33.136,      26.735,       1.445,      15.405,      30.589
 761000         ,      32.906,      28.602,       1.942,      16.539,      31.200
 762000         ,      32.139,      25.550,       1.831,      12.778,      28.003
 763000         ,      29.410,      26.434,       1.972,      15.008,      28.928
 764000         ,      32.182,      27.943,       1.260,      15.850,      31.436
 765000         ,      31.144,      26.901,       2.189,      15.184,      30.638
 766000         ,      32.735,      27.083,       1.893,      15.056,      29.997
 767000         ,      32.090,      28.185,       1.652,      16.875,      30.758
 768000         ,      32.289,      25.050,       2.220,      13.706,      28.285
 769000         ,      33.546,      28.138,       1.311,      15.950,      31.445
 770000         ,      32.040,      26.441,       1.619,      15.090,      29.107
 771000         ,      29.665,      24.820,       1.862,      14.862,      26.437
 772000         ,      30.622,      27.309,       1.430,      15.351,      29.829
 773000         ,      31.821,      27.065,       1.446,      16.130,      30.130
 774000         ,      33.264,      26.539,       1.412,      14.084,      29.439
 775000         ,      31.931,      26.529,       0.998,      14.854,      29.341
 776000         ,      32.080,      28.709,       1.213,      16.312,      31.435
 777000         ,      33.096,      26.316,       1.653,      15.057,      30.689
 778000         ,      32.171,      28.396,       1.278,      16.959,      30.954
 779000         ,      31.084,      27.391,       1.409,      16.200,      29.672
 780000         ,      32.466,      27.516,       1.509,      15.592,      30.455
 781000         ,      31.752,      24.726,       1.446,      15.249,      27.888
 782000         ,      30.775,      26.294,       1.548,      15.216,      28.483
 783000         ,      33.194,      25.001,       1.492,      14.746,      27.857
 784000         ,      32.619,      26.746,       1.280,      14.683,      30.793
 785000         ,      33.198,      28.511,       1.062,      15.854,      31.030
 786000         ,      30.904,      26.904,       1.888,      15.231,      29.033
 787000         ,      31.864,      27.489,       1.403,      14.084,      29.766
 788000         ,      33.280,      25.298,       1.707,      12.402,      28.393
 789000         ,      32.034,      25.272,       1.514,      13.420,      27.784
 790000         ,      32.812,      28.110,       1.072,      16.565,      30.634
 791000         ,      32.604,      27.810,       1.807,      15.445,      30.755
 792000         ,      31.817,      27.851,       1.078,      16.619,      30.840
 793000         ,      31.555,      27.831,       1.595,      15.270,      30.226
 794000         ,      31.325,      26.899,       1.425,      13.914,      29.238
 795000         ,      32.400,      27.918,       1.125,      15.378,      31.985
 796000         ,      33.434,      28.524,       1.010,      16.495,      31.855
 797000         ,      33.064,      28.463,       1.259,      16.565,      31.477
 798000         ,      32.639,      27.168,       1.173,      15.495,      30.763
 799000         ,      30.663,      24.274,       2.005,      12.398,      26.480
 800000         ,      32.835,      27.620,       1.450,      16.113,      30.402
 801000         ,      32.719,      27.071,       1.325,      16.236,      30.533
 802000         ,      31.835,      26.319,       1.120,      15.567,      29.524
 803000         ,      31.218,      27.272,       1.433,      15.431,      29.553
 804000         ,      32.753,      26.163,       2.262,      14.408,      28.916
 805000         ,      32.642,      25.863,       1.072,      14.303,      29.097
 806000         ,      30.265,      27.463,       1.457,      16.261,      29.885
 807000         ,      32.583,      27.322,       1.583,      16.434,      30.449
 808000         ,      32.271,      26.404,       1.320,      14.875,      29.893
 809000         ,      30.904,      26.807,       1.191,      15.705,      28.972
 810000         ,      32.404,      27.020,       1.117,      15.236,      30.606
 811000         ,      31.445,      27.540,       1.315,      16.467,      29.938
 812000         ,      31.367,      26.510,       1.094,      14.287,      29.808
 813000         ,      32.752,      26.775,       1.385,      15.882,      30.213
 814000         ,      33.633,      26.403,       1.536,      15.393,      29.301
 815000         ,      30.619,      26.715,       1.296,      14.356,      29.585
 816000         ,      32.295,      27.459,       1.879,      15.626,      29.737
 817000         ,      32.407,      28.034,       1.108,      16.421,      31.034
 818000         ,      32.843,      27.286,       1.228,      15.954,      30.175
 819000         ,      29.818,      22.811,       1.706,      13.309,      25.595
 820000         ,      31.336,      27.076,       1.256,      15.803,      30.225
 821000         ,      31.581,      26.801,       1.142,      14.875,      30.385
 822000         ,      31.830,      24.880,       1.663,      14.859,      28.744
 823000         ,      31.701,      27.368,       1.389,      15.501,      29.695
 824000         ,      32.017,      27.502,       1.624,      15.059,      30.358
 825000         ,      32.169,      24.661,       1.885,      13.887,      28.125
 826000         ,      31.327,      27.540,       0.787,      15.689,      30.948
 827000         ,      33.444,      27.293,       1.578,      15.401,      31.086
 828000         ,      33.343,      26.322,       1.044,      13.340,      30.104
 829000         ,      32.590,      27.787,       1.519,      16.309,      30.473
 830000         ,      33.097,      26.915,       1.249,      14.139,      30.404
 831000         ,      33.846,      25.832,       1.606,      13.482,      29.819
 832000         ,      31.463,      26.412,       1.699,      15.423,      30.429
 833000         ,      32.323,      27.389,       1.158,      15.060,      29.486
 834000         ,      32.770,      28.802,       1.337,      16.321,      31.857
 835000         ,      31.971,      27.050,       1.279,      13.987,      29.617
 836000         ,      33.262,      28.758,       1.109,      15.847,      31.728
 837000         ,      33.537,      26.277,       1.783,      15.264,      30.997
 838000         ,      32.578,      28.251,       1.677,      16.173,      30.930
 839000         ,      32.764,      25.403,       1.564,      12.977,      29.863
 840000         ,      32.972,      26.943,       1.280,      15.146,      31.221
 841000         ,      31.620,      26.628,       1.684,      13.999,      28.701
 842000         ,      32.466,      27.359,       1.389,      16.079,      30.662
 843000         ,      31.261,      24.988,       1.677,      13.580,      27.187
 844000         ,      31.644,      25.171,       1.662,      13.503,      27.968
 845000         ,      33.138,      25.964,       1.811,      15.117,      28.840
 846000         ,      32.214,      25.583,       1.533,      13.783,      28.739
 847000         ,      32.653,      27.155,       1.199,      16.118,      30.143
 848000         ,      32.774,      27.100,       1.805,      15.954,      31.345
 849000         ,      32.421,      26.833,       1.583,      14.791,      29.327
 850000         ,      32.082,      27.255,       1.508,      15.693,      30.616
 851000         ,      31.729,      26.791,       1.251,      15.427,      29.920
 852000         ,      32.887,      26.093,       1.509,      14.693,      30.098
 853000         ,      32.933,      26.708,       1.476,      14.924,      30.239
 854000         ,      32.921,      26.389,       1.472,      13.636,      29.547
 855000         ,      32.530,      26.986,       1.705,      14.491,      29.995
 856000         ,      33.269,      27.391,       1.089,      15.497,      30.983
 857000         ,      31.214,      25.473,       1.317,      14.524,      29.863
 858000         ,      31.475,      24.682,       1.767,      15.023,      26.783
 859000         ,      32.122,      26.452,       1.262,      16.442,      29.609
 860000         ,      31.416,      27.032,       1.216,      16.678,      30.036
 861000         ,      32.064,      27.313,       1.640,      15.882,      30.264
 862000         ,      31.111,      27.863,       1.357,      15.680,      30.483
 863000         ,      32.071,      26.209,       1.466,      14.375,      30.578
 864000         ,      31.106,      26.191,       1.630,      12.919,      28.783
 865000         ,      32.321,      27.100,       1.562,      15.051,      30.129
 866000         ,      33.247,      27.386,       1.744,      15.142,      30.920
 867000         ,      31.096,      24.625,       1.543,      13.704,      27.565
 868000         ,      30.060,      25.780,       2.139,      15.981,      28.744
 869000         ,      30.959,      26.111,       1.086,      13.736,      30.017
 870000         ,      32.433,      26.774,       1.728,      13.818,      29.577
 871000         ,      32.278,      28.133,       1.194,      16.571,      31.164
 872000         ,      33.019,      26.848,       1.674,      14.485,      28.961
 873000         ,      32.371,      27.966,       1.486,      16.723,      30.929
 874000         ,      33.340,      27.535,       1.137,      16.856,      30.640
 875000         ,      32.408,      26.565,       1.744,      14.215,      29.376
 876000         ,      33.285,      28.823,       1.676,      16.543,      32.164
 877000         ,      31.991,      25.880,       1.468,      14.991,      29.051
 878000         ,      33.207,      27.928,       0.948,      16.448,      31.243
 879000         ,      33.075,      25.838,       1.340,      14.363,      30.170
 880000         ,      32.467,      25.216,       1.875,      14.571,      29.397
 881000         ,      33.005,      27.838,       0.666,      15.072,      32.374
 882000         ,      32.664,      26.100,       1.627,      14.286,      30.608
 883000         ,      32.312,      26.863,       1.088,      14.828,      29.703
 884000         ,      30.826,      27.056,       1.366,      16.251,      30.858
 885000         ,      31.859,      27.890,       1.100,      16.660,      31.496
 886000         ,      31.262,      27.216,       0.793,      15.811,      29.872
 887000         ,      31.271,      27.453,       1.722,      14.685,      29.619
 888000         ,      31.218,      26.418,       1.493,      14.953,      28.862
 889000         ,      32.887,      27.045,       1.392,      14.518,      30.982
 890000         ,      32.816,      27.837,       0.862,      16.897,      31.105
 891000         ,      32.169,      26.771,       1.411,      16.143,      30.942
 892000         ,      31.181,      26.808,       1.734,      16.114,      29.478
 893000         ,      31.496,      25.321,       1.489,      14.279,      27.345
 894000         ,      31.989,      28.003,       1.432,      14.918,      30.897
 895000         ,      32.952,      25.036,       2.038,      13.631,      27.455
 896000         ,      31.880,      26.323,       1.869,      13.560,      29.967
 897000         ,      33.181,      25.191,       1.647,      14.076,      29.620
 898000         ,      33.140,      27.231,       1.473,      15.717,      30.545
 899000         ,      31.949,      28.660,       1.274,      17.114,      31.044
 900000         ,      32.473,      26.464,       1.719,      14.693,      29.137
 901000         ,      30.483,      24.561,       1.216,      14.117,      27.753
 902000         ,      31.819,      27.609,       1.379,      15.336,      31.875
 903000         ,      32.858,      26.564,       1.296,      15.688,      29.853
 904000         ,      33.175,      27.009,       1.321,      14.939,      30.114
 905000         ,      32.952,      28.078,       1.495,      15.463,      30.920
 906000         ,      33.300,      27.402,       2.092,      15.216,      30.824
 907000         ,      32.486,      25.439,       2.114,      13.026,      28.420
 908000         ,      31.344,      26.170,       1.449,      14.354,      30.066
 909000         ,      30.399,      26.074,       1.405,      14.530,      28.401
 910000         ,      33.500,      27.344,       1.164,      16.167,      29.947
 911000         ,      31.900,      24.103,       2.037,      13.999,      26.410
 912000         ,      32.398,      26.354,       1.499,      15.581,      28.604
 913000         ,      33.125,      26.421,       1.346,      14.213,      29.639
 914000         ,      32.653,      28.113,       1.426,      16.105,      30.147
 915000         ,      32.855,      26.296,       1.705,      15.498,      29.357
 916000         ,      32.182,      28.788,       1.646,      16.481,      31.624
 917000         ,      31.712,      27.531,       1.536,      15.918,      30.796
 918000         ,      31.861,      25.388,       1.541,      14.808,      29.760
 919000         ,      32.666,      26.080,       1.477,      14.699,      28.311
 920000         ,      32.898,      26.703,       1.167,      14.908,      29.942
 921000         ,      31.080,      24.631,       1.840,      14.767,      26.826
 922000         ,      32.424,      26.705,       1.601,      15.481,      29.793
 923000         ,      29.833,      25.475,       1.425,      14.246,      27.770
 924000         ,      31.741,      26.736,       1.585,      14.846,      29.904
 925000         ,      32.053,      24.833,       1.485,      14.197,      26.979
 926000         ,      32.860,      27.580,       1.882,      15.292,      29.572
 927000         ,      31.708,      27.760,       1.172,      16.288,      30.084
 928000         ,      33.116,      29.022,       1.418,      16.933,      32.112
 929000         ,      33.484,      27.473,       1.771,      15.818,      31.860
 930000         ,      31.624,      25.495,       1.733,      14.455,      29.969
 931000         ,      30.897,      26.222,       1.908,      14.713,      28.344
 932000         ,      30.245,      26.799,       2.148,      15.601,      29.561
 933000         ,      32.627,      26.277,       2.042,      16.203,      28.503
 934000         ,      32.581,      27.383,       1.679,      14.905,      30.270
 935000         ,      32.042,      25.682,       1.618,      13.760,      28.269
 936000         ,      32.462,      27.661,       1.242,      16.434,      31.453
 937000         ,      31.111,      27.734,       1.508,      14.395,      30.383
 938000         ,      32.288,      28.376,       1.360,      16.268,      31.433
 939000         ,      31.300,      24.075,       2.108,      13.293,      28.457
 940000         ,      32.504,      27.205,       1.072,      15.439,      30.935
 941000         ,      30.266,      26.307,       1.149,      15.588,      28.985
 942000         ,      33.487,      27.650,       1.750,      15.791,      30.897
 943000         ,      31.572,      26.503,       1.377,      15.354,      29.214
 944000         ,      31.208,      26.925,       1.704,      15.220,      29.857
 945000         ,      33.343,      28.195,       1.358,      16.565,      32.029
 946000         ,      32.504,      28.564,       1.094,      16.918,      31.863
 947000         ,      31.437,      25.654,       1.601,      13.541,      27.683
 948000         ,      30.439,      25.875,       1.368,      15.332,      28.038
 949000         ,      32.653,      27.518,       1.012,      14.773,      30.487
 950000         ,      32.867,      27.145,       1.436,      15.273,      30.303
 951000         ,      30.233,      24.031,       1.658,      13.037,      26.928
 952000         ,      32.715,      27.424,       1.575,      15.835,      32.006
 953000         ,      33.922,      28.243,       1.700,      15.406,      30.935
 954000         ,      32.162,      27.972,       1.314,      16.333,      31.677
 955000         ,      34.038,      27.385,       1.823,      15.944,      30.192
 956000         ,      32.525,      26.702,       1.972,      14.454,      28.992
 957000         ,      32.516,      27.006,       1.224,      15.764,      29.274
 958000         ,      30.886,      24.550,       1.666,      13.356,      26.831
 959000         ,      32.602,      27.323,       1.552,      15.801,      30.975
 960000         ,      33.615,      27.677,       1.481,      15.664,      30.352
 961000         ,      31.419,      27.844,       1.164,      15.494,      30.126
 962000         ,      32.968,      26.140,       1.770,      14.868,      28.281
 963000         ,      32.465,      27.627,       1.380,      16.456,      31.028
 964000         ,      32.773,      24.965,       1.487,      13.402,      27.791
 965000         ,      30.729,      27.709,       1.358,      16.492,      30.709
 966000         ,      31.329,      27.643,       1.215,      15.527,      30.439
 967000         ,      30.805,      26.314,       1.302,      15.192,      29.559
 968000         ,      30.506,      27.030,       1.715,      15.720,      29.130
 969000         ,      32.770,      27.683,       1.860,      14.770,      30.474
 970000         ,      33.164,      25.840,       1.733,      13.738,      29.064
 971000         ,      30.929,      26.766,       1.598,      16.312,      28.740
 972000         ,      31.283,      27.762,       1.699,      16.356,      30.272
 973000         ,      30.739,      24.962,       1.762,      14.191,      27.967
 974000         ,      32.973,      27.383,       1.453,      15.480,      31.165
 975000         ,      31.935,      27.585,       1.495,      15.900,      30.361
 976000         ,      30.621,      25.956,       1.539,      13.640,      29.122
 977000         ,      31.981,      26.984,       1.379,      14.260,      30.579
 978000         ,      31.530,      28.415,       1.275,      16.478,      31.034
 979000         ,      32.377,      25.645,       1.274,      15.154,      28.721
 980000         ,      32.731,      27.198,       1.790,      15.351,      29.916
 981000         ,      31.748,      26.526,       2.082,      15.245,      29.866
 982000         ,      30.760,      26.334,       1.110,      15.228,      28.967
 983000         ,      32.440,      26.914,       1.001,      14.383,      30.056
 984000         ,      32.766,      26.798,       1.432,      14.357,      30.093
 985000         ,      32.793,      25.534,       2.468,      13.294,      28.557
 986000         ,      32.850,      28.596,       1.291,      16.035,      31.641
 987000         ,      31.405,      27.399,       1.392,      15.610,      30.509
 988000         ,      32.266,      27.912,       1.388,      15.693,      31.086
 989000         ,      32.959,      26.598,       1.057,      14.172,      29.942
 990000         ,      32.193,      26.460,       1.590,      14.840,      29.490
 991000         ,      32.730,      24.106,       2.388,      13.031,      28.822
 992000         ,      31.662,      26.299,       2.137,      13.812,      28.923
 993000         ,      33.000,      27.601,       1.502,      15.449,      30.623
 994000         ,      32.818,      28.345,       1.034,      15.971,      31.138
 995000         ,      32.763,      27.142,       1.365,      14.609,      29.381
 996000         ,      31.812,      27.008,       1.242,      15.196,      29.688
 997000         ,      33.720,      27.023,       1.466,      14.305,      30.742
 998000         ,      31.704,      27.461,       1.364,      15.996,      29.742
 999000         ,      31.853,      25.299,       1.634,      12.682,      28.400
 1000000        ,      32.001,      25.349,       1.465,      13.947,      28.246
