--------------------------------------------------------------------------------
S H A P E   v2.1         Continuous Shape Measures calculation
(c) 2013  Electronic Structure Group, Universitat de Barcelona
                   Contact:  llunell@ub.edu                   
--------------------------------------------------------------------------------

coordination ZF1 

SP-4            1 D4h   Square                                             
T-4             2 Td    Tetrahedron                                        
SS-4            3 C2v   Seesaw                                             
vTBPY-4         4 C3v   Vacant trigonal bipyramid                          

Structure [ML4 ]         SP-4          T-4         SS-4      vTBPY-4
 0              ,      20.656,       8.565,       1.328,       5.976
 500            ,      19.452,       8.775,       0.308,       6.552
 1000           ,      21.519,       9.856,       0.705,       6.897
 1500           ,      18.625,      10.107,       0.463,       7.390
 2000           ,      19.739,       9.229,       0.573,       7.255
 2500           ,      21.080,       8.025,       0.547,       6.478
 3000           ,      20.034,       8.334,       0.359,       6.804
 3500           ,      18.556,       9.126,       0.686,       6.950
 4000           ,      19.735,      11.353,       0.646,       9.285
 4500           ,      21.248,       9.131,       0.466,       7.514
 5000           ,      23.094,       7.990,       0.598,       5.959
 5500           ,      21.763,       9.077,       0.996,       6.170
 6000           ,      19.412,       8.958,       0.577,       6.858
 6500           ,      19.345,      10.723,       0.580,       7.504
 7000           ,      19.686,       7.993,       0.719,       6.449
 7500           ,      20.332,       9.175,       0.570,       7.344
 8000           ,      20.290,       9.361,       0.422,       7.256
 8500           ,      19.719,       8.809,       0.490,       6.389
 9000           ,      15.492,       9.670,       0.747,       8.264
 9500           ,      17.934,      10.282,       0.591,       7.242
 10000          ,      15.387,       9.180,       0.447,       8.201
 10500          ,      20.870,       8.010,       0.291,       6.168
 11000          ,      19.815,       9.440,       0.947,       7.743
 11500          ,      20.104,       8.827,       0.586,       7.269
 12000          ,      21.978,       9.857,       0.507,       6.579
 12500          ,      22.666,       7.836,       0.746,       5.952
 13000          ,      19.197,       9.704,       0.633,       6.918
 13500          ,      19.407,      10.005,       0.356,       7.564
 14000          ,      22.165,       8.401,       0.893,       5.926
 14500          ,      21.255,      10.116,       0.438,       7.429
 15000          ,      19.820,       8.387,       0.521,       6.966
 15500          ,      17.562,      10.593,       0.487,       7.799
 16000          ,      20.988,       9.367,       0.822,       6.109
 16500          ,      19.986,      10.094,       0.640,       6.950
 17000          ,      22.828,       6.598,       0.808,       4.935
 17500          ,      19.846,       9.533,       0.601,       7.068
 18000          ,      19.765,       9.220,       0.651,       6.939
 18500          ,      18.402,      10.361,       0.855,       7.680
 19000          ,      17.009,      12.064,       0.757,      10.310
 19500          ,      15.281,      11.639,       0.918,       8.888
 20000          ,      16.396,      11.872,       1.038,       8.753
 20500          ,      19.733,       8.749,       0.884,       6.089
 21000          ,      19.452,      10.487,       1.026,       7.771
 21500          ,      24.026,       7.415,       1.832,       4.384
 22000          ,      17.226,      10.427,       0.584,       8.669
 22500          ,      23.308,       7.780,       1.144,       5.589
 23000          ,      20.498,       7.740,       0.822,       6.266
 23500          ,      21.240,       8.821,       0.860,       6.775
 24000          ,      20.213,       9.812,       0.677,       8.136
 24500          ,      22.950,       7.404,       0.832,       6.031
 25000          ,      21.872,       8.361,       0.877,       5.800
 25500          ,      19.014,       9.716,       0.406,       8.094
 26000          ,      21.484,       7.973,       0.731,       6.234
 26500          ,      22.586,       8.652,       0.937,       5.362
 27000          ,      22.258,       9.692,       0.874,       6.746
 27500          ,      20.945,       9.858,       0.888,       6.877
 28000          ,      21.145,      10.699,       1.525,       8.602
 28500          ,      20.642,       7.368,       0.437,       6.325
 29000          ,      18.862,      12.287,       0.652,      10.047
 29500          ,      19.264,      10.061,       0.426,       7.231
 30000          ,      19.352,       9.955,       0.526,       7.814
 30500          ,      19.141,       9.370,       0.285,       7.602
 31000          ,      19.678,       9.847,       0.381,       7.736
 31500          ,      19.622,       9.155,       0.705,       6.625
 32000          ,      22.874,       8.586,       0.945,       5.543
 32500          ,      20.702,       9.001,       0.781,       7.039
 33000          ,      20.349,       7.544,       0.455,       6.360
 33500          ,      20.492,       7.729,       0.747,       6.173
 34000          ,      23.826,       8.206,       1.030,       4.831
 34500          ,      22.539,       7.702,       0.747,       6.360
 35000          ,      21.737,       9.315,       0.947,       7.300
 35500          ,      20.869,       8.953,       0.922,       6.176
 36000          ,      20.367,       8.968,       0.734,       6.048
 36500          ,      18.872,       9.444,       0.702,       7.351
 37000          ,      22.268,       9.358,       0.645,       7.037
 37500          ,      20.814,       8.155,       0.637,       6.959
 38000          ,      20.401,       9.719,       0.523,       7.727
 38500          ,      21.579,       9.152,       0.518,       6.784
 39000          ,      21.774,       8.263,       1.291,       5.013
 39500          ,      20.444,      10.006,       0.737,       6.564
 40000          ,      22.841,       8.730,       1.302,       7.070
 40500          ,      19.124,      10.184,       0.253,       8.334
 41000          ,      22.904,       7.295,       1.067,       4.926
 41500          ,      21.208,       8.663,       0.484,       6.454
 42000          ,      20.908,       9.602,       1.192,       6.141
 42500          ,      23.500,       9.013,       1.120,       6.329
 43000          ,      19.539,       8.631,       0.548,       6.438
 43500          ,      19.065,      11.639,       0.756,       7.802
 44000          ,      18.069,      10.347,       1.171,       6.976
 44500          ,      20.668,       9.271,       1.197,       5.655
 45000          ,      18.405,       8.142,       0.744,       6.329
 45500          ,      20.978,       8.462,       0.659,       5.773
 46000          ,      16.759,      10.583,       0.846,       7.803
 46500          ,      21.936,       8.299,       1.005,       5.639
 47000          ,      18.485,       9.989,       0.669,       6.866
 47500          ,      20.598,       9.713,       0.560,       7.456
 48000          ,      20.478,       8.036,       0.496,       6.288
 48500          ,      18.426,       9.364,       0.818,       7.146
 49000          ,      22.719,       8.185,       0.889,       5.975
 49500          ,      19.742,      10.676,       0.989,       7.411
 50000          ,      15.500,      10.898,       0.990,       7.868
 50500          ,      22.394,       8.370,       1.000,       5.331
 51000          ,      20.901,       8.395,       0.527,       6.902
 51500          ,      19.545,       8.303,       0.587,       6.968
 52000          ,      20.427,       9.814,       0.647,       6.790
 52500          ,      19.930,       7.727,       0.976,       5.317
 53000          ,      19.686,       9.013,       0.423,       7.546
 53500          ,      22.004,       8.005,       0.889,       6.672
 54000          ,      17.961,       9.129,       0.528,       7.592
 54500          ,      18.886,      10.634,       0.929,       6.886
 55000          ,      19.907,       8.200,       0.282,       6.679
 55500          ,      17.481,       9.854,       0.589,       7.667
 56000          ,      21.607,       7.671,       0.670,       5.939
 56500          ,      21.670,       9.860,       1.018,       6.481
 57000          ,      17.906,      10.818,       0.452,       8.019
 57500          ,      20.839,      10.591,       0.914,       7.993
 58000          ,      18.038,       9.025,       0.490,       6.560
 58500          ,      19.186,      10.854,       0.700,       7.810
 59000          ,      20.108,       9.229,       0.900,       6.066
 59500          ,      19.426,      11.575,       0.904,       7.950
 60000          ,      21.585,       9.646,       1.309,       5.420
 60500          ,      19.827,      10.544,       0.781,       6.901
 61000          ,      15.883,       9.880,       0.906,       7.447
 61500          ,      18.776,      10.986,       0.829,       7.563
 62000          ,      17.608,       9.911,       0.742,       7.216
 62500          ,      20.043,       9.749,       0.857,       6.960
 63000          ,      20.917,       8.469,       0.383,       6.448
 63500          ,      16.579,      10.292,       0.233,       8.454
 64000          ,      18.697,       9.118,       0.756,       6.019
 64500          ,      22.022,      11.123,       2.040,       6.556
 65000          ,      19.278,       9.333,       0.633,       6.273
 65500          ,      18.697,       8.930,       0.830,       7.489
 66000          ,      17.838,      10.208,       0.830,       7.566
 66500          ,      22.011,       8.010,       1.186,       5.105
 67000          ,      18.443,       9.945,       0.492,       7.434
 67500          ,      20.584,      10.020,       1.051,       5.912
 68000          ,      20.459,       8.893,       0.484,       6.711
 68500          ,      17.718,      10.932,       0.443,       8.613
 69000          ,      21.141,       9.616,       1.114,       6.011
 69500          ,      19.485,      10.251,       0.624,       7.629
 70000          ,      20.042,       9.561,       0.639,       6.340
 70500          ,      22.469,       7.379,       0.675,       5.113
 71000          ,      19.154,       9.288,       0.771,       6.528
 71500          ,      21.200,      10.077,       0.656,       6.786
 72000          ,      16.973,      13.944,       0.958,      10.962
 72500          ,      19.702,       9.371,       0.533,       6.397
 73000          ,      15.955,      10.809,       0.786,       8.254
 73500          ,      20.386,       9.883,       0.779,       8.166
 74000          ,      17.341,       8.606,       0.391,       7.209
 74500          ,      19.314,      12.289,       0.602,       8.425
 75000          ,      18.138,       9.679,       0.232,       7.780
 75500          ,      19.579,       8.866,       0.566,       6.913
 76000          ,      20.398,       7.700,       0.522,       5.365
 76500          ,      17.124,      12.146,       0.557,       9.196
 77000          ,      22.947,       8.883,       0.916,       5.110
 77500          ,      21.978,       9.431,       1.261,       6.935
 78000          ,      20.021,       8.622,       0.889,       6.869
 78500          ,      16.839,      11.999,       1.029,       9.943
 79000          ,      17.504,      10.346,       0.640,       7.422
 79500          ,      21.281,       9.350,       0.810,       6.323
 80000          ,      17.117,      11.635,       0.671,       8.523
 80500          ,      20.634,       9.109,       0.647,       7.048
 81000          ,      20.416,       9.897,       1.042,       7.171
 81500          ,      20.724,       9.700,       0.447,       6.776
 82000          ,      21.458,      10.310,       0.483,       7.096
 82500          ,      18.048,      10.426,       0.678,       9.004
 83000          ,      20.312,       7.495,       0.322,       6.421
 83500          ,      16.196,      12.508,       1.223,       8.461
 84000          ,      15.774,      11.651,       0.866,       8.685
 84500          ,      19.688,      10.383,       0.513,       8.054
 85000          ,      19.030,      10.591,       0.481,       8.267
 85500          ,      20.427,      10.048,       0.626,       6.536
 86000          ,      24.612,       7.067,       1.368,       4.776
 86500          ,      17.817,      10.704,       0.798,       7.378
 87000          ,      22.653,       9.343,       1.067,       5.972
 87500          ,      18.486,       8.403,       0.772,       6.327
 88000          ,      19.858,       9.452,       0.560,       7.283
 88500          ,      20.388,       9.281,       0.969,       7.449
 89000          ,      22.092,       7.985,       0.448,       6.458
 89500          ,      17.130,      11.720,       0.349,       9.479
 90000          ,      18.313,      10.785,       0.532,       8.271
 90500          ,      20.515,       9.012,       0.690,       6.814
 91000          ,      19.882,      11.292,       0.631,       7.787
 91500          ,      20.426,       9.086,       0.919,       6.180
 92000          ,      17.143,       9.103,       0.741,       6.729
 92500          ,      18.008,      12.049,       0.381,       9.654
 93000          ,      16.495,      10.543,       0.471,       8.308
 93500          ,      18.678,      10.594,       0.732,       8.269
 94000          ,      23.363,       9.556,       1.718,       6.080
 94500          ,      19.977,      10.489,       0.859,       7.585
 95000          ,      19.726,       9.238,       1.033,       5.605
 95500          ,      18.341,      10.566,       0.485,       8.093
 96000          ,      20.081,       9.456,       0.542,       6.540
 96500          ,      24.646,       6.918,       1.525,       4.235
 97000          ,      19.037,       9.948,       0.801,       6.977
 97500          ,      20.795,      10.203,       0.731,       6.451
 98000          ,      20.270,      11.310,       1.085,       7.644
 98500          ,      19.736,      11.069,       1.030,       8.541
 99000          ,      22.153,       8.447,       0.830,       5.890
 99500          ,      20.905,       8.556,       0.825,       5.737
 100000         ,      16.651,      10.679,       0.290,       8.766
 100500         ,      18.655,      11.709,       1.149,       8.200
 101000         ,      20.132,       8.376,       0.424,       7.030
 101500         ,      18.973,       8.582,       0.525,       7.532
 102000         ,      21.125,       9.758,       0.975,       6.832
 102500         ,      18.640,       9.514,       0.387,       7.342
 103000         ,      20.126,      10.324,       0.612,       6.747
 103500         ,      22.727,       7.290,       1.373,       4.629
 104000         ,      19.129,       9.823,       0.387,       6.975
 104500         ,      17.922,       9.734,       0.507,       8.446
 105000         ,      18.226,      10.169,       0.367,       8.505
 105500         ,      17.716,      10.518,       0.443,       8.274
 106000         ,      20.160,       9.832,       0.825,       7.472
 106500         ,      21.183,       8.127,       0.713,       6.066
 107000         ,      17.648,       9.347,       0.612,       7.404
 107500         ,      17.148,      10.640,       0.326,       7.872
 108000         ,      21.732,       8.218,       1.418,       5.834
 108500         ,      19.490,      10.653,       0.704,       7.645
 109000         ,      21.169,       7.464,       0.638,       5.989
 109500         ,      18.197,       9.404,       0.386,       7.360
 110000         ,      24.672,       7.188,       1.138,       5.115
 110500         ,      19.711,       9.386,       0.581,       7.279
 111000         ,      21.887,       9.020,       0.992,       6.329
 111500         ,      20.798,       9.520,       0.626,       5.954
 112000         ,      19.152,       9.559,       0.449,       6.557
 112500         ,      24.278,       7.070,       1.022,       4.764
 113000         ,      21.698,       8.282,       1.341,       4.822
 113500         ,      23.496,       6.722,       1.749,       5.151
 114000         ,      24.350,       7.968,       1.406,       5.534
 114500         ,      20.299,       9.954,       0.731,       6.590
 115000         ,      22.948,       8.353,       1.211,       6.367
 115500         ,      22.235,       8.537,       1.051,       5.412
 116000         ,      22.073,       9.372,       1.141,       6.578
 116500         ,      21.292,       8.581,       1.138,       6.059
 117000         ,      18.147,       9.171,       0.944,       6.251
 117500         ,      23.281,       7.916,       0.833,       6.117
 118000         ,      21.429,       7.274,       0.858,       5.268
 118500         ,      23.146,       8.427,       1.014,       5.472
 119000         ,      21.098,       7.658,       0.663,       5.199
 119500         ,      22.545,       6.279,       0.891,       5.356
 120000         ,      17.894,      10.988,       0.370,       8.764
 120500         ,      17.491,      10.208,       0.685,       7.735
 121000         ,      14.579,      11.830,       0.732,      10.254
 121500         ,      21.347,      10.282,       1.181,       7.362
 122000         ,      18.467,       9.897,       0.549,       7.141
 122500         ,      20.031,      10.691,       0.777,       7.175
 123000         ,      20.655,       9.768,       0.889,       6.616
 123500         ,      15.408,      10.126,       0.884,       8.325
 124000         ,      22.224,       9.233,       0.912,       5.974
 124500         ,      17.349,      11.851,       0.856,       8.444
 125000         ,      17.147,      10.466,       1.148,       6.726
 125500         ,      19.994,       8.765,       0.375,       6.928
 126000         ,      20.728,       9.229,       0.553,       7.186
 126500         ,      20.962,      10.568,       1.467,       6.466
 127000         ,      19.328,       7.943,       0.842,       6.222
 127500         ,      17.477,      10.865,       1.002,       7.950
 128000         ,      20.229,       8.859,       0.711,       6.044
 128500         ,      19.786,       9.538,       1.079,       6.184
 129000         ,      18.984,       9.259,       0.871,       7.419
 129500         ,      21.044,       9.742,       0.570,       7.085
 130000         ,      17.944,      13.054,       1.391,       8.081
 130500         ,      19.162,      11.834,       0.669,       9.074
 131000         ,      21.500,      10.686,       1.143,       7.465
 131500         ,      19.632,       9.226,       0.587,       6.856
 132000         ,      21.228,       8.983,       0.513,       7.292
 132500         ,      21.808,       9.618,       0.934,       6.464
 133000         ,      21.682,       8.966,       0.984,       5.729
 133500         ,      19.357,      11.972,       0.523,       8.961
 134000         ,      22.950,       7.064,       0.841,       5.566
 134500         ,      16.952,      11.926,       0.785,       8.145
 135000         ,      21.471,       8.992,       1.043,       6.488
 135500         ,      21.287,      10.224,       1.061,       6.712
 136000         ,      19.992,       8.514,       0.760,       5.971
 136500         ,      19.078,       9.801,       0.357,       7.612
 137000         ,      16.931,      13.412,       1.281,       9.793
 137500         ,      18.560,       8.885,       0.415,       7.643
 138000         ,      19.472,       9.295,       0.382,       7.289
 138500         ,      22.514,       8.647,       0.709,       6.138
 139000         ,      23.719,       8.869,       1.054,       5.611
 139500         ,      22.443,       8.275,       0.722,       5.578
 140000         ,      23.924,       8.254,       1.123,       5.834
 140500         ,      17.341,      13.640,       1.142,      11.489
 141000         ,      17.542,      11.352,       0.511,       8.286
 141500         ,      13.749,      13.099,       0.976,      10.445
 142000         ,      19.368,       9.906,       0.734,       6.477
 142500         ,      18.161,       9.956,       0.410,       7.864
 143000         ,      23.293,       6.943,       1.023,       4.999
 143500         ,      18.747,       8.720,       0.393,       7.306
 144000         ,      16.417,      11.334,       0.616,       8.256
 144500         ,      19.341,       8.898,       0.535,       6.256
 145000         ,      20.103,      11.075,       0.687,       7.878
 145500         ,      16.985,      13.529,       0.690,      10.314
 146000         ,      18.186,      10.410,       0.392,       7.885
 146500         ,      19.337,      10.079,       0.763,       6.516
 147000         ,      18.320,      11.066,       0.807,       8.006
 147500         ,      20.039,      10.312,       0.434,       8.097
 148000         ,      22.309,      10.410,       1.163,       7.890
 148500         ,      20.556,       8.473,       0.840,       5.804
 149000         ,      21.017,       8.771,       0.734,       5.634
 149500         ,      15.978,      11.145,       0.774,       8.688
 150000         ,      23.056,       9.617,       1.835,       5.570
 150500         ,      19.563,       9.885,       0.756,       7.013
 151000         ,      18.619,       8.903,       0.937,       6.292
 151500         ,      24.188,       9.912,       2.348,       5.799
 152000         ,      18.025,      11.535,       1.068,       7.962
 152500         ,      20.234,       8.679,       0.502,       6.998
 153000         ,      19.518,       9.866,       0.732,       7.142
 153500         ,      18.160,      11.481,       1.078,       7.615
 154000         ,      18.179,       9.949,       0.551,       7.688
 154500         ,      18.686,      10.680,       0.502,       7.630
 155000         ,      21.249,       9.445,       0.683,       6.578
 155500         ,      18.482,       9.520,       0.598,       7.713
 156000         ,      16.698,      11.309,       0.650,       8.715
 156500         ,      20.039,       9.128,       0.612,       6.989
 157000         ,      20.701,       9.991,       0.785,       6.987
 157500         ,      16.626,      11.107,       0.685,       9.094
 158000         ,      20.017,      11.626,       1.559,       7.561
 158500         ,      21.130,      10.032,       1.584,       5.810
 159000         ,      20.948,       9.525,       1.061,       6.365
 159500         ,      19.006,       9.457,       0.410,       7.562
 160000         ,      17.810,      10.860,       0.770,       7.700
 160500         ,      21.521,       8.627,       0.603,       6.159
 161000         ,      19.840,       8.713,       0.345,       6.834
 161500         ,      17.630,      10.996,       0.362,       8.534
 162000         ,      20.293,      10.400,       0.740,       6.426
 162500         ,      23.429,       9.191,       1.093,       6.861
 163000         ,      17.665,      11.402,       0.566,       8.141
 163500         ,      25.070,       8.699,       1.681,       5.516
 164000         ,      20.679,       8.053,       0.863,       5.416
 164500         ,      16.916,      10.682,       1.106,       7.460
 165000         ,      19.183,      10.898,       0.407,       7.855
 165500         ,      20.583,       9.461,       0.615,       6.693
 166000         ,      17.034,      10.806,       0.596,       7.727
 166500         ,      17.980,      11.643,       0.478,       8.856
 167000         ,      19.018,       9.855,       0.650,       7.174
 167500         ,      22.634,       7.478,       0.379,       5.816
 168000         ,      17.111,      11.448,       0.365,       8.897
 168500         ,      16.319,       9.760,       0.529,       7.852
 169000         ,      19.452,      10.570,       1.039,       6.940
 169500         ,      19.930,       9.271,       0.587,       6.831
 170000         ,      16.690,       9.772,       0.623,       7.105
 170500         ,      16.035,       9.846,       0.577,       7.656
 171000         ,      20.130,      10.286,       0.722,       7.392
 171500         ,      20.583,       9.349,       0.559,       6.811
 172000         ,      17.541,       9.774,       0.503,       7.032
 172500         ,      19.587,       9.322,       0.677,       6.298
 173000         ,      20.309,       9.969,       0.880,       6.566
 173500         ,      22.078,       9.921,       1.065,       5.649
 174000         ,      20.538,       8.403,       1.016,       5.374
 174500         ,      16.901,      11.003,       0.560,       8.285
 175000         ,      19.783,      11.370,       1.134,       7.601
 175500         ,      19.551,      10.711,       0.371,       7.767
 176000         ,      20.375,       9.129,       0.784,       6.001
 176500         ,      18.023,      10.931,       0.468,       8.633
 177000         ,      18.129,      11.643,       0.829,       8.059
 177500         ,      22.198,       8.763,       0.793,       5.727
 178000         ,      18.829,      12.188,       1.141,       8.308
 178500         ,      19.823,       8.974,       0.411,       7.151
 179000         ,      17.285,      12.178,       0.587,       8.829
 179500         ,      18.734,      10.423,       0.273,       8.174
 180000         ,      18.797,       9.333,       0.525,       7.540
 180500         ,      19.080,       7.486,       0.787,       5.591
 181000         ,      15.868,      11.521,       0.698,       8.457
 181500         ,      19.183,      10.192,       0.678,       7.118
 182000         ,      21.106,       8.120,       0.860,       5.234
 182500         ,      15.269,      11.559,       0.641,      10.151
 183000         ,      18.225,      11.719,       0.583,       8.520
 183500         ,      22.198,       6.570,       0.745,       5.561
 184000         ,      20.211,       9.842,       0.502,       7.155
 184500         ,      21.628,       8.035,       0.437,       6.162
 185000         ,      16.461,      10.578,       0.571,       8.269
 185500         ,      19.116,      10.107,       0.642,       7.364
 186000         ,      20.961,       8.143,       0.658,       5.494
 186500         ,      19.744,       9.589,       0.638,       7.478
 187000         ,      20.488,       9.181,       0.705,       6.372
 187500         ,      21.121,      10.771,       0.553,       7.452
 188000         ,      20.361,      10.251,       0.560,       7.342
 188500         ,      21.337,       9.072,       0.562,       6.815
 189000         ,      18.525,      11.174,       0.585,       8.491
 189500         ,      17.403,      11.918,       0.469,       9.300
 190000         ,      20.927,       8.703,       0.732,       6.387
 190500         ,      20.245,       8.983,       0.637,       7.183
 191000         ,      20.601,       9.807,       0.783,       7.730
 191500         ,      16.785,      11.350,       0.521,       8.803
 192000         ,      18.724,      10.109,       0.760,       7.194
 192500         ,      22.628,       8.686,       0.876,       5.646
 193000         ,      19.550,       7.404,       0.406,       6.027
 193500         ,      19.018,       9.318,       0.497,       6.719
 194000         ,      20.859,       9.036,       0.547,       6.191
 194500         ,      19.300,      11.623,       1.774,       6.981
 195000         ,      19.444,      10.426,       0.338,       7.407
 195500         ,      21.816,       8.780,       0.435,       6.921
 196000         ,      20.048,       9.138,       0.607,       6.870
 196500         ,      18.816,      10.539,       0.649,       7.881
 197000         ,      22.583,       8.943,       1.068,       5.633
 197500         ,      21.313,      10.730,       0.726,       7.450
 198000         ,      16.980,      12.670,       0.757,       9.545
 198500         ,      19.453,      10.953,       0.969,       6.745
 199000         ,      18.246,      11.272,       0.782,       8.378
 199500         ,      17.276,      10.083,       0.356,       8.295
 200000         ,      20.120,       9.408,       1.009,       6.165
 200500         ,      16.371,      10.935,       0.828,       7.977
 201000         ,      19.007,       9.765,       0.696,       6.449
 201500         ,      19.541,      10.309,       0.584,       7.211
 202000         ,      18.032,      11.223,       0.762,       7.874
 202500         ,      17.029,      10.297,       0.323,       8.371
 203000         ,      21.072,       9.867,       0.337,       7.764
 203500         ,      18.838,      12.161,       1.004,       7.670
 204000         ,      19.363,       9.766,       0.476,       7.332
 204500         ,      18.656,      13.344,       1.892,       8.575
 205000         ,      17.617,      10.443,       0.519,       7.677
 205500         ,      22.543,       8.145,       1.128,       5.831
 206000         ,      20.120,      10.216,       1.123,       6.846
 206500         ,      18.860,      11.416,       0.840,       7.663
 207000         ,      13.403,      13.091,       1.398,       9.857
 207500         ,      19.398,       9.492,       0.524,       7.090
 208000         ,      21.194,       8.888,       0.901,       6.367
 208500         ,      15.396,      12.185,       0.977,       9.707
 209000         ,      21.124,       8.929,       0.888,       5.665
 209500         ,      19.654,       9.535,       0.461,       7.195
 210000         ,      22.746,       8.647,       1.254,       4.721
 210500         ,      18.311,       9.228,       0.549,       8.044
 211000         ,      19.398,      12.058,       0.649,       9.696
 211500         ,      17.424,      12.057,       0.637,       9.003
 212000         ,      23.458,       9.162,       1.412,       6.081
 212500         ,      19.608,       9.571,       0.621,       7.074
 213000         ,      19.947,      10.177,       0.721,       6.424
 213500         ,      14.802,      11.507,       0.892,       9.106
 214000         ,      20.296,       9.917,       0.584,       6.537
 214500         ,      21.418,       8.788,       0.524,       6.298
 215000         ,      17.123,      11.175,       0.773,       8.085
 215500         ,      14.866,      12.505,       0.687,       9.705
 216000         ,      17.531,       9.526,       0.931,       7.835
 216500         ,      17.048,      10.226,       0.514,       7.612
 217000         ,      19.986,      12.359,       1.134,       9.025
 217500         ,      19.374,       8.803,       0.586,       6.550
 218000         ,      20.017,       9.902,       0.883,       6.013
 218500         ,      18.363,       9.445,       0.571,       7.611
 219000         ,      18.985,       8.941,       0.704,       6.617
 219500         ,      14.119,      11.510,       1.309,       8.709
 220000         ,      14.588,      11.407,       0.916,       8.827
 220500         ,      17.553,      11.579,       0.873,       7.797
 221000         ,      21.776,       9.579,       0.822,       6.409
 221500         ,      22.800,       8.292,       1.669,       5.694
 222000         ,      17.814,      11.241,       0.924,       8.296
 222500         ,      17.744,      11.217,       1.023,       7.367
 223000         ,      22.134,       9.173,       0.715,       6.726
 223500         ,      17.314,      11.980,       0.867,       8.799
 224000         ,      17.795,      11.201,       0.654,       8.104
 224500         ,      16.958,       9.650,       0.495,       7.831
 225000         ,      16.738,      10.634,       0.426,       8.397
 225500         ,      20.068,      10.818,       1.013,       7.424
 226000         ,      17.688,      12.287,       0.572,       8.722
 226500         ,      22.649,       8.903,       0.951,       5.938
 227000         ,      18.323,      10.728,       1.019,       7.116
 227500         ,      18.344,      11.029,       0.733,       8.650
 228000         ,      18.650,      13.055,       1.332,       9.302
 228500         ,      20.725,      10.974,       1.015,       7.266
 229000         ,      18.857,      11.000,       0.584,       9.104
 229500         ,      21.161,      11.343,       0.983,       6.899
 230000         ,      19.056,      11.444,       0.592,       8.113
 230500         ,      19.521,       7.911,       0.452,       6.738
 231000         ,      22.146,       9.401,       0.933,       6.351
 231500         ,      19.346,       9.633,       0.682,       6.333
 232000         ,      17.784,      10.924,       1.044,       6.911
 232500         ,      18.692,       9.141,       0.845,       6.264
 233000         ,      21.181,       8.633,       1.079,       5.562
 233500         ,      15.371,      10.844,       0.634,       8.609
 234000         ,      16.365,       9.257,       0.460,       8.221
 234500         ,      19.793,       7.643,       0.272,       6.288
 235000         ,      16.208,      10.496,       0.504,       8.698
 235500         ,      24.152,       9.405,       1.079,       5.701
 236000         ,      15.622,      12.181,       0.609,       9.481
 236500         ,      21.973,       8.066,       0.619,       6.246
 237000         ,      20.626,       9.770,       0.530,       7.523
 237500         ,      18.240,      10.930,       0.811,       7.618
 238000         ,      16.028,      10.053,       0.578,       7.967
 238500         ,      21.798,       8.244,       1.028,       4.644
 239000         ,      18.764,       9.903,       0.931,       6.874
 239500         ,      19.284,       9.509,       0.629,       6.955
 240000         ,      15.099,      12.081,       0.678,       9.613
 240500         ,      19.834,      10.966,       0.447,       7.690
 241000         ,      20.914,      10.126,       0.377,       7.436
 241500         ,      21.089,      10.363,       1.085,       6.358
 242000         ,      18.025,      12.341,       0.870,       8.752
 242500         ,      19.326,       9.614,       0.543,       7.392
 243000         ,      23.016,       9.083,       1.006,       6.815
 243500         ,      22.189,       9.297,       0.516,       7.362
 244000         ,      20.556,       8.594,       0.607,       7.095
 244500         ,      22.109,       9.096,       0.977,       5.533
 245000         ,      19.383,       9.453,       1.004,       6.469
 245500         ,      17.637,       9.803,       0.762,       6.979
 246000         ,      23.144,       7.475,       0.979,       5.724
 246500         ,      17.823,      11.711,       0.699,       8.170
 247000         ,      20.686,      11.088,       0.968,       7.821
 247500         ,      16.343,      10.666,       0.922,       8.015
 248000         ,      16.670,      13.043,       0.700,      10.644
 248500         ,      16.576,      13.881,       1.031,      10.167
 249000         ,      15.481,      12.264,       0.536,       9.805
 249500         ,      22.994,       9.174,       1.106,       5.469
 250000         ,      20.756,       9.032,       0.612,       6.264
 250500         ,      15.930,      13.310,       0.676,      10.271
 251000         ,      19.477,       8.560,       0.725,       6.101
 251500         ,      18.517,      10.373,       0.488,       8.578
 252000         ,      21.981,       7.475,       0.906,       5.171
 252500         ,      17.054,      11.565,       1.009,       8.274
 253000         ,      17.675,      10.832,       0.448,       8.734
 253500         ,      17.875,      10.787,       0.481,       7.968
 254000         ,      18.684,      10.136,       0.694,       7.000
 254500         ,      16.309,      11.081,       0.532,       8.536
 255000         ,      16.485,       9.914,       0.372,       8.831
 255500         ,      17.705,      10.159,       0.435,       8.312
 256000         ,      21.171,      10.674,       1.068,       6.762
 256500         ,      19.523,      10.482,       0.814,       6.639
 257000         ,      21.334,       8.587,       0.790,       6.209
 257500         ,      18.536,      10.809,       0.509,       7.708
 258000         ,      17.538,      11.037,       1.217,       6.999
 258500         ,      19.193,      10.048,       0.556,       8.086
 259000         ,      21.476,       9.541,       0.451,       7.335
 259500         ,      19.534,       9.663,       0.439,       7.406
 260000         ,      23.437,      10.018,       1.366,       6.248
 260500         ,      19.751,       9.401,       0.677,       6.218
 261000         ,      24.684,       6.128,       1.199,       4.672
 261500         ,      20.019,       9.792,       0.686,       7.418
 262000         ,      22.302,       8.236,       0.928,       6.505
 262500         ,      22.049,       7.842,       0.686,       5.794
 263000         ,      21.004,       8.642,       0.475,       6.813
 263500         ,      19.747,      10.094,       0.635,       7.177
 264000         ,      21.199,       7.855,       0.666,       5.728
 264500         ,      17.251,       9.898,       0.735,       7.010
 265000         ,      20.094,      10.562,       0.381,       7.617
 265500         ,      15.514,      12.645,       0.905,      10.401
 266000         ,      20.266,       8.738,       0.718,       6.379
 266500         ,      16.332,      11.682,       0.690,       8.780
 267000         ,      18.986,      10.858,       0.674,       8.075
 267500         ,      14.785,      11.500,       0.913,       9.203
 268000         ,      16.109,      10.271,       0.525,       9.163
 268500         ,      17.781,      11.311,       0.736,       8.164
 269000         ,      19.968,       9.828,       0.756,       6.348
 269500         ,      16.566,      11.212,       0.630,       9.612
 270000         ,      17.737,       9.135,       0.620,       7.949
 270500         ,      19.949,       8.009,       0.487,       6.623
 271000         ,      17.848,       9.115,       0.314,       7.025
 271500         ,      22.146,       7.876,       0.743,       5.291
 272000         ,      20.353,       8.832,       0.648,       6.592
 272500         ,      22.376,       7.345,       1.136,       4.592
 273000         ,      17.503,      10.955,       0.450,       8.110
 273500         ,      23.229,       8.725,       1.242,       4.928
 274000         ,      22.423,       9.782,       0.713,       7.166
 274500         ,      22.552,       9.071,       1.095,       6.221
 275000         ,      20.996,      10.395,       0.898,       6.578
 275500         ,      20.385,       9.218,       0.553,       7.036
 276000         ,      22.968,       8.415,       0.986,       6.375
 276500         ,      18.641,       8.785,       0.506,       6.431
 277000         ,      21.151,       9.350,       0.681,       6.682
 277500         ,      18.876,       8.960,       0.716,       6.926
 278000         ,      18.725,       9.096,       0.910,       6.427
 278500         ,      23.841,       6.701,       1.370,       5.436
 279000         ,      21.162,       8.851,       0.661,       7.121
 279500         ,      22.659,       9.036,       1.020,       6.339
 280000         ,      19.984,       7.078,       0.544,       6.348
 280500         ,      23.480,       7.775,       1.198,       5.897
 281000         ,      20.932,       9.926,       0.572,       7.103
 281500         ,      20.780,       9.901,       0.577,       6.863
 282000         ,      24.723,       7.768,       1.458,       4.286
 282500         ,      26.183,       6.389,       1.681,       3.767
 283000         ,      22.821,       8.059,       0.842,       5.857
 283500         ,      20.768,      11.499,       1.294,       7.424
 284000         ,      19.727,      10.220,       0.943,       6.343
 284500         ,      21.448,       9.684,       1.069,       5.867
 285000         ,      23.441,       8.147,       1.279,       5.741
 285500         ,      18.755,      10.324,       0.544,       8.142
 286000         ,      23.446,       7.382,       1.186,       4.622
 286500         ,      21.660,       7.436,       0.572,       5.091
 287000         ,      22.279,       7.674,       0.544,       5.726
 287500         ,      21.741,       8.175,       0.991,       5.774
 288000         ,      22.920,       6.441,       0.997,       5.004
 288500         ,      23.607,       7.584,       1.077,       4.753
 289000         ,      18.902,       8.664,       0.475,       6.639
 289500         ,      17.068,      10.288,       0.611,       7.525
 290000         ,      18.931,      10.062,       0.435,       7.561
 290500         ,      18.989,       8.716,       0.533,       6.648
 291000         ,      19.804,       9.810,       0.532,       6.629
 291500         ,      20.268,       8.391,       0.548,       6.103
 292000         ,      19.851,       9.179,       0.661,       6.202
 292500         ,      19.831,       8.969,       0.372,       7.072
 293000         ,      20.772,       8.798,       0.578,       6.812
 293500         ,      18.826,       9.573,       0.830,       6.279
 294000         ,      23.918,       7.451,       1.344,       4.836
 294500         ,      22.990,       7.915,       0.878,       4.782
 295000         ,      20.739,       8.649,       0.810,       7.208
 295500         ,      17.435,      10.671,       0.442,       8.599
 296000         ,      19.866,       8.723,       0.446,       7.160
 296500         ,      23.393,       7.612,       1.145,       4.666
 297000         ,      20.984,       9.862,       0.640,       7.572
 297500         ,      21.367,       9.701,       0.768,       6.868
 298000         ,      21.082,      10.015,       1.291,       7.583
 298500         ,      23.728,       7.046,       1.014,       5.660
 299000         ,      23.715,       8.635,       1.201,       6.232
 299500         ,      22.253,       9.008,       1.012,       5.926
 300000         ,      23.959,       7.904,       0.924,       5.073
 300500         ,      22.195,       8.315,       0.800,       5.864
 301000         ,      18.750,      10.245,       0.594,       7.358
 301500         ,      17.235,      10.525,       0.511,       8.119
 302000         ,      20.047,       9.206,       0.591,       7.031
 302500         ,      20.307,       7.836,       0.500,       6.367
 303000         ,      22.651,      10.249,       1.046,       6.882
 303500         ,      24.155,       8.607,       1.239,       5.478
 304000         ,      17.903,       9.304,       0.461,       8.168
 304500         ,      26.226,       5.919,       1.757,       3.683
 305000         ,      21.952,       7.462,       0.651,       5.787
 305500         ,      20.729,       7.071,       0.625,       5.142
 306000         ,      22.256,       7.349,       1.279,       4.550
 306500         ,      20.577,       9.342,       0.326,       6.963
 307000         ,      25.037,       8.956,       1.557,       4.992
 307500         ,      20.695,       9.456,       0.479,       6.767
 308000         ,      19.577,      10.373,       1.095,       6.200
 308500         ,      17.879,       9.564,       0.106,       8.281
 309000         ,      20.973,       8.562,       0.661,       6.170
 309500         ,      18.019,       9.052,       0.903,       6.109
 310000         ,      17.957,       9.738,       0.360,       8.146
 310500         ,      24.108,       6.662,       1.435,       5.198
 311000         ,      19.347,       8.513,       0.673,       5.799
 311500         ,      22.283,       7.829,       0.928,       4.878
 312000         ,      20.030,       8.659,       0.894,       6.580
 312500         ,      20.256,       9.648,       0.817,       6.892
 313000         ,      19.742,       9.370,       0.666,       7.470
 313500         ,      16.879,      10.909,       0.698,       8.068
 314000         ,      22.231,      10.683,       1.353,       6.500
 314500         ,      23.583,       7.819,       1.341,       5.076
 315000         ,      20.105,       9.436,       0.434,       7.847
 315500         ,      17.311,      11.217,       0.893,       8.111
 316000         ,      23.283,       6.330,       0.877,       5.292
 316500         ,      21.422,       7.894,       0.571,       6.058
 317000         ,      20.536,       9.750,       0.685,       6.124
 317500         ,      20.944,       9.120,       0.559,       5.789
 318000         ,      15.730,      10.452,       0.734,       8.346
 318500         ,      24.428,       7.877,       1.011,       6.213
 319000         ,      24.536,       9.136,       1.462,       5.715
 319500         ,      22.241,       9.010,       1.114,       5.825
 320000         ,      23.482,       8.237,       0.864,       5.150
 320500         ,      19.706,      10.228,       1.100,       6.511
 321000         ,      17.886,      10.268,       0.523,       8.234
 321500         ,      21.000,       9.669,       1.177,       6.956
 322000         ,      21.008,       9.576,       0.846,       6.452
 322500         ,      20.770,       8.679,       0.923,       6.194
 323000         ,      23.913,       6.937,       1.202,       4.853
 323500         ,      20.122,       8.794,       1.132,       5.470
 324000         ,      18.154,      10.889,       0.432,       8.514
 324500         ,      22.390,       8.957,       0.780,       5.852
 325000         ,      21.328,       8.240,       0.807,       5.620
 325500         ,      24.117,       6.883,       0.947,       4.374
 326000         ,      24.657,       7.811,       1.201,       5.703
 326500         ,      17.127,      11.399,       0.584,       8.565
 327000         ,      20.154,       7.785,       0.669,       6.334
 327500         ,      20.252,       7.687,       0.703,       4.873
 328000         ,      19.784,       9.232,       0.508,       6.455
 328500         ,      20.426,       7.964,       0.740,       6.284
 329000         ,      19.814,       8.037,       0.541,       6.049
 329500         ,      22.782,       9.775,       0.847,       6.700
 330000         ,      21.588,       8.458,       1.187,       4.667
 330500         ,      22.402,       9.262,       1.079,       6.109
 331000         ,      21.099,       6.550,       0.754,       5.350
 331500         ,      16.967,      10.530,       1.219,       7.242
 332000         ,      20.854,       7.945,       1.052,       5.265
 332500         ,      19.435,      10.166,       0.660,       6.726
 333000         ,      21.846,       9.401,       0.842,       5.912
 333500         ,      24.458,       5.914,       1.298,       4.884
 334000         ,      17.826,       9.079,       0.554,       7.620
 334500         ,      23.237,       6.048,       1.257,       4.627
 335000         ,      19.824,       9.550,       0.570,       6.715
 335500         ,      25.680,       6.137,       1.304,       4.904
 336000         ,      18.661,       8.941,       0.507,       6.684
 336500         ,      18.607,      10.915,       0.792,       7.223
 337000         ,      21.766,       8.233,       0.744,       5.176
 337500         ,      18.829,      10.862,       0.559,       8.037
 338000         ,      20.749,      10.491,       0.728,       7.528
 338500         ,      20.866,       8.631,       0.698,       6.337
 339000         ,      24.033,       7.700,       1.279,       4.329
 339500         ,      26.039,       8.721,       1.889,       6.253
 340000         ,      20.483,       9.331,       0.555,       6.756
 340500         ,      19.725,       8.394,       0.943,       5.955
 341000         ,      21.318,       9.508,       0.768,       6.574
 341500         ,      20.769,       9.384,       1.056,       6.436
 342000         ,      19.526,      12.123,       1.030,       8.108
 342500         ,      18.206,      11.052,       0.522,       7.935
 343000         ,      19.475,       9.571,       0.793,       6.506
 343500         ,      22.059,      10.567,       0.911,       7.168
 344000         ,      20.633,       7.431,       0.639,       5.406
 344500         ,      20.836,      10.010,       0.764,       7.775
 345000         ,      20.934,      10.235,       0.801,       7.443
 345500         ,      19.073,      10.820,       0.354,       8.634
 346000         ,      19.183,      11.636,       0.982,       7.244
 346500         ,      20.365,       9.663,       0.393,       6.721
 347000         ,      21.113,       8.184,       0.711,       5.825
 347500         ,      20.835,       9.252,       0.803,       6.505
 348000         ,      23.926,       8.784,       1.249,       5.073
 348500         ,      20.047,       8.316,       0.783,       6.929
 349000         ,      19.239,       8.860,       0.284,       6.977
 349500         ,      22.749,       8.513,       1.180,       5.822
 350000         ,      22.146,       8.323,       0.697,       5.416
 350500         ,      19.780,       9.645,       0.598,       6.497
 351000         ,      20.354,       8.232,       0.362,       6.442
 351500         ,      17.546,       9.740,       0.588,       7.241
 352000         ,      18.302,       9.805,       0.386,       8.422
 352500         ,      23.622,       7.050,       1.075,       4.488
 353000         ,      22.620,       7.236,       1.241,       4.511
 353500         ,      23.395,       7.005,       1.593,       5.425
 354000         ,      19.710,       8.432,       0.555,       7.174
 354500         ,      20.064,       8.397,       1.122,       5.535
 355000         ,      21.664,       9.637,       1.783,       5.410
 355500         ,      18.562,      10.821,       0.491,       8.312
 356000         ,      21.380,       8.925,       0.754,       7.232
 356500         ,      22.257,       8.214,       0.724,       6.439
 357000         ,      21.982,       6.679,       0.833,       5.506
 357500         ,      20.708,       8.551,       0.914,       6.413
 358000         ,      21.173,       7.851,       0.780,       5.024
 358500         ,      17.703,       9.623,       0.530,       7.416
 359000         ,      19.375,       8.835,       0.708,       6.322
 359500         ,      18.828,       9.821,       0.789,       7.069
 360000         ,      23.493,       8.737,       1.536,       4.668
 360500         ,      18.609,       9.602,       0.475,       7.843
 361000         ,      21.324,       9.831,       1.037,       6.083
 361500         ,      17.362,       8.261,       0.858,       6.737
 362000         ,      20.093,       8.305,       0.378,       6.319
 362500         ,      19.403,      10.085,       0.533,       6.700
 363000         ,      16.592,      10.961,       0.658,       8.074
 363500         ,      18.334,      11.711,       0.982,       7.960
 364000         ,      22.397,       8.404,       0.814,       5.947
 364500         ,      20.736,       8.778,       1.155,       6.913
 365000         ,      20.394,       8.616,       0.815,       6.260
 365500         ,      21.002,       8.856,       1.392,       7.115
 366000         ,      21.902,       7.957,       1.110,       6.151
 366500         ,      17.560,       9.386,       0.889,       6.724
 367000         ,      21.689,      10.690,       0.983,       8.138
 367500         ,      18.853,      10.944,       0.666,       8.070
 368000         ,      20.633,       8.420,       0.563,       6.010
 368500         ,      21.355,       9.593,       1.104,       6.039
 369000         ,      17.345,      10.738,       0.658,       7.447
 369500         ,      20.950,      10.161,       0.789,       6.292
 370000         ,      20.405,      10.064,       0.648,       7.212
 370500         ,      18.570,      10.458,       0.742,       7.658
 371000         ,      19.737,       9.158,       0.546,       7.297
 371500         ,      22.718,       8.787,       0.569,       6.180
 372000         ,      17.521,      11.067,       0.606,       7.816
 372500         ,      21.761,      10.632,       0.682,       7.680
 373000         ,      18.742,      10.415,       0.606,       8.115
 373500         ,      17.567,      10.870,       0.783,       7.556
 374000         ,      17.972,       9.802,       0.268,       8.089
 374500         ,      20.445,      10.304,       0.692,       6.705
 375000         ,      20.006,       9.236,       0.917,       6.342
 375500         ,      21.131,       8.940,       0.708,       6.608
 376000         ,      16.095,      11.201,       0.779,       8.741
 376500         ,      21.062,       8.648,       0.252,       6.667
 377000         ,      19.356,       9.444,       0.559,       6.697
 377500         ,      18.582,      11.619,       1.300,       7.275
 378000         ,      22.179,       9.414,       0.671,       6.974
 378500         ,      22.087,       9.013,       1.320,       6.050
 379000         ,      18.312,       9.929,       0.299,       7.363
 379500         ,      19.226,       9.624,       0.696,       6.890
 380000         ,      16.389,      11.454,       0.856,       8.218
 380500         ,      18.097,       9.463,       0.608,       6.549
 381000         ,      20.920,      10.762,       0.521,       7.749
 381500         ,      18.755,       9.053,       0.493,       6.895
 382000         ,      21.394,       8.166,       0.604,       6.799
 382500         ,      17.794,      10.083,       0.565,       7.576
 383000         ,      20.938,       9.787,       0.317,       7.357
 383500         ,      19.561,       9.850,       0.443,       7.542
 384000         ,      15.017,      12.382,       1.057,       9.258
 384500         ,      20.922,      10.604,       1.050,       7.977
 385000         ,      16.450,      11.718,       0.415,       9.411
 385500         ,      19.064,       9.886,       0.379,       7.005
 386000         ,      18.492,      10.371,       0.769,       8.067
 386500         ,      19.813,      10.120,       1.043,       6.342
 387000         ,      18.160,      10.624,       0.685,       8.237
 387500         ,      19.994,       9.702,       0.499,       6.940
 388000         ,      19.562,      11.212,       0.679,       7.749
 388500         ,      14.707,      10.636,       1.039,       7.898
 389000         ,      18.211,      10.983,       0.424,       8.111
 389500         ,      20.332,      10.134,       1.615,       6.199
 390000         ,      22.171,       9.098,       0.783,       5.524
 390500         ,      19.389,      11.521,       0.659,       8.372
 391000         ,      25.287,       7.664,       1.451,       5.184
 391500         ,      17.450,      11.191,       0.874,       7.979
 392000         ,      19.087,      12.410,       0.969,       8.538
 392500         ,      19.525,       8.516,       0.501,       6.958
 393000         ,      19.213,      10.320,       0.801,       6.754
 393500         ,      19.553,       9.354,       0.533,       6.306
 394000         ,      18.363,      11.595,       0.734,       8.041
 394500         ,      25.780,       7.170,       1.576,       4.962
 395000         ,      16.211,      11.221,       1.209,       7.937
 395500         ,      18.949,       9.508,       0.726,       6.848
 396000         ,      20.474,       8.971,       0.405,       6.866
 396500         ,      19.929,      10.506,       0.514,       7.190
 397000         ,      16.976,      10.447,       0.435,       7.812
 397500         ,      20.972,       9.964,       0.550,       6.351
 398000         ,      20.939,      11.960,       0.667,       8.263
 398500         ,      19.215,      11.321,       0.762,       7.217
 399000         ,      20.423,       9.345,       0.677,       6.955
 399500         ,      17.802,      10.512,       0.724,       7.506
 400000         ,      22.593,       8.630,       0.838,       6.445
 400500         ,      21.646,       8.671,       0.831,       5.546
 401000         ,      18.076,      11.530,       0.735,       8.272
 401500         ,      17.438,      12.775,       0.801,       9.589
 402000         ,      19.833,       9.269,       0.897,       6.375
 402500         ,      20.078,      11.950,       0.649,       8.727
 403000         ,      18.971,      10.261,       0.455,       7.956
 403500         ,      19.770,       8.702,       0.501,       6.439
 404000         ,      15.283,      11.246,       0.592,       9.645
 404500         ,      21.731,       8.768,       0.831,       6.142
 405000         ,      19.759,       9.709,       0.783,       7.586
 405500         ,      17.597,      10.245,       0.545,       8.059
 406000         ,      20.236,       8.714,       0.815,       6.148
 406500         ,      16.093,      10.438,       0.452,       8.098
 407000         ,      16.743,       9.970,       1.043,       7.179
 407500         ,      19.962,       9.912,       0.708,       6.907
 408000         ,      19.721,       9.069,       0.940,       5.651
 408500         ,      16.330,      13.552,       1.208,       9.685
 409000         ,      22.180,       9.536,       0.577,       6.934
 409500         ,      23.093,      10.915,       1.120,       6.893
 410000         ,      19.298,      10.699,       0.767,       6.702
 410500         ,      18.387,      10.094,       0.626,       7.116
 411000         ,      20.426,      10.387,       1.131,       6.217
 411500         ,      16.326,      12.736,       0.841,       9.081
 412000         ,      16.318,      11.120,       0.319,       9.438
 412500         ,      20.309,       9.868,       0.540,       7.538
 413000         ,      22.632,       9.844,       0.704,       7.193
 413500         ,      16.609,      13.038,       1.080,       9.653
 414000         ,      19.169,       9.468,       0.126,       7.153
 414500         ,      21.398,       9.623,       1.012,       6.007
 415000         ,      17.734,       9.328,       0.781,       7.833
 415500         ,      20.089,      10.921,       1.170,       6.320
 416000         ,      21.236,       9.450,       1.018,       7.443
 416500         ,      21.456,       8.531,       0.653,       6.088
 417000         ,      23.364,       7.988,       1.004,       6.041
 417500         ,      18.909,      11.181,       0.997,       7.394
 418000         ,      19.724,      10.645,       0.272,       8.725
 418500         ,      21.048,       9.413,       0.678,       7.416
 419000         ,      21.848,       9.319,       1.169,       5.191
 419500         ,      24.054,       6.882,       1.586,       4.421
 420000         ,      20.885,       8.345,       0.574,       6.473
 420500         ,      17.964,      10.038,       0.755,       7.487
 421000         ,      22.991,       7.937,       0.551,       5.737
 421500         ,      17.571,      10.945,       0.722,       8.738
 422000         ,      21.297,       7.422,       0.821,       6.120
 422500         ,      18.067,      10.992,       0.355,       8.467
 423000         ,      17.353,      11.460,       0.538,       8.360
 423500         ,      18.829,      10.148,       0.829,       7.327
 424000         ,      18.228,       9.045,       0.624,       7.337
 424500         ,      17.467,      10.316,       0.611,       7.849
 425000         ,      18.811,       9.799,       0.723,       6.654
 425500         ,      20.297,       9.745,       0.824,       6.855
 426000         ,      17.620,      10.127,       0.722,       7.265
 426500         ,      20.511,       7.892,       0.385,       6.393
 427000         ,      21.907,       9.548,       1.295,       5.587
 427500         ,      17.092,      11.044,       0.478,       8.680
 428000         ,      21.117,      11.254,       0.832,       8.888
 428500         ,      23.153,       8.804,       1.351,       6.349
 429000         ,      19.811,       8.482,       0.450,       6.956
 429500         ,      19.102,       9.504,       1.245,       6.750
 430000         ,      20.194,      10.809,       0.967,       8.403
 430500         ,      17.662,      11.210,       0.641,       8.313
 431000         ,      18.894,      11.725,       0.721,       8.495
 431500         ,      23.188,       9.075,       0.954,       6.576
 432000         ,      20.282,      11.074,       0.463,       8.343
 432500         ,      21.251,      10.090,       1.022,       8.121
 433000         ,      19.160,       9.296,       0.577,       7.517
 433500         ,      20.173,       8.748,       0.413,       6.938
 434000         ,      22.378,       8.869,       1.009,       5.945
 434500         ,      22.756,       8.059,       0.702,       5.956
 435000         ,      21.834,       6.775,       0.821,       5.634
 435500         ,      20.079,       9.488,       0.787,       6.948
 436000         ,      16.387,      10.906,       0.617,       8.386
 436500         ,      19.358,      11.274,       0.492,       8.348
 437000         ,      18.453,      11.945,       1.374,       8.010
 437500         ,      24.042,       7.814,       0.857,       5.814
 438000         ,      18.000,       9.793,       0.521,       7.174
 438500         ,      18.998,       9.281,       1.148,       7.100
 439000         ,      15.973,      11.072,       0.691,       9.308
 439500         ,      19.610,       8.606,       0.542,       7.165
 440000         ,      20.912,       8.056,       0.763,       5.690
 440500         ,      17.135,      10.239,       0.291,       8.053
 441000         ,      19.815,       7.747,       0.325,       6.394
 441500         ,      22.431,       7.880,       0.712,       5.674
 442000         ,      24.233,       8.532,       1.504,       6.267
 442500         ,      20.752,       9.675,       1.089,       7.257
 443000         ,      24.241,       6.976,       1.068,       5.520
 443500         ,      21.196,       9.572,       0.434,       7.090
 444000         ,      23.417,       8.601,       0.970,       5.850
 444500         ,      21.374,       7.904,       0.404,       6.420
 445000         ,      21.829,       8.423,       0.665,       6.046
 445500         ,      18.477,       9.871,       0.853,       7.324
 446000         ,      19.182,      10.368,       0.724,       7.206
 446500         ,      17.990,      12.788,       0.782,       9.616
 447000         ,      21.663,       7.827,       0.999,       5.052
 447500         ,      20.215,       9.589,       0.733,       6.470
 448000         ,      20.765,       9.612,       1.065,       6.122
 448500         ,      19.517,       8.975,       0.371,       7.289
 449000         ,      22.757,       8.579,       0.930,       5.401
 449500         ,      19.457,      11.195,       0.501,       8.513
 450000         ,      20.469,       8.996,       0.314,       7.234
 450500         ,      22.304,       7.123,       1.206,       5.065
 451000         ,      22.558,       8.267,       0.995,       5.423
 451500         ,      19.782,       7.835,       0.741,       5.624
 452000         ,      21.806,       8.952,       0.763,       6.470
 452500         ,      18.884,      11.348,       0.612,       8.511
 453000         ,      22.290,       7.675,       0.612,       5.490
 453500         ,      22.987,       8.071,       0.755,       6.269
 454000         ,      17.606,      10.941,       0.747,       8.329
 454500         ,      17.968,      12.062,       0.787,       9.657
 455000         ,      19.422,       9.273,       0.420,       7.008
 455500         ,      21.567,       8.379,       0.726,       5.254
 456000         ,      19.166,       8.646,       0.286,       7.106
 456500         ,      19.740,       9.360,       0.405,       7.583
 457000         ,      23.243,       9.103,       0.989,       6.352
 457500         ,      21.942,       7.439,       0.466,       5.501
 458000         ,      18.894,       7.293,       0.764,       6.473
 458500         ,      18.788,      11.623,       0.852,       7.456
 459000         ,      21.789,       7.495,       0.533,       5.965
 459500         ,      21.886,       8.414,       0.657,       6.557
 460000         ,      21.352,       8.935,       0.683,       6.726
 460500         ,      22.048,       9.068,       0.954,       5.433
 461000         ,      17.491,       9.247,       0.172,       7.927
 461500         ,      20.723,       8.822,       0.286,       7.296
 462000         ,      20.905,       7.604,       1.252,       5.963
 462500         ,      21.025,       9.560,       0.601,       7.225
 463000         ,      21.556,       7.456,       0.948,       4.808
 463500         ,      20.268,      10.465,       0.902,       7.780
 464000         ,      15.751,      10.567,       0.681,       8.376
 464500         ,      20.784,       8.164,       0.678,       6.244
 465000         ,      17.364,       9.437,       0.697,       8.455
 465500         ,      19.206,       9.488,       0.440,       7.816
 466000         ,      19.222,       9.074,       0.361,       6.948
 466500         ,      22.896,       7.891,       0.724,       6.377
 467000         ,      19.214,      12.157,       1.019,       8.356
 467500         ,      19.454,       7.959,       0.958,       5.039
 468000         ,      20.398,       8.960,       0.453,       6.765
 468500         ,      24.098,       7.640,       1.130,       5.176
 469000         ,      22.469,       8.118,       0.566,       6.115
 469500         ,      18.099,      10.527,       0.759,       7.128
 470000         ,      22.425,       8.725,       0.686,       6.547
 470500         ,      25.349,       7.566,       1.260,       5.208
 471000         ,      21.358,       8.054,       0.343,       6.632
 471500         ,      22.886,       9.025,       1.212,       5.650
 472000         ,      18.980,       9.992,       0.907,       6.603
 472500         ,      20.967,       7.621,       0.938,       5.341
 473000         ,      21.091,       9.391,       1.138,       6.469
 473500         ,      24.048,       8.178,       1.443,       5.321
 474000         ,      21.227,       7.382,       0.793,       5.330
 474500         ,      19.655,       8.618,       0.823,       5.994
 475000         ,      22.262,       8.515,       1.142,       5.238
 475500         ,      21.204,       8.065,       0.574,       5.928
 476000         ,      16.817,      11.067,       0.876,       7.632
 476500         ,      19.635,       8.935,       0.614,       6.130
 477000         ,      21.569,       8.434,       0.782,       6.119
 477500         ,      16.407,      10.585,       0.620,       8.168
 478000         ,      20.600,      10.861,       1.382,       6.301
 478500         ,      22.051,       9.363,       1.070,       5.982
 479000         ,      19.978,       9.207,       0.504,       7.783
 479500         ,      24.633,       7.171,       1.123,       5.304
 480000         ,      23.543,       7.271,       1.390,       5.195
 480500         ,      21.453,       8.377,       0.719,       6.062
 481000         ,      23.930,       6.799,       1.070,       4.466
 481500         ,      25.450,       7.203,       1.697,       5.275
 482000         ,      23.161,       7.513,       0.907,       5.880
 482500         ,      21.915,       9.110,       0.569,       6.243
 483000         ,      24.899,       6.892,       1.398,       4.332
 483500         ,      19.456,      11.596,       0.963,       8.568
 484000         ,      20.524,      10.992,       1.224,       8.337
 484500         ,      20.138,       8.890,       0.689,       6.549
 485000         ,      19.605,       9.664,       0.492,       6.993
 485500         ,      16.592,      11.932,       1.016,       8.153
 486000         ,      19.573,       8.500,       0.665,       5.914
 486500         ,      15.251,      10.252,       0.725,       8.430
 487000         ,      23.116,       8.558,       0.769,       5.811
 487500         ,      20.897,       7.938,       0.645,       6.086
 488000         ,      21.562,       9.752,       0.705,       5.992
 488500         ,      18.512,      10.268,       0.423,       8.694
 489000         ,      17.739,      10.403,       0.766,       7.475
 489500         ,      17.581,       9.036,       0.526,       6.855
 490000         ,      19.009,      11.927,       0.596,       8.376
 490500         ,      17.713,       9.688,       0.430,       7.823
 491000         ,      20.957,       9.115,       0.824,       5.662
 491500         ,      18.506,      11.206,       0.642,       7.469
 492000         ,      18.425,      10.450,       0.779,       6.785
 492500         ,      19.800,      10.995,       0.847,       7.464
 493000         ,      16.230,      11.486,       0.925,       8.041
 493500         ,      17.369,      11.429,       0.810,       8.098
 494000         ,      16.929,      11.092,       0.969,       7.611
 494500         ,      20.452,      11.009,       0.945,       7.046
 495000         ,      21.316,       7.724,       0.845,       6.588
 495500         ,      17.867,      10.483,       0.610,       7.769
 496000         ,      16.838,      10.538,       0.829,       7.465
 496500         ,      17.913,      11.892,       0.965,       8.080
 497000         ,      17.525,      10.699,       0.433,       7.837
 497500         ,      15.455,      11.262,       0.880,       8.332
 498000         ,      18.611,       9.353,       0.174,       7.344
 498500         ,      15.117,      11.022,       0.934,       8.134
 499000         ,      22.239,       9.050,       0.841,       5.900
 499500         ,      22.909,       7.864,       0.729,       5.889
 500000         ,      16.817,       9.229,       0.605,       8.388
