--------------------------------------------------------------------------------
S H A P E   v2.1         Continuous Shape Measures calculation
(c) 2013  Electronic Structure Group, Universitat de Barcelona
                   Contact:  llunell@ub.edu                   
--------------------------------------------------------------------------------

coordination ZF2 

SP-4            1 D4h   Square                                             
T-4             2 Td    Tetrahedron                                        
SS-4            3 C2v   Seesaw                                             
vTBPY-4         4 C3v   Vacant trigonal bipyramid                          

Structure [ML4 ]         SP-4          T-4         SS-4      vTBPY-4
 0              ,      22.034,       5.423,       1.761,       4.606
 500            ,      21.517,       5.100,       1.344,       3.854
 1000           ,      18.207,       6.521,       1.112,       6.322
 1500           ,      22.093,       6.406,       1.189,       4.409
 2000           ,      20.237,       6.021,       0.969,       5.091
 2500           ,      19.216,       5.672,       0.870,       5.806
 3000           ,      19.558,       6.011,       0.812,       5.722
 3500           ,      19.496,       6.220,       1.177,       5.790
 4000           ,      23.261,       5.252,       1.415,       4.311
 4500           ,      21.213,       5.732,       1.066,       5.558
 5000           ,      20.746,       7.039,       0.886,       6.089
 5500           ,      22.979,       5.348,       1.462,       4.073
 6000           ,      20.814,       5.272,       1.535,       5.614
 6500           ,      27.270,       3.374,       2.996,       3.389
 7000           ,      19.831,       6.884,       1.103,       6.380
 7500           ,      23.024,       6.528,       1.133,       5.034
 8000           ,      17.001,       7.669,       1.229,       7.698
 8500           ,      22.669,       6.172,       1.309,       5.456
 9000           ,      22.939,       5.840,       1.466,       4.974
 9500           ,      18.419,       7.990,       0.880,       7.200
 10000          ,      17.446,       6.816,       1.248,       6.608
 10500          ,      22.070,       6.645,       1.051,       5.835
 11000          ,      19.981,       6.225,       1.339,       5.514
 11500          ,      18.223,       7.424,       0.745,       6.641
 12000          ,      21.496,       5.964,       1.645,       5.235
 12500          ,      15.034,       8.187,       1.374,       8.456
 13000          ,      18.439,       6.960,       1.656,       6.182
 13500          ,      18.947,       6.244,       1.335,       6.280
 14000          ,      19.908,       6.486,       1.456,       4.772
 14500          ,      16.157,       8.236,       1.632,       7.946
 15000          ,      15.623,       7.612,       2.036,       8.345
 15500          ,      12.991,       9.893,       2.288,       9.866
 16000          ,      16.685,       7.911,       0.984,       7.213
 16500          ,      20.978,       6.544,       1.159,       5.339
 17000          ,      17.704,       7.838,       0.718,       7.431
 17500          ,      19.890,       5.770,       1.638,       5.468
 18000          ,      16.279,       8.550,       1.199,       8.299
 18500          ,      17.003,       8.738,       1.239,       7.820
 19000          ,      16.001,       7.988,       1.743,       8.292
 19500          ,      17.397,       6.374,       1.395,       6.715
 20000          ,      18.418,       7.228,       1.067,       6.076
 20500          ,      18.203,       6.556,       1.318,       6.445
 21000          ,      19.838,       6.935,       0.667,       6.445
 21500          ,      19.496,       6.628,       1.071,       5.994
 22000          ,      17.511,       7.506,       0.853,       7.189
 22500          ,      18.990,       7.689,       1.517,       6.755
 23000          ,      20.273,       7.375,       1.159,       5.944
 23500          ,      16.618,       8.111,       1.415,       7.595
 24000          ,      21.717,       6.415,       0.991,       4.750
 24500          ,      19.277,       5.813,       1.051,       5.272
 25000          ,      18.391,       6.959,       1.037,       7.020
 25500          ,      20.564,       6.714,       0.990,       5.406
 26000          ,      20.132,       5.944,       1.012,       5.596
 26500          ,      21.260,       5.200,       1.146,       4.799
 27000          ,      21.467,       6.485,       1.148,       4.903
 27500          ,      22.195,       6.471,       1.275,       5.698
 28000          ,      22.893,       5.158,       1.146,       4.703
 28500          ,      20.350,       6.894,       1.328,       6.472
 29000          ,      20.711,       6.636,       1.608,       6.148
 29500          ,      17.169,       8.367,       0.850,       7.363
 30000          ,      21.528,       7.373,       0.930,       5.888
 30500          ,      22.107,       5.177,       1.416,       4.446
 31000          ,      22.642,       5.452,       1.647,       5.437
 31500          ,      19.964,       6.513,       0.954,       5.824
 32000          ,      19.217,       6.879,       0.923,       6.369
 32500          ,      20.468,       7.348,       0.815,       6.342
 33000          ,      21.925,       6.763,       0.902,       4.959
 33500          ,      20.473,       5.366,       1.444,       5.671
 34000          ,      18.433,       6.977,       1.357,       6.604
 34500          ,      17.817,       6.911,       1.055,       6.540
 35000          ,      19.186,       7.088,       0.869,       6.497
 35500          ,      22.173,       5.395,       1.286,       4.824
 36000          ,      20.559,       6.135,       1.596,       5.934
 36500          ,      18.565,       7.367,       1.019,       6.978
 37000          ,      17.943,       8.112,       1.104,       7.236
 37500          ,      19.929,       6.160,       1.286,       5.950
 38000          ,      19.782,       6.410,       0.842,       5.212
 38500          ,      18.234,       6.599,       0.739,       6.033
 39000          ,      18.654,       7.099,       1.239,       5.970
 39500          ,      19.929,       6.098,       1.627,       5.659
 40000          ,      22.948,       5.628,       1.273,       5.096
 40500          ,      19.349,       7.622,       0.911,       6.948
 41000          ,      18.210,       7.189,       0.988,       6.607
 41500          ,      21.922,       6.553,       1.178,       5.575
 42000          ,      19.919,       7.283,       0.549,       6.694
 42500          ,      20.731,       7.930,       1.496,       6.484
 43000          ,      17.872,       5.630,       1.508,       6.170
 43500          ,      19.651,       6.879,       1.003,       5.825
 44000          ,      21.983,       4.966,       1.189,       4.691
 44500          ,      15.251,       8.158,       2.049,       8.294
 45000          ,      21.479,       6.907,       1.001,       5.615
 45500          ,      18.134,       8.508,       0.249,       7.640
 46000          ,      15.711,       9.133,       1.204,       8.720
 46500          ,      16.988,       7.089,       1.628,       7.241
 47000          ,      19.821,       7.085,       0.560,       6.397
 47500          ,      19.604,       7.603,       0.751,       6.888
 48000          ,      21.781,       6.835,       1.190,       5.322
 48500          ,      21.636,       5.544,       1.490,       5.417
 49000          ,      16.882,       8.241,       1.172,       7.606
 49500          ,      22.626,       7.140,       1.547,       6.036
 50000          ,      22.357,       5.412,       1.429,       5.067
 50500          ,      20.256,       7.477,       0.721,       6.453
 51000          ,      22.616,       7.729,       1.112,       6.473
 51500          ,      19.389,       7.332,       0.871,       6.095
 52000          ,      20.762,       6.635,       0.910,       6.069
 52500          ,      21.806,       5.766,       1.070,       5.099
 53000          ,      18.427,       7.446,       1.591,       6.729
 53500          ,      23.327,       5.720,       2.071,       4.877
 54000          ,      21.280,       6.198,       1.168,       4.948
 54500          ,      16.901,       8.490,       1.497,       8.198
 55000          ,      17.534,       7.589,       0.789,       7.304
 55500          ,      20.665,       5.824,       1.237,       4.967
 56000          ,      19.446,       7.801,       1.187,       7.005
 56500          ,      17.232,       7.417,       0.811,       6.604
 57000          ,      17.234,       7.408,       1.329,       6.597
 57500          ,      20.183,       6.179,       1.085,       5.981
 58000          ,      20.171,       6.164,       0.936,       5.486
 58500          ,      16.513,       9.774,       0.624,       8.767
 59000          ,      18.860,       6.764,       1.350,       6.218
 59500          ,      20.911,       6.240,       1.199,       5.588
 60000          ,      22.303,       6.957,       0.823,       5.805
 60500          ,      18.262,       7.391,       0.626,       6.904
 61000          ,      21.368,       7.563,       0.743,       6.581
 61500          ,      18.180,       8.088,       1.047,       7.456
 62000          ,      22.047,       5.362,       1.528,       5.122
 62500          ,      21.265,       6.384,       1.027,       5.588
 63000          ,      19.014,       7.499,       0.856,       6.788
 63500          ,      14.828,       8.528,       1.119,       7.992
 64000          ,      17.864,       8.864,       0.519,       7.839
 64500          ,      17.563,       7.453,       0.871,       6.665
 65000          ,      22.353,       5.123,       1.523,       5.146
 65500          ,      16.544,       7.816,       0.603,       7.170
 66000          ,      18.938,       7.403,       0.632,       6.574
 66500          ,      20.326,       7.830,       0.924,       6.921
 67000          ,      20.677,       7.796,       0.480,       6.711
 67500          ,      17.888,       6.733,       1.305,       6.139
 68000          ,      19.398,       6.604,       0.634,       6.264
 68500          ,      20.162,       5.882,       0.929,       5.904
 69000          ,      22.941,       6.085,       1.754,       5.473
 69500          ,      22.509,       6.156,       1.380,       5.159
 70000          ,      19.987,       6.551,       1.296,       5.781
 70500          ,      18.262,       7.336,       1.184,       5.913
 71000          ,      20.285,       5.496,       1.179,       4.766
 71500          ,      15.896,       8.510,       1.372,       7.568
 72000          ,      18.073,       7.699,       0.402,       6.777
 72500          ,      19.482,       7.428,       1.004,       6.669
 73000          ,      16.463,       9.051,       1.292,       8.364
 73500          ,      20.126,       7.282,       0.856,       6.460
 74000          ,      22.913,       5.726,       0.954,       4.838
 74500          ,      17.074,       8.378,       0.865,       7.929
 75000          ,      20.526,       6.578,       0.931,       6.066
 75500          ,      20.280,       5.761,       1.472,       5.829
 76000          ,      17.665,       8.551,       0.656,       7.728
 76500          ,      20.445,       6.086,       1.412,       5.642
 77000          ,      16.815,       8.263,       0.867,       7.870
 77500          ,      18.200,       7.388,       0.549,       6.653
 78000          ,      17.687,       7.898,       1.068,       7.778
 78500          ,      19.663,       6.244,       1.182,       6.076
 79000          ,      20.347,       5.741,       0.721,       5.510
 79500          ,      22.476,       5.249,       1.437,       4.421
 80000          ,      20.671,       6.508,       1.190,       6.081
 80500          ,      22.115,       6.560,       1.125,       5.284
 81000          ,      19.021,       6.927,       1.863,       6.115
 81500          ,      17.479,       8.610,       0.873,       7.981
 82000          ,      18.926,       6.805,       1.059,       6.180
 82500          ,      23.476,       5.494,       1.849,       4.988
 83000          ,      20.179,       6.854,       1.396,       6.638
 83500          ,      18.758,       8.000,       0.940,       7.449
 84000          ,      19.964,       8.706,       1.064,       6.650
 84500          ,      20.220,       6.748,       1.221,       6.274
 85000          ,      18.159,       7.086,       1.205,       6.996
 85500          ,      18.842,       7.551,       1.268,       6.973
 86000          ,      20.725,       7.571,       0.719,       5.912
 86500          ,      18.983,       7.030,       1.396,       6.091
 87000          ,      20.427,       6.826,       1.046,       6.463
 87500          ,      18.263,       7.698,       1.391,       6.392
 88000          ,      21.616,       6.141,       1.708,       5.751
 88500          ,      17.742,       9.697,       0.565,       8.432
 89000          ,      17.108,       6.896,       1.025,       6.589
 89500          ,      22.152,       5.285,       1.927,       5.248
 90000          ,      20.677,       7.465,       0.899,       6.684
 90500          ,      18.930,       6.750,       0.660,       5.899
 91000          ,      17.895,       7.222,       1.099,       7.219
 91500          ,      19.669,       6.555,       1.115,       6.203
 92000          ,      20.799,       6.741,       1.280,       6.217
 92500          ,      22.062,       6.620,       1.025,       4.426
 93000          ,      24.186,       5.132,       1.652,       4.913
 93500          ,      18.706,       7.514,       0.794,       6.965
 94000          ,      18.615,       7.265,       1.039,       5.985
 94500          ,      18.822,       7.661,       1.308,       6.434
 95000          ,      15.573,       8.124,       1.619,       7.847
 95500          ,      18.944,       7.597,       1.041,       6.857
 96000          ,      22.787,       5.258,       1.380,       4.294
 96500          ,      19.049,       6.890,       0.774,       6.215
 97000          ,      17.178,       8.025,       0.844,       7.718
 97500          ,      19.534,       6.549,       0.739,       6.275
 98000          ,      17.084,       9.102,       1.328,       8.174
 98500          ,      20.012,       5.941,       1.363,       5.286
 99000          ,      19.192,       5.868,       1.329,       6.079
 99500          ,      20.204,       5.926,       1.144,       5.511
 100000         ,      17.856,       7.096,       1.324,       6.189
 100500         ,      19.588,       7.558,       1.027,       6.113
 101000         ,      20.824,       7.485,       0.619,       6.157
 101500         ,      21.498,       6.275,       0.695,       5.451
 102000         ,      20.704,       6.773,       1.125,       5.168
 102500         ,      19.927,       5.805,       1.831,       5.836
 103000         ,      19.935,       6.762,       0.859,       5.522
 103500         ,      19.030,       6.599,       1.203,       5.646
 104000         ,      19.388,       6.955,       0.900,       6.189
 104500         ,      15.357,       9.579,       0.734,       8.334
 105000         ,      21.510,       4.726,       1.304,       4.846
 105500         ,      21.631,       6.369,       1.049,       5.673
 106000         ,      21.343,       7.613,       0.851,       6.057
 106500         ,      16.251,       8.401,       1.222,       7.510
 107000         ,      20.936,       6.032,       1.395,       5.312
 107500         ,      19.847,       6.533,       0.960,       5.934
 108000         ,      18.324,       8.924,       0.564,       7.403
 108500         ,      19.618,       6.800,       0.749,       6.413
 109000         ,      21.469,       7.278,       1.468,       6.355
 109500         ,      19.143,       7.391,       0.715,       6.965
 110000         ,      20.596,       6.160,       0.889,       5.863
 110500         ,      18.973,       7.022,       0.957,       6.433
 111000         ,      17.523,       7.569,       1.090,       7.463
 111500         ,      24.952,       5.584,       1.171,       4.248
 112000         ,      19.218,       6.471,       1.345,       6.363
 112500         ,      19.645,       6.963,       1.259,       6.053
 113000         ,      20.264,       6.324,       1.558,       6.015
 113500         ,      20.425,       8.134,       1.094,       6.348
 114000         ,      20.793,       5.997,       1.121,       5.569
 114500         ,      19.714,       7.463,       0.874,       6.941
 115000         ,      19.996,       6.010,       1.072,       5.863
 115500         ,      21.057,       5.442,       0.969,       4.507
 116000         ,      17.274,       6.742,       0.963,       6.558
 116500         ,      18.850,       8.270,       1.292,       7.221
 117000         ,      20.616,       7.358,       1.302,       6.065
 117500         ,      21.139,       5.615,       1.617,       5.586
 118000         ,      21.502,       5.912,       0.745,       5.431
 118500         ,      22.038,       5.638,       1.358,       4.962
 119000         ,      19.695,       6.858,       1.025,       6.532
 119500         ,      21.516,       5.890,       1.135,       5.693
 120000         ,      20.411,       6.743,       0.678,       5.561
 120500         ,      22.614,       5.392,       1.058,       4.916
 121000         ,      20.860,       6.516,       1.536,       6.289
 121500         ,      19.915,       6.505,       1.692,       6.346
 122000         ,      20.336,       6.317,       1.701,       6.367
 122500         ,      24.399,       5.270,       1.395,       4.571
 123000         ,      20.082,       7.262,       0.538,       6.115
 123500         ,      19.707,       7.012,       0.744,       6.607
 124000         ,      16.127,       8.282,       0.980,       8.252
 124500         ,      15.693,       9.870,       0.926,       8.907
 125000         ,      21.376,       6.124,       1.005,       5.165
 125500         ,      14.795,       8.061,       1.265,       7.734
 126000         ,      17.721,       6.312,       1.067,       6.402
 126500         ,      17.016,       8.955,       1.160,       7.931
 127000         ,      18.885,       5.216,       1.092,       5.645
 127500         ,      19.993,       7.055,       0.680,       6.346
 128000         ,      21.729,       6.265,       1.350,       5.057
 128500         ,      22.299,       5.599,       1.268,       5.295
 129000         ,      19.408,       5.870,       1.678,       5.352
 129500         ,      18.634,       7.263,       0.779,       6.476
 130000         ,      20.622,       7.520,       0.832,       6.718
 130500         ,      22.967,       4.850,       1.228,       4.299
 131000         ,      17.727,       6.954,       1.268,       6.795
 131500         ,      18.225,       8.136,       0.362,       7.237
 132000         ,      17.042,       7.882,       1.142,       6.733
 132500         ,      23.866,       4.501,       2.006,       4.445
 133000         ,      21.006,       4.912,       1.882,       4.564
 133500         ,      19.553,       5.674,       0.956,       5.376
 134000         ,      19.829,       6.833,       0.849,       5.912
 134500         ,      20.136,       5.861,       1.089,       5.755
 135000         ,      20.466,       6.177,       0.953,       5.514
 135500         ,      22.395,       6.002,       1.137,       5.283
 136000         ,      18.404,       7.293,       1.661,       6.917
 136500         ,      24.452,       5.328,       2.009,       3.953
 137000         ,      20.775,       5.972,       1.464,       5.055
 137500         ,      20.917,       6.789,       1.089,       6.161
 138000         ,      19.565,       7.351,       0.651,       6.535
 138500         ,      19.535,       6.375,       1.303,       6.089
 139000         ,      17.947,       7.648,       0.709,       6.641
 139500         ,      16.884,       8.994,       0.939,       8.172
 140000         ,      17.054,       6.938,       0.851,       7.002
 140500         ,      16.918,       8.837,       1.063,       7.550
 141000         ,      17.178,       7.350,       0.984,       7.297
 141500         ,      17.874,       6.686,       1.088,       6.875
 142000         ,      21.115,       6.533,       0.848,       5.988
 142500         ,      20.467,       6.131,       1.375,       5.606
 143000         ,      19.510,       7.610,       1.369,       6.936
 143500         ,      19.291,       7.524,       0.619,       6.968
 144000         ,      18.100,       8.881,       0.492,       7.808
 144500         ,      18.274,       7.191,       0.870,       6.905
 145000         ,      19.147,       6.662,       1.153,       6.680
 145500         ,      19.685,       7.155,       0.621,       6.369
 146000         ,      23.019,       5.437,       1.213,       4.435
 146500         ,      23.773,       5.641,       1.274,       4.722
 147000         ,      17.954,       8.537,       0.488,       7.827
 147500         ,      19.016,       6.467,       1.014,       5.737
 148000         ,      21.967,       6.588,       1.175,       5.676
 148500         ,      23.327,       5.565,       1.313,       4.031
 149000         ,      19.272,       7.271,       0.936,       6.822
 149500         ,      22.779,       5.503,       0.918,       4.656
 150000         ,      22.922,       5.340,       1.110,       4.084
 150500         ,      21.704,       6.781,       1.057,       5.880
 151000         ,      20.169,       8.075,       1.189,       7.202
 151500         ,      17.195,       8.714,       0.782,       8.046
 152000         ,      18.162,       8.810,       0.946,       7.782
 152500         ,      21.793,       6.166,       0.941,       5.458
 153000         ,      17.998,       7.065,       0.892,       6.633
 153500         ,      18.130,       7.676,       1.704,       7.145
 154000         ,      19.397,       7.107,       1.285,       6.960
 154500         ,      22.180,       5.971,       1.025,       5.552
 155000         ,      19.196,       6.362,       1.455,       5.124
 155500         ,      23.367,       5.552,       1.292,       4.895
 156000         ,      19.485,       7.184,       0.868,       6.663
 156500         ,      20.417,       6.614,       1.120,       5.951
 157000         ,      19.914,       6.862,       0.916,       6.322
 157500         ,      20.902,       5.578,       1.490,       5.432
 158000         ,      20.208,       5.078,       1.319,       5.417
 158500         ,      20.232,       7.224,       1.706,       6.042
 159000         ,      19.914,       6.272,       0.779,       5.715
 159500         ,      18.327,       7.247,       1.279,       6.585
 160000         ,      19.112,       7.271,       1.115,       6.298
 160500         ,      19.358,       7.043,       0.693,       6.300
 161000         ,      18.566,       7.427,       0.832,       6.574
 161500         ,      18.733,       7.574,       1.061,       6.851
 162000         ,      16.812,       7.890,       0.730,       7.314
 162500         ,      18.728,       7.509,       0.671,       6.951
 163000         ,      20.435,       6.634,       1.230,       5.705
 163500         ,      18.965,       7.097,       1.120,       6.635
 164000         ,      17.767,       6.922,       1.391,       6.360
 164500         ,      18.804,       7.469,       0.918,       5.901
 165000         ,      19.108,       6.198,       1.034,       5.679
 165500         ,      21.913,       6.286,       1.621,       6.048
 166000         ,      18.467,       6.723,       1.243,       6.915
 166500         ,      20.321,       7.671,       0.951,       6.411
 167000         ,      19.199,       6.728,       0.880,       6.475
 167500         ,      18.859,       7.612,       0.904,       6.507
 168000         ,      19.446,       7.453,       0.748,       6.430
 168500         ,      22.673,       6.272,       1.025,       5.639
 169000         ,      21.948,       5.647,       1.334,       5.211
 169500         ,      19.898,       5.999,       1.068,       6.082
 170000         ,      18.580,       7.517,       1.076,       6.829
 170500         ,      16.015,       8.966,       1.536,       8.242
 171000         ,      19.400,       6.734,       0.631,       6.064
 171500         ,      20.307,       6.643,       1.036,       5.723
 172000         ,      20.202,       7.111,       0.807,       6.153
 172500         ,      18.165,       7.195,       1.117,       6.680
 173000         ,      19.224,       7.402,       0.893,       6.141
 173500         ,      23.076,       5.941,       1.295,       4.555
 174000         ,      21.597,       5.732,       0.827,       4.669
 174500         ,      19.194,       6.884,       1.307,       6.896
 175000         ,      20.740,       6.198,       0.766,       5.823
 175500         ,      17.655,       7.675,       1.237,       7.061
 176000         ,      17.630,       7.287,       1.326,       7.000
 176500         ,      15.680,       7.735,       1.240,       7.335
 177000         ,      20.356,       6.707,       1.429,       6.214
 177500         ,      14.650,       9.911,       0.809,       9.367
 178000         ,      23.295,       6.027,       1.250,       4.271
 178500         ,      20.113,       6.891,       0.559,       6.292
 179000         ,      17.220,       8.427,       0.759,       6.789
 179500         ,      21.758,       7.143,       1.027,       6.264
 180000         ,      20.821,       6.711,       1.103,       5.870
 180500         ,      22.054,       6.131,       1.076,       5.493
 181000         ,      18.859,       5.815,       1.738,       5.795
 181500         ,      20.869,       6.165,       0.704,       5.586
 182000         ,      20.482,       5.964,       1.150,       5.730
 182500         ,      19.658,       6.551,       0.961,       5.832
 183000         ,      14.174,      11.136,       1.459,      10.282
 183500         ,      18.543,       6.107,       1.323,       5.898
 184000         ,      20.412,       6.941,       0.831,       5.240
 184500         ,      20.255,       6.884,       0.750,       5.962
 185000         ,      22.002,       5.994,       1.553,       5.745
 185500         ,      18.210,       7.710,       0.766,       6.794
 186000         ,      18.140,       7.656,       0.752,       6.958
 186500         ,      18.809,       7.021,       1.058,       6.704
 187000         ,      21.339,       6.977,       0.852,       6.095
 187500         ,      18.736,       7.396,       0.956,       6.200
 188000         ,      17.769,       6.760,       1.005,       6.301
 188500         ,      21.197,       6.982,       0.654,       6.123
 189000         ,      21.013,       6.324,       1.264,       5.603
 189500         ,      16.627,       7.187,       1.757,       7.410
 190000         ,      21.678,       6.042,       1.097,       5.568
 190500         ,      19.763,       6.643,       1.089,       5.778
 191000         ,      20.134,       6.960,       0.776,       6.255
 191500         ,      23.264,       5.785,       1.269,       4.892
 192000         ,      20.812,       5.347,       1.531,       5.349
 192500         ,      20.652,       6.382,       0.871,       5.263
 193000         ,      16.480,       7.567,       1.038,       7.459
 193500         ,      17.377,       7.685,       0.865,       7.167
 194000         ,      22.089,       6.009,       1.032,       5.154
 194500         ,      18.931,       6.511,       1.346,       6.529
 195000         ,      19.811,       5.769,       1.316,       6.016
 195500         ,      23.041,       5.649,       1.522,       4.826
 196000         ,      19.697,       7.895,       1.015,       7.302
 196500         ,      17.814,       7.103,       0.909,       6.990
 197000         ,      20.084,       7.015,       0.542,       5.782
 197500         ,      19.727,       7.156,       1.118,       5.855
 198000         ,      20.429,       6.974,       0.740,       5.806
 198500         ,      19.525,       7.698,       1.431,       7.463
 199000         ,      20.564,       6.086,       1.125,       5.441
 199500         ,      20.287,       6.689,       1.126,       5.320
 200000         ,      21.378,       6.107,       1.219,       5.686
 200500         ,      18.505,       6.949,       0.860,       6.134
 201000         ,      23.752,       5.281,       1.447,       4.681
 201500         ,      21.058,       6.204,       0.626,       5.236
 202000         ,      18.071,       6.432,       1.222,       6.166
 202500         ,      21.039,       5.478,       1.103,       5.315
 203000         ,      22.928,       5.229,       1.413,       5.119
 203500         ,      20.459,       7.093,       0.880,       6.255
 204000         ,      17.920,       8.431,       0.387,       7.491
 204500         ,      22.099,       4.719,       1.403,       3.686
 205000         ,      25.062,       4.615,       1.812,       4.134
 205500         ,      14.890,       8.238,       1.507,       8.197
 206000         ,      17.994,       7.859,       1.255,       7.456
 206500         ,      20.927,       5.648,       1.380,       5.804
 207000         ,      19.690,       5.822,       0.725,       5.836
 207500         ,      22.304,       5.775,       1.429,       5.044
 208000         ,      18.704,       7.110,       1.439,       6.976
 208500         ,      22.807,       5.744,       1.570,       5.110
 209000         ,      20.867,       6.546,       0.773,       6.054
 209500         ,      16.889,       6.900,       1.107,       6.687
 210000         ,      19.784,       6.131,       1.226,       5.062
 210500         ,      16.723,       8.812,       0.436,       7.896
 211000         ,      22.227,       5.507,       1.482,       5.419
 211500         ,      20.538,       7.382,       1.305,       6.639
 212000         ,      21.740,       6.374,       1.030,       4.971
 212500         ,      17.915,       6.817,       1.096,       6.502
 213000         ,      16.254,       8.218,       0.741,       7.885
 213500         ,      19.063,       6.685,       0.853,       6.250
 214000         ,      19.089,       6.828,       1.220,       6.697
 214500         ,      16.902,       8.131,       0.641,       7.664
 215000         ,      17.856,       8.498,       0.955,       7.847
 215500         ,      21.951,       5.595,       1.209,       5.018
 216000         ,      13.874,       9.923,       1.275,       9.408
 216500         ,      18.219,       8.165,       0.536,       6.636
 217000         ,      20.616,       6.692,       1.103,       5.646
 217500         ,      16.749,       8.575,       0.779,       7.471
 218000         ,      17.010,       8.523,       0.815,       7.940
 218500         ,      18.156,       5.908,       1.492,       6.222
 219000         ,      19.201,       8.194,       0.701,       6.614
 219500         ,      19.374,       7.925,       0.559,       6.243
 220000         ,      22.205,       6.982,       1.002,       6.190
 220500         ,      20.586,       6.601,       0.878,       5.638
 221000         ,      18.978,       6.518,       1.415,       6.766
 221500         ,      18.615,       7.871,       0.866,       6.897
 222000         ,      16.451,       7.775,       0.847,       7.461
 222500         ,      21.971,       5.712,       1.015,       4.863
 223000         ,      20.608,       7.531,       0.781,       6.546
 223500         ,      18.314,       7.135,       1.918,       6.886
 224000         ,      17.433,       7.104,       1.118,       6.999
 224500         ,      19.057,       6.740,       1.853,       6.549
 225000         ,      17.739,       6.844,       1.291,       6.707
 225500         ,      17.932,       8.079,       0.727,       7.097
 226000         ,      19.681,       7.216,       0.932,       6.734
 226500         ,      22.219,       5.495,       1.460,       4.599
 227000         ,      20.723,       6.713,       1.128,       5.615
 227500         ,      20.710,       6.503,       1.183,       5.947
 228000         ,      19.675,       6.188,       0.923,       5.848
 228500         ,      20.177,       7.036,       0.739,       6.071
 229000         ,      24.154,       5.926,       1.236,       4.430
 229500         ,      14.627,       8.035,       1.531,       8.198
 230000         ,      18.584,       6.062,       1.331,       6.175
 230500         ,      16.946,       7.725,       0.870,       7.561
 231000         ,      18.464,       6.554,       0.792,       6.096
 231500         ,      20.894,       6.389,       0.591,       5.671
 232000         ,      14.150,       8.636,       1.339,       8.902
 232500         ,      18.004,       7.670,       0.712,       6.773
 233000         ,      15.861,       8.276,       1.296,       7.944
 233500         ,      16.078,       8.334,       0.780,       7.907
 234000         ,      19.721,       6.831,       1.024,       5.722
 234500         ,      16.695,       7.220,       2.350,       7.958
 235000         ,      14.163,       9.158,       1.035,       8.900
 235500         ,      17.849,       7.260,       0.723,       6.753
 236000         ,      19.098,       6.864,       1.089,       6.196
 236500         ,      19.114,       6.529,       1.256,       6.650
 237000         ,      17.474,       7.158,       0.891,       7.130
 237500         ,      17.929,       7.090,       1.017,       6.989
 238000         ,      18.114,       9.394,       0.655,       8.020
 238500         ,      17.182,       7.294,       1.132,       6.299
 239000         ,      14.941,       8.619,       0.919,       8.253
 239500         ,      17.762,       7.684,       0.896,       6.745
 240000         ,      15.092,       8.227,       0.998,       8.241
 240500         ,      20.185,       7.083,       0.924,       5.978
 241000         ,      16.727,       7.383,       1.062,       7.106
 241500         ,      16.272,       7.406,       1.059,       6.630
 242000         ,      16.437,       8.687,       0.875,       8.087
 242500         ,      17.117,       8.411,       0.378,       7.244
 243000         ,      15.166,       8.835,       0.985,       7.326
 243500         ,      20.512,       5.959,       0.618,       5.609
 244000         ,      20.926,       6.683,       0.748,       5.316
 244500         ,      16.709,       6.451,       1.029,       6.548
 245000         ,      17.371,       7.136,       0.989,       6.690
 245500         ,      18.407,       7.373,       0.855,       7.001
 246000         ,      17.468,       7.055,       1.493,       6.802
 246500         ,      17.158,       8.988,       0.674,       8.103
 247000         ,      14.540,       9.185,       0.961,       8.181
 247500         ,      20.701,       5.230,       1.344,       5.495
 248000         ,      15.642,       9.458,       0.998,       8.534
 248500         ,      20.118,       6.234,       0.769,       5.388
 249000         ,      17.699,       6.824,       1.272,       6.993
 249500         ,      16.342,       7.753,       1.047,       7.119
 250000         ,      19.478,       5.225,       1.257,       5.708
 250500         ,      17.811,       8.579,       1.137,       6.610
 251000         ,      19.078,       6.483,       0.633,       6.224
 251500         ,      25.298,       4.871,       2.550,       4.878
 252000         ,      13.913,       9.819,       1.478,       9.099
 252500         ,      13.693,       8.951,       1.111,       8.843
 253000         ,      19.421,       6.176,       1.029,       5.996
 253500         ,      16.749,       8.025,       1.390,       7.595
 254000         ,      19.736,       5.196,       1.682,       4.554
 254500         ,      19.989,       7.028,       1.354,       5.420
 255000         ,      20.803,       6.116,       1.332,       5.711
 255500         ,      17.887,       6.862,       1.053,       6.643
 256000         ,      21.659,       6.694,       0.559,       5.379
 256500         ,      17.709,       6.782,       0.981,       6.170
 257000         ,      17.174,       7.302,       1.241,       6.997
 257500         ,      22.474,       5.164,       1.067,       4.821
 258000         ,      19.475,       5.441,       1.133,       5.565
 258500         ,      14.945,       8.320,       2.092,       8.582
 259000         ,      13.766,       8.420,       1.475,       8.793
 259500         ,      14.827,       8.350,       1.537,       8.794
 260000         ,      15.323,       7.881,       1.538,       8.385
 260500         ,      15.814,       7.238,       1.043,       7.081
 261000         ,      18.578,       6.254,       1.101,       5.982
 261500         ,      14.623,       8.652,       0.905,       8.107
 262000         ,      14.068,       8.390,       1.859,       8.345
 262500         ,      13.522,       8.767,       1.556,       8.911
 263000         ,      15.503,       6.713,       1.717,       7.675
 263500         ,      16.283,       8.468,       1.017,       6.914
 264000         ,      16.127,       8.560,       1.171,       8.321
 264500         ,      11.250,      11.378,       2.747,      11.452
 265000         ,      14.031,      10.077,       1.381,       9.852
 265500         ,      19.167,       6.988,       0.974,       5.404
 266000         ,      17.092,       6.848,       1.415,       6.384
 266500         ,      20.766,       4.468,       1.917,       5.011
 267000         ,      20.613,       7.003,       1.481,       6.384
 267500         ,      19.590,       7.080,       1.059,       6.320
 268000         ,      20.819,       5.239,       1.544,       5.338
 268500         ,      17.988,       5.733,       1.533,       5.706
 269000         ,      19.069,       5.840,       1.199,       6.155
 269500         ,      20.374,       6.164,       0.963,       5.987
 270000         ,      16.698,       7.664,       0.681,       7.270
 270500         ,      15.455,       8.750,       2.208,       8.069
 271000         ,      18.297,       6.439,       1.431,       5.330
 271500         ,      18.029,       6.420,       1.080,       6.102
 272000         ,      16.368,       7.730,       1.691,       7.842
 272500         ,      18.947,       5.542,       1.194,       5.644
 273000         ,      16.563,       6.240,       1.789,       7.211
 273500         ,      19.829,       6.237,       0.986,       5.317
 274000         ,      14.666,       8.893,       1.126,       8.295
 274500         ,      18.322,       7.446,       0.843,       6.522
 275000         ,      21.597,       5.679,       0.872,       5.406
 275500         ,      16.597,       7.396,       1.456,       6.664
 276000         ,      17.538,       4.940,       1.970,       6.041
 276500         ,      20.491,       6.027,       1.554,       5.462
 277000         ,      19.609,       7.461,       0.870,       5.197
 277500         ,      18.252,       6.754,       1.325,       6.434
 278000         ,      14.978,       7.656,       1.671,       8.148
 278500         ,      17.164,       6.622,       1.161,       6.936
 279000         ,      16.314,       6.961,       1.195,       6.931
 279500         ,      17.214,       7.200,       1.257,       6.607
 280000         ,      20.518,       5.588,       1.281,       5.748
 280500         ,      16.332,       8.962,       1.109,       6.883
 281000         ,      20.049,       6.415,       0.943,       5.284
 281500         ,      17.154,       6.306,       1.879,       5.840
 282000         ,      18.014,       6.367,       1.623,       6.830
 282500         ,      18.223,       6.865,       0.809,       6.488
 283000         ,      19.255,       5.857,       1.413,       4.806
 283500         ,      21.046,       5.305,       1.206,       4.389
 284000         ,      18.389,       6.279,       1.211,       5.165
 284500         ,      17.038,       7.891,       1.967,       8.122
 285000         ,      22.162,       5.348,       1.154,       3.949
 285500         ,      19.690,       6.859,       0.856,       5.594
 286000         ,      16.172,       7.235,       1.301,       6.875
 286500         ,      19.354,       5.764,       1.304,       6.098
 287000         ,      20.210,       6.385,       1.373,       6.400
 287500         ,      17.724,       8.050,       0.726,       6.938
 288000         ,      19.192,       6.694,       0.929,       5.470
 288500         ,      22.064,       5.272,       0.860,       4.948
 289000         ,      22.546,       5.959,       1.625,       5.111
 289500         ,      19.889,       5.259,       1.754,       5.478
 290000         ,      19.486,       5.804,       1.145,       4.880
 290500         ,      19.538,       7.345,       0.589,       6.762
 291000         ,      20.088,       6.752,       0.953,       5.207
 291500         ,      20.781,       5.272,       1.888,       4.191
 292000         ,      19.614,       6.157,       1.272,       5.474
 292500         ,      21.758,       5.476,       1.352,       5.071
 293000         ,      16.240,       7.795,       0.740,       7.792
 293500         ,      15.881,       7.751,       1.523,       7.919
 294000         ,      17.427,       5.941,       1.691,       6.443
 294500         ,      21.234,       5.399,       1.314,       5.157
 295000         ,      21.388,       5.514,       1.137,       5.238
 295500         ,      18.773,       7.973,       0.891,       6.919
 296000         ,      24.510,       5.145,       1.292,       3.623
 296500         ,      23.338,       5.385,       1.299,       4.151
 297000         ,      18.430,       7.065,       0.817,       6.107
 297500         ,      19.651,       6.186,       1.400,       5.408
 298000         ,      21.049,       6.135,       0.968,       5.044
 298500         ,      21.734,       6.237,       1.648,       6.000
 299000         ,      19.206,       5.709,       1.675,       6.138
 299500         ,      17.953,       6.228,       1.223,       6.536
 300000         ,      20.604,       5.414,       1.280,       5.532
 300500         ,      15.873,       9.192,       1.217,       7.985
 301000         ,      18.703,       5.484,       1.267,       5.654
 301500         ,      16.896,       6.177,       1.212,       6.718
 302000         ,      20.884,       6.154,       1.476,       6.154
 302500         ,      16.396,       7.906,       1.241,       6.688
 303000         ,      16.972,       6.055,       1.856,       6.599
 303500         ,      21.918,       5.220,       1.033,       4.671
 304000         ,      20.245,       5.632,       1.039,       4.683
 304500         ,      19.989,       6.385,       0.941,       5.482
 305000         ,      20.036,       6.126,       0.763,       5.449
 305500         ,      21.813,       6.602,       1.108,       5.705
 306000         ,      18.207,       5.457,       1.523,       5.852
 306500         ,      20.726,       5.499,       0.892,       5.043
 307000         ,      18.449,       6.517,       0.767,       6.125
 307500         ,      24.057,       6.655,       1.892,       5.153
 308000         ,      16.423,       8.064,       1.915,       7.906
 308500         ,      19.160,       6.181,       1.384,       4.764
 309000         ,      19.547,       6.365,       0.659,       5.478
 309500         ,      17.379,       7.051,       0.920,       6.776
 310000         ,      17.596,       7.982,       0.499,       7.394
 310500         ,      21.468,       5.760,       1.303,       5.559
 311000         ,      16.510,       6.132,       1.394,       6.923
 311500         ,      19.253,       6.091,       1.353,       6.095
 312000         ,      20.790,       5.148,       1.379,       4.829
 312500         ,      23.228,       5.654,       1.720,       5.451
 313000         ,      18.747,       5.822,       1.407,       5.614
 313500         ,      18.936,       6.608,       1.269,       6.049
 314000         ,      16.985,       6.627,       1.719,       6.451
 314500         ,      19.292,       6.425,       1.011,       6.037
 315000         ,      18.431,       9.213,       0.333,       7.434
 315500         ,      19.986,       5.340,       1.226,       4.888
 316000         ,      17.003,       6.891,       1.291,       6.997
 316500         ,      17.516,       7.451,       1.433,       6.355
 317000         ,      18.580,       7.483,       1.487,       6.729
 317500         ,      17.033,       5.862,       1.857,       5.804
 318000         ,      19.273,       6.880,       0.793,       6.025
 318500         ,      19.494,       6.664,       1.214,       5.970
 319000         ,      23.553,       5.342,       1.751,       4.736
 319500         ,      18.065,       6.894,       1.612,       6.163
 320000         ,      20.069,       7.114,       2.258,       5.772
 320500         ,      17.656,       6.144,       1.449,       6.280
 321000         ,      20.494,       6.705,       0.849,       5.932
 321500         ,      21.420,       5.744,       1.376,       5.430
 322000         ,      20.620,       5.810,       1.029,       4.990
 322500         ,      22.513,       6.326,       1.092,       4.650
 323000         ,      21.488,       5.509,       1.082,       4.773
 323500         ,      23.509,       4.967,       1.797,       4.738
 324000         ,      21.512,       6.232,       1.428,       5.987
 324500         ,      22.477,       5.571,       1.674,       4.321
 325000         ,      20.214,       6.485,       0.717,       5.223
 325500         ,      19.648,       6.192,       1.259,       6.008
 326000         ,      21.123,       5.459,       1.366,       5.459
 326500         ,      19.594,       6.943,       0.891,       6.336
 327000         ,      17.474,       6.798,       1.730,       6.796
 327500         ,      19.911,       5.676,       1.804,       4.680
 328000         ,      17.799,       7.666,       1.531,       6.157
 328500         ,      19.792,       4.886,       1.631,       5.034
 329000         ,      19.380,       5.112,       1.739,       5.705
 329500         ,      18.669,       6.402,       1.020,       6.526
 330000         ,      15.904,       7.289,       1.421,       7.707
 330500         ,      20.637,       5.245,       2.188,       5.445
 331000         ,      21.481,       6.118,       1.225,       5.923
 331500         ,      16.921,       6.824,       1.108,       7.074
 332000         ,      19.887,       7.234,       1.525,       6.951
 332500         ,      16.580,       5.369,       2.195,       5.932
 333000         ,      18.162,       6.264,       1.422,       5.806
 333500         ,      17.838,       7.645,       0.414,       6.860
 334000         ,      18.651,       5.906,       1.349,       5.648
 334500         ,      21.146,       5.230,       1.316,       5.382
 335000         ,      15.746,       7.507,       1.561,       7.763
 335500         ,      19.710,       6.029,       0.860,       5.744
 336000         ,      24.888,       4.218,       2.110,       3.964
 336500         ,      21.053,       4.885,       1.348,       5.122
 337000         ,      28.034,       6.014,       3.456,       4.619
 337500         ,      21.996,       6.618,       1.625,       5.694
 338000         ,      22.469,       6.540,       1.780,       5.171
 338500         ,      22.705,       5.788,       1.365,       4.981
 339000         ,      21.904,       5.858,       1.062,       4.601
 339500         ,      20.648,       6.840,       1.118,       5.986
 340000         ,      20.907,       6.938,       0.488,       6.167
 340500         ,      22.392,       7.057,       2.440,       6.353
 341000         ,      22.965,       5.218,       1.446,       4.955
 341500         ,      18.825,       6.053,       1.231,       6.262
 342000         ,      22.084,       5.671,       1.959,       5.140
 342500         ,      22.373,       5.056,       2.078,       5.390
 343000         ,      20.706,       6.255,       1.686,       5.809
 343500         ,      23.827,       5.581,       1.196,       4.035
 344000         ,      22.402,       4.739,       1.659,       4.975
 344500         ,      24.360,       5.344,       2.376,       5.231
 345000         ,      23.586,       5.655,       1.879,       5.094
 345500         ,      15.887,       7.324,       1.789,       6.378
 346000         ,      21.799,       6.513,       1.480,       6.108
 346500         ,      22.124,       6.596,       1.099,       5.634
 347000         ,      18.342,       6.120,       1.332,       5.813
 347500         ,      16.255,       7.035,       1.561,       6.373
 348000         ,      24.245,       5.666,       2.691,       5.539
 348500         ,      18.942,       6.459,       0.741,       5.218
 349000         ,      22.617,       5.988,       1.170,       5.371
 349500         ,      20.655,       6.578,       1.701,       6.468
 350000         ,      17.319,       7.518,       1.363,       6.892
 350500         ,      19.987,       6.810,       1.028,       5.842
 351000         ,      22.691,       6.256,       1.448,       5.463
 351500         ,      19.146,       5.997,       1.322,       5.631
 352000         ,      20.587,       6.813,       1.342,       6.312
 352500         ,      19.013,       6.014,       1.625,       5.053
 353000         ,      19.556,       6.087,       1.312,       6.116
 353500         ,      17.593,       6.755,       1.102,       6.490
 354000         ,      20.093,       5.517,       0.937,       5.354
 354500         ,      19.990,       5.516,       1.338,       4.987
 355000         ,      19.309,       5.069,       1.484,       4.361
 355500         ,      16.217,       7.001,       1.175,       7.087
 356000         ,      19.490,       7.815,       1.057,       6.328
 356500         ,      22.271,       5.302,       1.323,       4.728
 357000         ,      19.221,       7.415,       0.738,       5.884
 357500         ,      21.342,       6.229,       1.122,       5.877
 358000         ,      19.442,       6.675,       0.793,       5.934
 358500         ,      19.595,       6.766,       1.303,       6.182
 359000         ,      21.533,       6.033,       0.829,       5.353
 359500         ,      19.547,       6.219,       1.615,       6.029
 360000         ,      19.451,       6.557,       1.162,       5.213
 360500         ,      22.781,       5.579,       1.612,       5.245
 361000         ,      14.767,       7.901,       1.885,       7.765
 361500         ,      21.007,       6.255,       1.067,       5.731
 362000         ,      24.496,       4.952,       2.250,       4.335
 362500         ,      21.683,       4.818,       1.156,       4.531
 363000         ,      19.334,       7.138,       0.782,       6.758
 363500         ,      20.764,       5.922,       1.679,       5.724
 364000         ,      19.646,       5.489,       1.564,       4.812
 364500         ,      20.877,       5.079,       1.738,       4.511
 365000         ,      24.317,       4.654,       1.648,       4.215
 365500         ,      22.667,       3.804,       2.130,       4.250
 366000         ,      18.780,       7.572,       1.046,       6.941
 366500         ,      19.454,       5.994,       1.162,       5.411
 367000         ,      22.090,       4.775,       1.380,       4.531
 367500         ,      17.225,       7.790,       0.894,       7.088
 368000         ,      20.755,       6.157,       0.707,       5.252
 368500         ,      19.810,       5.380,       1.563,       5.840
 369000         ,      23.555,       6.433,       0.948,       5.044
 369500         ,      22.498,       4.383,       1.256,       4.463
 370000         ,      19.755,       6.073,       0.920,       6.062
 370500         ,      24.329,       4.806,       3.115,       5.194
 371000         ,      14.904,       7.181,       1.460,       7.736
 371500         ,      14.760,       7.900,       1.127,       7.734
 372000         ,      22.649,       6.122,       1.934,       5.547
 372500         ,      17.709,       5.764,       1.313,       6.320
 373000         ,      20.867,       6.215,       1.393,       4.563
 373500         ,      18.599,       6.304,       1.602,       6.241
 374000         ,      19.481,       5.656,       1.254,       5.814
 374500         ,      14.452,       8.941,       1.154,       9.000
 375000         ,      16.990,       6.914,       1.711,       7.472
 375500         ,      21.363,       5.215,       1.990,       5.322
 376000         ,      15.823,       7.834,       1.686,       6.697
 376500         ,      25.226,       5.720,       2.162,       3.489
 377000         ,      25.207,       5.470,       1.779,       4.378
 377500         ,      16.026,       7.148,       2.503,       7.159
 378000         ,      22.684,       5.370,       1.843,       4.851
 378500         ,      21.817,       5.484,       1.050,       4.893
 379000         ,      21.041,       5.525,       1.076,       5.133
 379500         ,      20.040,       4.706,       1.564,       4.946
 380000         ,      23.348,       5.268,       1.439,       4.491
 380500         ,      19.076,       6.235,       1.440,       6.148
 381000         ,      19.134,       6.117,       1.302,       5.929
 381500         ,      17.261,       6.774,       1.242,       6.527
 382000         ,      19.626,       5.464,       1.252,       4.930
 382500         ,      13.790,       9.293,       1.249,       8.674
 383000         ,      21.090,       6.221,       0.875,       5.335
 383500         ,      22.370,       5.614,       2.952,       5.981
 384000         ,      15.995,       7.983,       1.513,       7.912
 384500         ,      18.605,       5.939,       1.923,       5.526
 385000         ,      18.468,       6.107,       1.203,       5.547
 385500         ,      19.636,       6.018,       1.093,       5.696
 386000         ,      21.133,       5.506,       1.234,       5.011
 386500         ,      19.052,       5.535,       1.519,       5.978
 387000         ,      23.825,       4.145,       2.059,       4.437
 387500         ,      24.950,       4.805,       2.489,       3.970
 388000         ,      20.248,       5.313,       1.005,       4.896
 388500         ,      23.092,       5.744,       1.717,       4.802
 389000         ,      20.414,       5.333,       1.719,       5.496
 389500         ,      17.519,       6.837,       0.882,       6.241
 390000         ,      18.620,       5.324,       1.042,       5.680
 390500         ,      20.091,       5.946,       2.783,       5.025
 391000         ,      20.343,       5.015,       1.745,       5.492
 391500         ,      19.107,       7.129,       0.877,       5.580
 392000         ,      22.259,       4.836,       1.798,       3.791
 392500         ,      23.635,       4.959,       2.557,       3.128
 393000         ,      19.132,       6.121,       1.005,       5.719
 393500         ,      22.793,       5.832,       1.053,       4.311
 394000         ,      17.999,       6.992,       1.716,       5.764
 394500         ,      20.523,       5.517,       1.476,       5.014
 395000         ,      20.949,       5.698,       0.989,       5.129
 395500         ,      21.556,       7.057,       1.048,       5.855
 396000         ,      19.863,       6.243,       1.016,       5.704
 396500         ,      18.283,       6.280,       1.100,       6.007
 397000         ,      19.854,       5.565,       1.369,       4.698
 397500         ,      23.404,       4.673,       2.047,       4.116
 398000         ,      18.151,       5.851,       1.170,       6.084
 398500         ,      17.741,       7.620,       0.549,       7.174
 399000         ,      22.879,       5.465,       1.784,       4.787
 399500         ,      20.892,       4.681,       1.759,       4.908
 400000         ,      21.723,       4.815,       1.857,       4.294
 400500         ,      21.801,       6.846,       1.172,       5.319
 401000         ,      20.932,       5.304,       1.095,       5.418
 401500         ,      22.040,       4.741,       1.754,       5.008
 402000         ,      22.891,       5.390,       1.796,       4.291
 402500         ,      22.521,       5.235,       1.717,       4.475
 403000         ,      15.822,       8.357,       1.032,       8.252
 403500         ,      20.611,       6.838,       1.371,       6.534
 404000         ,      20.620,       5.793,       1.571,       5.825
 404500         ,      23.629,       5.754,       1.208,       4.995
 405000         ,      19.913,       5.806,       1.168,       5.453
 405500         ,      20.598,       4.563,       2.260,       5.043
 406000         ,      20.173,       6.636,       0.666,       5.892
 406500         ,      16.216,       7.511,       1.215,       7.359
 407000         ,      21.715,       5.688,       1.797,       5.635
 407500         ,      17.695,       6.087,       1.166,       5.730
 408000         ,      19.086,       6.469,       0.993,       5.940
 408500         ,      24.804,       5.322,       1.655,       4.513
 409000         ,      22.202,       5.608,       0.881,       5.037
 409500         ,      20.618,       7.050,       0.916,       5.856
 410000         ,      19.728,       5.769,       1.549,       4.315
 410500         ,      19.316,       5.823,       0.995,       5.563
 411000         ,      19.269,       7.277,       1.028,       5.866
 411500         ,      21.272,       6.558,       1.282,       5.876
 412000         ,      22.794,       5.293,       1.364,       5.233
 412500         ,      23.809,       5.903,       1.516,       5.288
 413000         ,      19.951,       6.546,       1.345,       6.241
 413500         ,      22.847,       5.346,       1.168,       4.695
 414000         ,      22.273,       4.605,       1.318,       4.545
 414500         ,      18.661,       7.291,       1.082,       6.077
 415000         ,      19.234,       5.976,       2.254,       6.554
 415500         ,      15.661,       8.598,       1.069,       8.150
 416000         ,      17.238,       7.357,       1.117,       7.129
 416500         ,      20.204,       5.235,       1.830,       5.513
 417000         ,      19.665,       5.677,       1.068,       5.385
 417500         ,      18.385,       6.684,       1.311,       6.164
 418000         ,      16.702,       7.082,       1.719,       6.751
 418500         ,      15.908,       8.179,       1.124,       7.690
 419000         ,      21.572,       5.925,       1.171,       5.231
 419500         ,      16.968,       8.142,       0.787,       7.550
 420000         ,      21.506,       5.766,       1.780,       5.481
 420500         ,      18.107,       7.146,       0.808,       6.985
 421000         ,      20.437,       6.128,       1.154,       5.754
 421500         ,      20.642,       5.324,       1.459,       5.157
 422000         ,      17.249,       6.961,       1.568,       6.983
 422500         ,      22.812,       5.226,       1.909,       4.877
 423000         ,      20.026,       6.367,       1.013,       5.450
 423500         ,      19.916,       5.879,       0.890,       5.118
 424000         ,      22.897,       4.743,       1.279,       3.987
 424500         ,      20.347,       5.420,       1.324,       4.865
 425000         ,      20.878,       7.275,       0.763,       6.256
 425500         ,      16.946,       7.826,       0.987,       7.359
 426000         ,      22.629,       5.338,       1.061,       4.603
 426500         ,      18.436,       7.188,       0.494,       6.763
 427000         ,      19.669,       6.310,       1.134,       5.719
 427500         ,      19.320,       5.752,       1.270,       4.465
 428000         ,      17.117,       8.703,       1.216,       7.676
 428500         ,      18.174,       6.064,       1.098,       6.290
 429000         ,      19.271,       6.468,       1.348,       6.543
 429500         ,      18.627,       8.311,       0.586,       7.159
 430000         ,      21.489,       5.802,       1.225,       4.325
 430500         ,      20.819,       6.930,       0.901,       5.589
 431000         ,      19.806,       5.874,       0.906,       5.908
 431500         ,      20.294,       6.127,       0.820,       5.320
 432000         ,      16.993,       6.656,       1.935,       6.461
 432500         ,      19.629,       6.050,       0.851,       5.746
 433000         ,      20.371,       4.603,       1.451,       4.680
 433500         ,      21.567,       5.760,       1.324,       5.134
 434000         ,      19.561,       7.487,       0.700,       6.599
 434500         ,      19.906,       5.757,       1.692,       5.249
 435000         ,      19.588,       5.560,       1.478,       5.651
 435500         ,      17.010,       8.551,       0.897,       7.759
 436000         ,      22.606,       6.232,       0.623,       5.178
 436500         ,      20.513,       6.459,       0.943,       5.629
 437000         ,      20.176,       7.472,       0.997,       6.479
 437500         ,      21.150,       8.076,       1.257,       6.226
 438000         ,      19.629,       6.825,       0.779,       6.151
 438500         ,      15.422,       8.343,       1.354,       8.363
 439000         ,      18.683,       7.149,       0.945,       6.650
 439500         ,      18.125,       7.488,       1.559,       6.050
 440000         ,      18.834,       8.412,       0.448,       7.231
 440500         ,      17.861,       7.136,       0.827,       6.335
 441000         ,      19.589,       7.525,       0.607,       6.285
 441500         ,      20.108,       6.860,       0.658,       5.761
 442000         ,      22.040,       7.016,       0.684,       6.079
 442500         ,      21.789,       7.030,       0.624,       5.835
 443000         ,      21.831,       6.802,       0.795,       5.749
 443500         ,      20.492,       6.217,       0.657,       5.822
 444000         ,      19.516,       6.984,       0.745,       6.248
 444500         ,      19.177,       8.481,       0.172,       7.359
 445000         ,      20.398,       6.876,       0.535,       5.397
 445500         ,      22.275,       6.268,       0.982,       5.069
 446000         ,      26.024,       4.677,       1.781,       3.570
 446500         ,      22.331,       6.218,       1.747,       4.783
 447000         ,      20.819,       7.302,       0.531,       5.415
 447500         ,      19.916,       6.553,       0.675,       5.779
 448000         ,      20.447,       6.718,       1.406,       4.100
 448500         ,      16.413,       7.976,       0.858,       7.949
 449000         ,      21.800,       5.836,       0.990,       5.376
 449500         ,      18.703,       7.670,       0.547,       6.484
 450000         ,      21.041,       6.724,       0.759,       5.263
 450500         ,      15.213,       7.975,       1.496,       7.903
 451000         ,      20.134,       8.688,       0.719,       7.509
 451500         ,      19.372,       7.633,       0.713,       6.710
 452000         ,      16.766,       8.013,       1.130,       7.780
 452500         ,      18.940,       6.471,       1.160,       6.064
 453000         ,      15.195,       8.673,       0.834,       7.478
 453500         ,      18.995,       6.140,       0.794,       6.117
 454000         ,      21.742,       6.117,       1.491,       4.323
 454500         ,      21.153,       4.782,       1.712,       5.196
 455000         ,      21.208,       5.571,       1.218,       5.431
 455500         ,      18.312,       7.804,       0.618,       7.084
 456000         ,      20.923,       6.940,       0.792,       6.054
 456500         ,      17.250,       7.260,       1.049,       6.368
 457000         ,      20.039,       7.937,       0.469,       6.519
 457500         ,      22.036,       5.415,       1.426,       5.240
 458000         ,      21.312,       5.504,       1.667,       4.885
 458500         ,      17.427,       7.664,       0.933,       6.981
 459000         ,      16.082,       8.286,       1.112,       8.103
 459500         ,      19.665,       6.239,       1.190,       5.879
 460000         ,      20.349,       5.332,       1.507,       4.762
 460500         ,      18.902,       6.309,       0.893,       6.111
 461000         ,      20.510,       5.412,       1.266,       5.530
 461500         ,      19.240,       8.500,       1.047,       6.286
 462000         ,      19.774,       6.676,       1.762,       6.097
 462500         ,      17.262,       6.731,       1.158,       6.271
 463000         ,      14.751,       8.385,       1.203,       8.036
 463500         ,      21.845,       7.729,       1.087,       6.085
 464000         ,      21.486,       7.310,       0.650,       4.947
 464500         ,      19.441,       6.140,       0.965,       4.868
 465000         ,      17.710,       7.918,       0.840,       6.915
 465500         ,      16.977,       6.479,       1.477,       6.218
 466000         ,      18.843,       6.819,       1.150,       4.943
 466500         ,      15.093,       7.771,       1.316,       8.215
 467000         ,      21.106,       6.443,       1.580,       6.145
 467500         ,      22.455,       6.495,       0.929,       5.089
 468000         ,      16.912,       6.929,       1.585,       6.273
 468500         ,      20.696,       4.840,       1.737,       4.121
 469000         ,      23.089,       6.694,       2.281,       4.587
 469500         ,      20.785,       5.946,       1.088,       4.728
 470000         ,      21.614,       4.580,       1.312,       4.504
 470500         ,      18.116,       6.507,       1.266,       5.540
 471000         ,      16.789,       7.147,       1.095,       7.239
 471500         ,      21.489,       5.476,       1.822,       5.320
 472000         ,      18.653,       6.394,       0.926,       6.529
 472500         ,      19.332,       6.464,       1.090,       5.603
 473000         ,      19.328,       5.301,       1.018,       5.212
 473500         ,      20.837,       7.058,       0.939,       5.176
 474000         ,      24.347,       5.887,       2.385,       5.618
 474500         ,      19.634,       5.179,       1.459,       5.119
 475000         ,      20.751,       6.667,       0.694,       5.406
 475500         ,      21.296,       7.311,       0.759,       6.088
 476000         ,      19.131,       6.629,       1.460,       6.185
 476500         ,      19.596,       6.871,       0.656,       5.985
 477000         ,      15.999,       7.349,       1.721,       8.018
 477500         ,      18.935,       6.682,       1.017,       6.093
 478000         ,      17.706,       6.668,       1.683,       5.789
 478500         ,      17.483,       6.536,       1.107,       6.352
 479000         ,      20.786,       6.698,       0.749,       5.591
 479500         ,      20.087,       6.022,       0.770,       5.438
 480000         ,      21.520,       6.195,       0.799,       5.355
 480500         ,      20.064,       6.571,       0.857,       5.673
 481000         ,      20.132,       6.284,       1.347,       5.881
 481500         ,      21.499,       4.996,       1.186,       5.085
 482000         ,      18.397,       6.395,       1.963,       6.998
 482500         ,      22.100,       5.485,       1.712,       3.615
 483000         ,      17.919,       6.831,       1.386,       6.950
 483500         ,      15.168,       7.319,       1.937,       6.911
 484000         ,      16.289,       7.798,       1.415,       6.981
 484500         ,      18.018,       6.669,       1.102,       6.124
 485000         ,      17.027,       7.165,       0.863,       6.797
 485500         ,      15.837,       8.168,       0.943,       7.704
 486000         ,      19.891,       6.091,       1.343,       5.887
 486500         ,      20.806,       5.135,       2.096,       4.522
 487000         ,      19.635,       6.492,       1.047,       5.624
 487500         ,      22.195,       5.123,       1.568,       4.342
 488000         ,      17.018,       6.688,       1.436,       6.505
 488500         ,      19.763,       6.559,       0.745,       5.748
 489000         ,      15.455,       9.100,       1.103,       8.621
 489500         ,      21.633,       6.008,       0.872,       5.242
 490000         ,      14.959,       8.307,       1.614,       7.678
 490500         ,      18.096,       5.776,       1.839,       5.278
 491000         ,      18.511,       6.252,       1.541,       5.632
 491500         ,      15.563,       7.722,       1.435,       6.602
 492000         ,      19.095,       6.074,       1.335,       6.033
 492500         ,      19.145,       6.535,       1.420,       5.289
 493000         ,      18.442,       7.199,       0.913,       6.743
 493500         ,      17.433,       6.684,       1.573,       6.197
 494000         ,      22.463,       6.157,       1.614,       5.349
 494500         ,      22.223,       6.038,       1.187,       4.996
 495000         ,      15.855,       7.555,       1.146,       7.840
 495500         ,      19.667,       5.674,       0.818,       5.167
 496000         ,      15.697,       7.293,       1.015,       7.634
 496500         ,      18.770,       6.785,       0.680,       5.936
 497000         ,      20.067,       7.340,       1.081,       5.733
 497500         ,      17.093,       7.967,       1.019,       6.955
 498000         ,      21.328,       5.966,       0.837,       5.271
 498500         ,      20.008,       6.373,       0.708,       5.943
 499000         ,      21.705,       5.543,       0.896,       5.288
 499500         ,      21.322,       5.536,       1.161,       5.002
 500000         ,      20.116,       5.704,       1.176,       4.718
